VERTICES = 47
;

DISTANCE_MATRIX = 
0	0	0.0
0	1	1.5280751031353355
0	2	5.362967572521681
0	3	3.9857206498558764
0	4	5.863409242830429
0	5	4.5420860127232885
0	6	8.769316524845472
0	7	7.608499595371502
0	8	9.935439054870312
0	9	8.73720707808113
0	10	8.380451090594153
0	11	7.760885479232416
0	12	9.891683471290776
0	13	10.20656464211866
0	14	9.126853525575633
0	15	10.75972068853051
0	16	14.934067148100244
0	17	13.838760280786012
0	18	15.4376223984995
0	19	14.278595933221542
0	20	16.78214678855084
0	21	15.638603766364472
0	22	18.30281115821424
0	23	16.839652628649084
0	24	18.955660403820758
0	25	17.907836936633505
0	26	19.69151474169704
0	27	18.43504635063449
0	28	22.497915514382164
0	29	20.877173808352605
0	30	18.02422782387525
0	31	17.11184085939233
0	32	14.51989007659932
0	33	13.900324465237583
0	34	14.199044746797341
0	35	11.16557363297781
0	36	8.600927793792186
0	37	6.680048240431768
0	38	6.262206843481143
0	39	5.43602625515837
0	40	3.7427320169888025
0	41	5.956138418725955
0	42	12.46059129589498
0	43	11.36228639221904
0	44	18.142355188178996
0	45	16.48643671747711
0	46	11.252585588578544
1	0	1.5280751031353355
1	1	0.0
1	2	3.8348924693863458
1	3	2.4576455467205407
1	4	4.335334139695094
1	5	3.0140109095879533
1	6	7.2412414217101375
1	7	6.080424492236165
1	8	8.407363951734975
1	9	7.209131974945796
1	10	6.852375987458818
1	11	6.23281037609708
1	12	8.363608368155441
1	13	8.678489538983325
1	14	7.598778422440297
1	15	9.231645585395174
1	16	13.40599204496491
1	17	12.310685177650676
1	18	13.909547295364163
1	19	12.750520830086208
1	20	15.254071685415504
1	21	14.110528663229136
1	22	16.774736055078904
1	23	15.31157752551375
1	24	17.427585300685422
1	25	16.37976183349817
1	26	18.163439638561705
1	27	16.906971247499158
1	28	20.969840411246828
1	29	19.349098705217273
1	30	16.496152720739918
1	31	15.583765756256998
1	32	12.991814973463985
1	33	12.372249362102249
1	34	12.670969643662007
1	35	9.637498529842476
1	36	7.072852690656851
1	37	5.151973137296433
1	38	4.734131740345807
1	39	3.907951152023035
1	40	2.214656913853467
1	41	4.42806331559062
1	42	10.932516192759646
1	43	9.834211289083706
1	44	16.614280085043664
1	45	14.958361614341774
1	46	9.724510485443208
2	0	5.362967572521681
2	1	3.8348924693863458
2	2	0.0
2	3	1.3772469226658048
2	4	3.2570196790912203
2	5	1.9356964489840798
2	6	6.212263612881643
2	7	5.051446683407672
2	8	7.378386142906482
2	9	6.180154166117301
2	10	5.823398178630324
2	11	5.203832567268586
2	12	7.334630559326946
2	13	7.64951173015483
2	14	6.569800613611803
2	15	8.202667776566681
2	16	12.377014236136414
2	17	11.281707368822183
2	18	12.88056948653567
2	19	11.721543021257713
2	20	14.22509387658701
2	21	13.081550854400643
2	22	15.74575824625041
2	23	14.282599716685255
2	24	16.39860749185693
2	25	15.350784024669673
2	26	17.134461829733212
2	27	15.87799343867066
2	28	19.940862602418335
2	29	18.320120896388776
2	30	15.467174911911421
2	31	14.554787947428501
2	32	11.962837164635491
2	33	11.343271553273754
2	34	11.641991834833512
2	35	8.608520721013981
2	36	6.043874881828357
2	37	4.122995328467939
2	38	3.8176423547827256
2	39	2.9914617664599525
2	40	1.8111782264682459
2	41	3.399085506762126
2	42	9.903538383931151
2	43	8.805233480255211
2	44	15.585302276215167
2	45	13.929383805513279
2	46	8.695532676614715
3	0	3.9857206498558764
3	1	2.4576455467205407
3	2	1.3772469226658048
3	3	0.0
3	4	1.8797727564254156
3	5	0.5584495263182748
3	6	4.835016690215838
3	7	3.6741997607418666
3	8	6.0011392202406775
3	9	4.8029072434514966
3	10	4.446151255964519
3	11	3.8265856446027806
3	12	5.957383636661142
3	13	6.272264807489025
3	14	5.1925536909459975
3	15	6.8254208539008765
3	16	10.99976731347061
3	17	9.904460446156376
3	18	11.503322563869864
3	19	10.344296098591908
3	20	12.847846953921204
3	21	11.704303931734836
3	22	14.368511323584604
3	23	12.90535279401945
3	24	15.021360569191124
3	25	13.973537102003869
3	26	15.757214907067407
3	27	14.500746516004856
3	28	18.56361567975253
3	29	16.94287397372297
3	30	14.089927989245616
3	31	13.177541024762697
3	32	10.585590241969685
3	33	9.966024630607949
3	34	10.264744912167707
3	35	7.231273798348177
3	36	4.666627959162552
3	37	2.745748405802134
3	38	2.440395432116921
3	39	1.614214843794148
3	40	0.43393130380244094
3	41	2.021838584096321
3	42	8.526291461265346
3	43	7.427986557589406
3	44	14.208055353549362
3	45	12.552136882847474
3	46	7.318285753948908
4	0	5.863409242830429
4	1	4.335334139695094
4	2	3.2570196790912203
4	3	1.8797727564254156
4	4	0.0
4	5	1.3213232301071407
4	6	5.614594590418196
4	7	4.453777660944224
4	8	6.780717120443035
4	9	5.582485143653855
4	10	5.225729156166877
4	11	4.606163544805139
4	12	6.7369615368635
4	13	7.051842707691383
4	14	5.972131591148356
4	15	7.604998754103234
4	16	11.779345213672968
4	17	10.684038346358735
4	18	12.282900464072222
4	19	11.123873998794267
4	20	13.627424854123563
4	21	12.483881831937195
4	22	15.148089223786963
4	23	13.684930694221809
4	24	15.800938469393483
4	25	14.753115002206227
4	26	16.536792807269766
4	27	15.280324416207215
4	28	19.34319357995489
4	29	17.72245187392533
4	30	14.869505889447975
4	31	13.957118924965055
4	32	11.365168142172044
4	33	10.745602530810306
4	34	11.044322812370066
4	35	8.010851698550535
4	36	5.44620585936491
4	37	3.525326306004492
4	38	3.298137946509261
4	39	2.4719573581864878
4	40	2.1949497887582217
4	41	2.801416484298679
4	42	9.305869361467705
4	43	8.207564457791765
4	44	14.98763325375172
4	45	13.331714783049833
4	46	8.097863654151267
5	0	4.5420860127232885
5	1	3.0140109095879533
5	2	1.9356964489840798
5	3	0.5584495263182748
5	4	1.3213232301071407
5	5	0.0
5	6	4.2932713603110555
5	7	3.1324544308370843
5	8	5.459393890335894
5	9	4.261161913546714
5	10	3.904405926059736
5	11	3.2848403146979983
5	12	5.415638306756359
5	13	5.7305194775842425
5	14	4.650808361041215
5	15	6.283675523996093
5	16	10.458021983565828
5	17	9.362715116251595
5	18	10.961577233965082
5	19	9.802550768687126
5	20	12.306101624016422
5	21	11.162558601830055
5	22	13.826765993679823
5	23	12.363607464114668
5	24	14.479615239286343
5	25	13.431791772099087
5	26	15.215469577162626
5	27	13.959001186100075
5	28	18.02187034984775
5	29	16.40112864381819
5	30	13.548182659340835
5	31	12.635795694857915
5	32	10.043844912064904
5	33	9.424279300703166
5	34	9.722999582262926
5	35	6.689528468443394
5	36	4.124882629257769
5	37	2.2040030758973512
5	38	1.97681471640212
5	39	1.150634128079347
5	40	0.8736265586510809
5	41	1.4800932541915384
5	42	7.984546131360563
5	43	6.886241227684624
5	44	13.66631002364458
5	45	12.010391552942693
5	46	6.776540424044126
6	0	8.769316524845472
6	1	7.2412414217101375
6	2	6.212263612881643
6	3	4.835016690215838
6	4	5.614594590418196
6	5	4.2932713603110555
6	6	0.0
6	7	1.1608169294739714
6	8	3.8288163481236173
6	9	2.630584371334437
6	10	3.3442802661318973
6	11	2.7247146547701595
6	12	3.8234124908728306
6	13	4.138293661700714
6	14	3.058582545157687
6	15	4.691449708112565
6	16	9.04705083974473
6	17	7.951743972430496
6	18	9.557267914777814
6	19	8.398241449499858
6	20	10.918494260878054
6	21	9.774951238691687
6	22	12.546866923401762
6	23	11.083708393836607
6	24	13.281103658171304
6	25	12.23328019098405
6	26	14.016957996047589
6	27	12.760489604985038
6	28	16.82335876873271
6	29	15.202617062703153
6	30	12.349671078225798
6	31	11.43728411374288
6	32	8.884558294731375
6	33	8.264992683369638
6	34	8.653974664495642
6	35	5.620503550676112
6	36	4.538334929797245
6	37	2.6174553764368276
6	38	4.284379562288233
6	39	3.45819897396546
6	40	5.027209763914827
6	41	2.8131781061195174
6	42	6.519749432367
6	43	5.421444528691061
6	44	12.467798442529546
6	45	10.811879971827656
6	46	5.483706814784399
7	0	7.608499595371502
7	1	6.080424492236165
7	2	5.051446683407672
7	3	3.6741997607418666
7	4	4.453777660944224
7	5	3.1324544308370843
7	6	1.1608169294739714
7	7	0.0
7	8	2.667999418649646
7	9	1.4697674418604656
7	10	2.1834633366579257
7	11	1.5638977252961879
7	12	2.6625955613988594
7	13	2.9774767322267426
7	14	1.8977656156837155
7	15	3.5306327786385934
7	16	7.886233910270759
7	17	6.7909270429565245
7	18	8.396450985303842
7	19	7.237424520025886
7	20	9.757677331404082
7	21	8.614134309217715
7	22	11.386049993927788
7	23	9.922891464362635
7	24	12.120286728697334
7	25	11.072463261510078
7	26	12.856141066573617
7	27	11.599672675511066
7	28	15.66254183925874
7	29	14.04180013322918
7	30	11.188854148751826
7	31	10.276467184268906
7	32	7.723741365257403
7	33	7.104175753895666
7	34	7.493157735021671
7	35	4.459686621202141
7	36	3.377518000323274
7	37	1.4566384469628562
7	38	3.1235626328142616
7	39	2.2973820444914885
7	40	3.866392834440856
7	41	1.6523611766455457
7	42	5.35893250289303
7	43	4.26062759921709
7	44	11.306981513055572
7	45	9.651063042353684
7	46	4.322889885310428
8	0	9.935439054870312
8	1	8.407363951734975
8	2	7.378386142906482
8	3	6.0011392202406775
8	4	6.780717120443035
8	5	5.459393890335894
8	6	3.8288163481236173
8	7	2.667999418649646
8	8	0.0
8	9	1.1982319767891805
8	10	3.282374823798781
8	11	2.6628092124370433
8	12	2.391373157228839
8	13	2.706254328056722
8	14	1.6265432115136953
8	15	3.2594103744685734
8	16	7.614761799135013
8	17	6.519454931820778
8	18	8.124970363726305
8	19	6.96594389844835
8	20	9.486179065416321
8	21	8.342636043229954
8	22	11.1188979479989
8	23	9.655739418433747
8	24	11.86459402594593
8	25	10.816770558758675
8	26	12.600448363822213
8	27	11.343979972759662
8	28	15.406849136507336
8	29	13.786107430477777
8	30	10.933161446000423
8	31	10.020774481517503
8	32	7.485349666933361
8	33	6.865784055571623
8	34	7.326848367230864
8	35	4.293377253411334
8	36	5.957342379411989
8	37	4.0364628260515705
8	38	5.450502092313072
8	39	4.6243215039902985
8	40	6.193332293939666
8	41	3.979300636144356
8	42	5.08748260587523
8	43	3.98917770219929
8	44	11.051288810304168
8	45	9.39537033960228
8	46	4.073839467807609
9	0	8.73720707808113
9	1	7.209131974945796
9	2	6.180154166117301
9	3	4.8029072434514966
9	4	5.582485143653855
9	5	4.261161913546714
9	6	2.630584371334437
9	7	1.4697674418604656
9	8	1.1982319767891805
9	9	0.0
9	10	2.084142847009601
9	11	1.464577235647863
9	12	1.1931411804396588
9	13	1.5080223512675417
9	14	0.4283112347245149
9	15	2.061178397679393
9	16	6.416529822345832
9	17	5.3212229550315975
9	18	6.926738386937124
9	19	5.76771192165917
9	20	8.28794708862714
9	21	7.144404066440773
9	22	9.920665971209718
9	23	8.457507441644566
9	24	10.66636204915675
9	25	9.618538581969494
9	26	11.402216387033032
9	27	10.145747995970481
9	28	14.208617159718155
9	29	12.587875453688596
9	30	9.734929469211242
9	31	8.822542504728322
9	32	6.287117690144181
9	33	5.667552078782443
9	34	6.1286163904416835
9	35	3.095145276622153
9	36	4.759110402622808
9	37	2.8382308492623896
9	38	4.252270115523892
9	39	3.4260895272011185
9	40	4.995100317150486
9	41	2.7810686593551757
9	42	3.889250629086049
9	43	2.7909457254101095
9	44	9.853056833514987
9	45	8.1971383628131
9	46	2.875607491018428
10	0	8.380451090594153
10	1	6.852375987458818
10	2	5.823398178630324
10	3	4.446151255964519
10	4	5.225729156166877
10	5	3.904405926059736
10	6	3.3442802661318973
10	7	2.1834633366579257
10	8	3.282374823798781
10	9	2.084142847009601
10	10	0.0
10	11	0.6195656113617378
10	12	3.0928861094505335
10	13	3.4077672802784167
10	14	2.32805616373539
10	15	3.960923326690268
10	16	7.825473787095603
10	17	6.730166919781368
10	18	8.324997544819377
10	19	7.165971079541421
10	20	9.660777573749453
10	21	8.517234551563085
10	22	11.163966732620725
10	23	9.700808203055571
10	24	11.81439052741458
10	25	10.766567060227327
10	26	12.550244865290866
10	27	11.293776474228315
10	28	15.356645637975987
10	29	13.73590393194643
10	30	10.882957947469075
10	31	9.970570982986157
10	32	7.378694295245091
10	33	6.759128683883353
10	34	7.058145348661002
10	35	4.024674234841472
10	36	4.7536950040468895
10	37	2.832815450686472
10	38	3.895514128036914
10	39	3.069333539714141
10	40	4.638344329663508
10	41	2.424312671868198
10	42	5.400698689685598
10	43	4.302393786009658
10	44	11.001085311772822
10	45	9.345166841070933
10	46	4.133284379013803
11	0	7.760885479232416
11	1	6.23281037609708
11	2	5.203832567268586
11	3	3.8265856446027806
11	4	4.606163544805139
11	5	3.2848403146979983
11	6	2.7247146547701595
11	7	1.5638977252961879
11	8	2.6628092124370433
11	9	1.464577235647863
11	10	0.6195656113617378
11	11	0.0
11	12	2.4733204980887957
11	13	2.7882016689166784
11	14	1.7084905523736518
11	15	3.3413577153285297
11	16	7.205908175733865
11	17	6.11060130841963
11	18	7.705431933457638
11	19	6.5464054681796835
11	20	9.041211962387717
11	21	7.897668940201348
11	22	10.544401121258986
11	23	9.081242591693833
11	24	11.194824916052845
11	25	10.14700144886559
11	26	11.930679253929128
11	27	10.674210862866577
11	28	14.737080026614251
11	29	13.116338320584692
11	30	10.263392336107337
11	31	9.351005371624417
11	32	6.759128683883353
11	33	6.139563072521615
11	34	6.438579737299264
11	35	3.4051086234797334
11	36	4.134129392685152
11	37	2.213249839324734
11	38	3.275948516675176
11	39	2.4497679283524025
11	40	4.01877871830177
11	41	1.80474706050646
11	42	4.781133078323859
11	43	3.6828281746479195
11	44	10.381519700411083
11	45	8.725601229709195
11	46	3.513718767652066
12	0	9.891683471290776
12	1	8.363608368155441
12	2	7.334630559326946
12	3	5.957383636661142
12	4	6.7369615368635
12	5	5.415638306756359
12	6	3.8234124908728306
12	7	2.6625955613988594
12	8	2.391373157228839
12	9	1.1931411804396588
12	10	3.0928861094505335
12	11	2.4733204980887957
12	12	0.0
12	13	0.7371762886012635
12	14	0.7648299457151438
12	15	1.2903323350131144
12	16	6.753301547034941
12	17	5.657994679720707
12	18	7.2635209422770854
12	19	6.104494476999131
12	20	8.624755109737679
12	21	7.48121208755131
12	22	10.260825356561803
12	23	8.797666826996648
12	24	11.012155216053852
12	25	9.964331748866599
12	26	11.748009553930137
12	27	10.491541162867586
12	28	14.554410326615258
12	29	12.933668620585701
12	30	10.080722636108346
12	31	9.168335671625428
12	32	6.641913288740378
12	33	6.02234767737864
12	34	6.526341858012798
12	35	3.492870744193268
12	36	5.94471126072328
12	37	4.023831707362862
12	38	5.406746508733537
12	39	4.580565920410764
12	40	6.149576710360131
12	41	3.935545052564821
12	42	4.225998792588332
12	43	3.127693888912393
12	44	10.198850000412094
12	45	8.542931529710204
12	46	3.2288051094201933
13	0	10.20656464211866
13	1	8.678489538983325
13	2	7.64951173015483
13	3	6.272264807489025
13	4	7.051842707691383
13	5	5.7305194775842425
13	6	4.138293661700714
13	7	2.9774767322267426
13	8	2.706254328056722
13	9	1.5080223512675417
13	10	3.4077672802784167
13	11	2.7882016689166784
13	12	0.7371762886012635
13	13	0.0
13	14	1.0797111165430269
13	15	0.553156046411851
13	16	7.0681827178628245
13	17	5.97287585054859
13	18	7.578402113104969
13	19	6.419375647827014
13	20	8.93963628056556
13	21	7.796093258379193
13	22	10.575706527389684
13	23	9.112547997824532
13	24	11.327036386881737
13	25	10.279212919694482
13	26	12.06289072475802
13	27	10.806422333695469
13	28	14.869291497443143
13	29	13.248549791413584
13	30	10.39560380693623
13	31	9.48321684245331
13	32	6.956794459568261
13	33	6.337228848206523
13	34	6.841223028840681
13	35	3.807751915021151
13	36	6.259592431551163
13	37	4.338712878190745
13	38	5.72162767956142
13	39	4.895447091238648
13	40	6.4644578811880145
13	41	4.250426223392704
13	42	4.540879963416216
13	43	3.442575059740276
13	44	10.513731171239975
13	45	8.857812700538087
13	46	3.5436862802480764
14	0	9.126853525575633
14	1	7.598778422440297
14	2	6.569800613611803
14	3	5.1925536909459975
14	4	5.972131591148356
14	5	4.650808361041215
14	6	3.058582545157687
14	7	1.8977656156837155
14	8	1.6265432115136953
14	9	0.4283112347245149
14	10	2.32805616373539
14	11	1.7084905523736518
14	12	0.7648299457151438
14	13	1.0797111165430269
14	14	0.0
14	15	1.6328671629548779
14	16	5.988471601319797
14	17	4.893164734005563
14	18	6.498690996561941
14	19	5.3396645312839865
14	20	7.859925164022535
14	21	6.716382141836166
14	22	9.495995410846657
14	23	8.032836881281504
14	24	10.24732527033871
14	25	9.199501803151454
14	26	10.983179608214993
14	27	9.726711217152442
14	28	13.789580380900116
14	29	12.168838674870557
14	30	9.315892690393202
14	31	8.403505725910282
14	32	5.877083343025234
14	33	5.257517731663496
14	34	5.761511912297655
14	35	2.728040798478124
14	36	5.179881315008136
14	37	3.2590017616477183
14	38	4.641916563018393
14	39	3.81573597469562
14	40	5.384746764644987
14	41	3.170715106849677
14	42	3.4611688468731887
14	43	2.362863943197249
14	44	9.434020054696948
14	45	7.77810158399506
14	46	2.4639751637050495
15	0	10.75972068853051
15	1	9.231645585395174
15	2	8.202667776566681
15	3	6.8254208539008765
15	4	7.604998754103234
15	5	6.283675523996093
15	6	4.691449708112565
15	7	3.5306327786385934
15	8	3.2594103744685734
15	9	2.061178397679393
15	10	3.960923326690268
15	11	3.3413577153285297
15	12	1.2903323350131144
15	13	0.553156046411851
15	14	1.6328671629548779
15	15	0.0
15	16	7.621338764274675
15	17	6.526031896960441
15	18	8.13155815951682
15	19	6.972531694238865
15	20	9.492792326977412
15	21	8.349249304791044
15	22	11.128862573801534
15	23	9.665704044236382
15	24	11.880192433293587
15	25	10.832368966106332
15	26	12.61604677116987
15	27	11.359578380107319
15	28	15.422447543854993
15	29	13.801705837825434
15	30	10.94875985334808
15	31	10.03637288886516
15	32	7.509950505980112
15	33	6.890384894618374
15	34	7.394379075252532
15	35	4.360907961433002
15	36	6.812748477963014
15	37	4.891868924602596
15	38	6.274783725973271
15	39	5.4486031376504975
15	40	7.017613927599865
15	41	4.803582269804555
15	42	5.094036009828066
15	43	3.9957311061521272
15	44	11.066887217651825
15	45	9.410968746949937
15	46	4.096842326659927
16	0	14.934067148100244
16	1	13.40599204496491
16	2	12.377014236136414
16	3	10.99976731347061
16	4	11.779345213672968
16	5	10.458021983565828
16	6	9.04705083974473
16	7	7.886233910270759
16	8	7.614761799135013
16	9	6.416529822345832
16	10	7.825473787095603
16	11	7.205908175733865
16	12	6.753301547034941
16	13	7.0681827178628245
16	14	5.988471601319797
16	15	7.621338764274675
16	16	0.0
16	17	1.0953068673142343
16	18	2.7008449604991664
16	19	1.5418184952212115
16	20	4.062105703454092
16	21	2.9185626812677237
16	22	5.757708141244303
16	23	4.29454961167915
16	24	6.65144531208542
16	25	5.603621844898166
16	26	7.387299649961704
16	27	6.130831258899153
16	28	10.193700422646826
16	29	8.572958716617268
16	30	5.720012732139914
16	31	4.807625767656994
16	32	3.122569776389605
16	33	2.503004165027867
16	34	7.052610045851523
16	35	4.019138932031993
16	36	11.124826792214101
16	37	9.203947238853683
16	38	10.449130185543005
16	39	9.622949597220233
16	40	11.1919603871696
16	41	8.97792872937429
16	42	4.723912727658021
16	43	3.6256078239820813
16	44	5.838140096443659
16	45	4.182221625741771
16	46	3.694703560641493
17	0	13.838760280786012
17	1	12.310685177650676
17	2	11.281707368822183
17	3	9.904460446156376
17	4	10.684038346358735
17	5	9.362715116251595
17	6	7.951743972430496
17	7	6.7909270429565245
17	8	6.519454931820778
17	9	5.3212229550315975
17	10	6.730166919781368
17	11	6.11060130841963
17	12	5.657994679720707
17	13	5.97287585054859
17	14	4.893164734005563
17	15	6.526031896960441
17	16	1.0953068673142343
17	17	0.0
17	18	1.6055380931849321
17	19	0.4465116279069772
17	20	2.966798836139857
17	21	1.8232558139534891
17	22	4.662401273930069
17	23	3.199242744364916
17	24	5.556138444771185
17	25	4.5083149775839315
17	26	6.291992782647469
17	27	5.035524391584918
17	28	9.098393555332592
17	29	7.477651849303033
17	30	4.624705864825678
17	31	3.7123189003427592
17	32	2.027262909075371
17	33	1.4076972977136328
17	34	5.957303178537289
17	35	2.9238320647177587
17	36	10.029519924899867
17	37	8.10864037153945
17	38	9.353823318228772
17	39	8.527642729905999
17	40	10.096653519855366
17	41	7.882621862060056
17	42	3.6286058603437867
17	43	2.530300956667847
17	44	4.742833229129425
17	45	3.086914758427536
17	46	2.5993966933272588
18	0	15.4376223984995
18	1	13.909547295364163
18	2	12.88056948653567
18	3	11.503322563869864
18	4	12.282900464072222
18	5	10.961577233965082
18	6	9.557267914777814
18	7	8.396450985303842
18	8	8.124970363726305
18	9	6.926738386937124
18	10	8.324997544819377
18	11	7.705431933457638
18	12	7.2635209422770854
18	13	7.578402113104969
18	14	6.498690996561941
18	15	8.13155815951682
18	16	2.7008449604991664
18	17	1.6055380931849321
18	18	0.0
18	19	1.159026465277955
18	20	3.6793136735108347
18	21	2.5357706513244667
18	22	5.389841816668465
18	23	3.9266832871033115
18	24	6.3213657864592205
18	25	5.273542319271967
18	26	7.057220124335505
18	27	5.8007517332729535
18	28	9.863620897020628
18	29	8.242879190991069
18	30	5.389933206513714
18	31	4.477546242030795
18	32	3.198042834608993
18	33	2.5784772232472553
18	34	7.512789355390462
18	35	4.479318241570931
18	36	11.633271724601489
18	37	9.71239217124107
18	38	10.952685435942259
18	39	10.126504847619486
18	40	11.695515637568853
18	41	9.481483979773543
18	42	5.234133693967532
18	43	4.135828790291592
18	44	5.50806057081746
18	45	3.8521421001155716
18	46	4.192041126307206
19	0	14.278595933221542
19	1	12.750520830086208
19	2	11.721543021257713
19	3	10.344296098591908
19	4	11.123873998794267
19	5	9.802550768687126
19	6	8.398241449499858
19	7	7.237424520025886
19	8	6.96594389844835
19	9	5.76771192165917
19	10	7.165971079541421
19	11	6.5464054681796835
19	12	6.104494476999131
19	13	6.419375647827014
19	14	5.3396645312839865
19	15	6.972531694238865
19	16	1.5418184952212115
19	17	0.4465116279069772
19	18	1.159026465277955
19	19	0.0
19	20	2.52028720823288
19	21	1.376744186046512
19	22	4.230815351390509
19	23	2.7676568218253563
19	24	5.162339321181266
19	25	4.114515853994011
19	26	5.898193659057549
19	27	4.641725267994999
19	28	8.704594431742672
19	29	7.083852725713113
19	30	4.230906741235759
19	31	3.3185197767528396
19	32	2.039016369331038
19	33	1.4194507579693003
19	34	6.353762890112506
19	35	3.3202917762929762
19	36	10.474245259323533
19	37	8.553365705963115
19	38	9.793658970664303
19	39	8.96747838234153
19	40	10.536489172290898
19	41	8.322457514495587
19	42	4.075107228689577
19	43	2.9768023250136375
19	44	4.349034105539506
19	45	2.6931156348376164
19	46	3.0330146610292514
20	0	16.78214678855084
20	1	15.254071685415504
20	2	14.22509387658701
20	3	12.847846953921204
20	4	13.627424854123563
20	5	12.306101624016422
20	6	10.918494260878054
20	7	9.757677331404082
20	8	9.486179065416321
20	9	8.28794708862714
20	10	9.660777573749453
20	11	9.041211962387717
20	12	8.624755109737679
20	13	8.93963628056556
20	14	7.859925164022535
20	15	9.492792326977412
20	16	4.062105703454092
20	17	2.966798836139857
20	18	3.6793136735108347
20	19	2.52028720823288
20	20	0.0
20	21	1.143543022186368
20	22	4.099949379533558
20	23	2.6367908499684045
20	24	5.269521079573231
20	25	4.221697612385977
20	26	6.005375417449515
20	27	4.748907026386965
20	28	8.811776190134637
20	29	7.191034484105079
20	30	4.338088499627725
20	31	3.425701535144805
20	32	3.9142601105768087
20	33	3.294694499215071
20	34	8.777820611739237
20	35	5.744349497919707
20	36	12.990034484568996
20	37	11.069154931208578
20	38	12.2972098259936
20	39	11.471029237670827
20	40	13.040040027620194
20	41	10.826008369824883
20	42	6.595376051301956
20	43	5.497071147626016
20	44	4.456215863931471
20	45	2.800297393229582
20	46	5.5298632681513435
21	0	15.638603766364472
21	1	14.110528663229136
21	2	13.081550854400643
21	3	11.704303931734836
21	4	12.483881831937195
21	5	11.162558601830055
21	6	9.774951238691687
21	7	8.614134309217715
21	8	8.342636043229954
21	9	7.144404066440773
21	10	8.517234551563085
21	11	7.897668940201348
21	12	7.48121208755131
21	13	7.796093258379193
21	14	6.716382141836166
21	15	8.349249304791044
21	16	2.9185626812677237
21	17	1.8232558139534891
21	18	2.5357706513244667
21	19	1.376744186046512
21	20	1.143543022186368
21	21	0.0
21	22	2.95640635734719
21	23	1.4932478277820365
21	24	4.125978057386863
21	25	3.0781545901996092
21	26	4.861832395263147
21	27	3.605364004200596
21	28	7.668233167948269
21	29	6.047491461918711
21	30	3.1945454774413564
21	31	2.2821585129584374
21	32	2.7707170883904406
21	33	2.151151477028703
21	34	7.634277589552869
21	35	4.6008064757333385
21	36	11.846491462382629
21	37	9.92561190902221
21	38	11.153666803807232
21	39	10.327486215484459
21	40	11.896497005433826
21	41	9.682465347638516
21	42	5.451833029115587
21	43	4.353528125439648
21	44	3.312672841745103
21	45	1.656754371043214
21	46	4.386320245964976
22	0	18.30281115821424
22	1	16.774736055078904
22	2	15.74575824625041
22	3	14.368511323584604
22	4	15.148089223786963
22	5	13.826765993679823
22	6	12.546866923401762
22	7	11.386049993927788
22	8	11.1188979479989
22	9	9.920665971209718
22	10	11.163966732620725
22	11	10.544401121258986
22	12	10.260825356561803
22	13	10.575706527389684
22	14	9.495995410846657
22	15	11.128862573801534
22	16	5.757708141244303
22	17	4.662401273930069
22	18	5.389841816668465
22	19	4.230815351390509
22	20	4.099949379533558
22	21	2.95640635734719
22	22	0.0
22	23	1.4631585295651535
22	24	4.615454206631996
22	25	3.567630739444742
22	26	5.35130854450828
22	27	4.094840153445729
22	28	8.157709317193401
22	29	6.536967611163844
22	30	3.6840216266864894
22	31	2.77163466220357
22	32	5.071363166196417
22	33	4.4517975548346795
22	34	10.191962812098353
22	35	7.158491698278824
22	36	14.56544890983124
22	37	12.644569356470821
22	38	13.817874195657
22	39	12.991693607334227
22	40	14.560704397283594
22	41	12.346672739488284
22	42	8.247581756847161
22	43	7.149276853171221
22	44	3.8021489909902355
22	45	2.1462305202883467
22	46	7.0825331880294184
23	0	16.839652628649084
23	1	15.31157752551375
23	2	14.282599716685255
23	3	12.90535279401945
23	4	13.684930694221809
23	5	12.363607464114668
23	6	11.083708393836607
23	7	9.922891464362635
23	8	9.655739418433747
23	9	8.457507441644566
23	10	9.700808203055571
23	11	9.081242591693833
23	12	8.797666826996648
23	13	9.112547997824532
23	14	8.032836881281504
23	15	9.665704044236382
23	16	4.29454961167915
23	17	3.199242744364916
23	18	3.9266832871033115
23	19	2.7676568218253563
23	20	2.6367908499684045
23	21	1.4932478277820365
23	22	1.4631585295651535
23	23	0.0
23	24	3.152295677066842
23	25	2.1044722098795887
23	26	3.8881500149431263
23	27	2.6316816238805756
23	28	6.694550787628248
23	29	5.07380908159869
23	30	2.220863097121336
23	31	1.3084761326384164
23	32	3.608204636631264
23	33	2.988639025269526
23	34	8.7288042825332
23	35	5.69533316871367
23	36	13.102290380266085
23	37	11.181410826905667
23	38	12.354715666091845
23	39	11.528535077769073
23	40	13.09754586771844
23	41	10.88351420992313
23	42	6.784423227282007
23	43	5.686118323606068
23	44	2.338990461425082
23	45	0.6830719907231932
23	46	5.619374658464265
24	0	18.955660403820758
24	1	17.427585300685422
24	2	16.39860749185693
24	3	15.021360569191124
24	4	15.800938469393483
24	5	14.479615239286343
24	6	13.281103658171304
24	7	12.120286728697334
24	8	11.86459402594593
24	9	10.66636204915675
24	10	11.81439052741458
24	11	11.194824916052845
24	12	11.012155216053852
24	13	11.327036386881737
24	14	10.24732527033871
24	15	11.880192433293587
24	16	6.65144531208542
24	17	5.556138444771185
24	18	6.3213657864592205
24	19	5.162339321181266
24	20	5.269521079573231
24	21	4.125978057386863
24	22	4.615454206631996
24	23	3.152295677066842
24	24	0.0
24	25	1.0478234671872535
24	26	2.843826741970734
24	27	1.5873583509081834
24	28	5.701066242732597
24	29	4.0803245367030385
24	30	3.0323614667752095
24	31	2.11997450229229
24	32	5.675103488302195
24	33	5.055537876940457
24	34	10.824145417097387
24	35	7.790674303277855
24	36	15.253977013832959
24	37	13.33309746047254
24	38	14.47072344126352
24	39	13.644542852940745
24	40	15.213553642890112
24	41	12.999521985094802
24	42	9.036441669949163
24	43	7.938136766273223
24	44	1.5129397462570213
24	45	2.469223686343649
24	46	7.79759707857423
25	0	17.907836936633505
25	1	16.37976183349817
25	2	15.350784024669673
25	3	13.973537102003869
25	4	14.753115002206227
25	5	13.431791772099087
25	6	12.23328019098405
25	7	11.072463261510078
25	8	10.816770558758675
25	9	9.618538581969494
25	10	10.766567060227327
25	11	10.14700144886559
25	12	9.964331748866599
25	13	10.279212919694482
25	14	9.199501803151454
25	15	10.832368966106332
25	16	5.603621844898166
25	17	4.5083149775839315
25	18	5.273542319271967
25	19	4.114515853994011
25	20	4.221697612385977
25	21	3.0781545901996092
25	22	3.567630739444742
25	23	2.1044722098795887
25	24	1.0478234671872535
25	25	0.0
25	26	1.7960032747834807
25	27	0.53953488372093
25	28	4.653242775545344
25	29	3.0325010695157855
25	30	1.984537999587956
25	31	1.0721510351050365
25	32	4.627280021114942
25	33	4.007714409753204
25	34	9.776321949910132
25	35	6.742850836090602
25	36	14.206153546645705
25	37	12.285273993285287
25	38	13.422899974076264
25	39	12.596719385753492
25	40	14.165730175702858
25	41	11.951698517907548
25	42	7.988618202761908
25	43	6.890313299085969
25	44	0.4651162790697677
25	45	1.4214002191563953
25	46	6.749773611386977
26	0	19.69151474169704
26	1	18.163439638561705
26	2	17.134461829733212
26	3	15.757214907067407
26	4	16.536792807269766
26	5	15.215469577162626
26	6	14.016957996047589
26	7	12.856141066573617
26	8	12.600448363822213
26	9	11.402216387033032
26	10	12.550244865290866
26	11	11.930679253929128
26	12	11.748009553930137
26	13	12.06289072475802
26	14	10.983179608214993
26	15	12.61604677116987
26	16	7.387299649961704
26	17	6.291992782647469
26	18	7.057220124335505
26	19	5.898193659057549
26	20	6.005375417449515
26	21	4.861832395263147
26	22	5.35130854450828
26	23	3.8881500149431263
26	24	2.843826741970734
26	25	1.7960032747834807
26	26	0.0
26	27	1.2564683910625507
26	28	5.37418717700051
26	29	3.7534454709709517
26	30	3.699872331280614
26	31	2.7874853667976947
26	32	6.41095782617848
26	33	5.791392214816742
26	34	11.55999975497367
26	35	8.52652864115414
26	36	15.989831351709244
26	37	14.068951798348825
26	38	15.206577779139803
26	39	14.38039719081703
26	40	15.949407980766397
26	41	13.735376322971087
26	42	9.772296007825446
26	43	8.673991104149508
26	44	1.71066580932241
26	45	3.205078024219933
26	46	8.533451416450514
27	0	18.43504635063449
27	1	16.906971247499158
27	2	15.87799343867066
27	3	14.500746516004856
27	4	15.280324416207215
27	5	13.959001186100075
27	6	12.760489604985038
27	7	11.599672675511066
27	8	11.343979972759662
27	9	10.145747995970481
27	10	11.293776474228315
27	11	10.674210862866577
27	12	10.491541162867586
27	13	10.806422333695469
27	14	9.726711217152442
27	15	11.359578380107319
27	16	6.130831258899153
27	17	5.035524391584918
27	18	5.8007517332729535
27	19	4.641725267994999
27	20	4.748907026386965
27	21	3.605364004200596
27	22	4.094840153445729
27	23	2.6316816238805756
27	24	1.5873583509081834
27	25	0.53953488372093
27	26	1.2564683910625507
27	27	0.0
27	28	4.117718785937959
27	29	2.496977079908401
27	30	2.4434039402180634
27	31	1.531016975735144
27	32	5.154489435115929
27	33	4.534923823754191
27	34	10.30353136391112
27	35	7.270060250091589
27	36	14.733362960646692
27	37	12.812483407286274
27	38	13.950109388077252
27	39	13.123928799754479
27	40	14.692939589703846
27	41	12.478907931908536
27	42	8.515827616762895
27	43	7.4175227130869565
27	44	0.4541974182598593
27	45	1.9486096331573823
27	46	7.276983025387963
28	0	22.497915514382164
28	1	20.969840411246828
28	2	19.940862602418335
28	3	18.56361567975253
28	4	19.34319357995489
28	5	18.02187034984775
28	6	16.82335876873271
28	7	15.66254183925874
28	8	15.406849136507336
28	9	14.208617159718155
28	10	15.356645637975987
28	11	14.737080026614251
28	12	14.554410326615258
28	13	14.869291497443143
28	14	13.789580380900116
28	15	15.422447543854993
28	16	10.193700422646826
28	17	9.098393555332592
28	18	9.863620897020628
28	19	8.704594431742672
28	20	8.811776190134637
28	21	7.668233167948269
28	22	8.157709317193401
28	23	6.694550787628248
28	24	5.701066242732597
28	25	4.653242775545344
28	26	5.37418717700051
28	27	4.117718785937959
28	28	0.0
28	29	1.6207417060295584
28	30	6.398824202625473
28	31	5.486437238142554
28	32	9.217358598863601
28	33	8.597792987501863
28	34	14.366400527658794
28	35	11.332929413839262
28	36	18.796232124394365
28	37	16.875352571033947
28	38	18.012978551824926
28	39	17.18679796350215
28	40	18.755808753451518
28	41	16.541777095656208
28	42	12.578696780510569
28	43	11.480391876834629
28	44	4.355878539752645
28	45	6.011478796905055
28	46	11.339852189135637
29	0	20.877173808352605
29	1	19.349098705217273
29	2	18.320120896388776
29	3	16.94287397372297
29	4	17.72245187392533
29	5	16.40112864381819
29	6	15.202617062703153
29	7	14.04180013322918
29	8	13.786107430477777
29	9	12.587875453688596
29	10	13.73590393194643
29	11	13.116338320584692
29	12	12.933668620585701
29	13	13.248549791413584
29	14	12.168838674870557
29	15	13.801705837825434
29	16	8.572958716617268
29	17	7.477651849303033
29	18	8.242879190991069
29	19	7.083852725713113
29	20	7.191034484105079
29	21	6.047491461918711
29	22	6.536967611163844
29	23	5.07380908159869
29	24	4.0803245367030385
29	25	3.0325010695157855
29	26	3.7534454709709517
29	27	2.496977079908401
29	28	1.6207417060295584
29	29	0.0
29	30	4.778082496595916
29	31	3.865695532112996
29	32	7.596616892834044
29	33	6.977051281472306
29	34	12.745658821629235
29	35	9.712187707809704
29	36	17.17549041836481
29	37	15.25461086500439
29	38	16.392236845795367
29	39	15.566056257472594
29	40	17.135067047421963
29	41	14.92103538962665
29	42	10.95795507448101
29	43	9.859650170805072
29	44	2.7351368337230864
29	45	4.390737090875497
29	46	9.719110483106078
30	0	18.02422782387525
30	1	16.496152720739918
30	2	15.467174911911421
30	3	14.089927989245616
30	4	14.869505889447975
30	5	13.548182659340835
30	6	12.349671078225798
30	7	11.188854148751826
30	8	10.933161446000423
30	9	9.734929469211242
30	10	10.882957947469075
30	11	10.263392336107337
30	12	10.080722636108346
30	13	10.39560380693623
30	14	9.315892690393202
30	15	10.94875985334808
30	16	5.720012732139914
30	17	4.624705864825678
30	18	5.389933206513714
30	19	4.230906741235759
30	20	4.338088499627725
30	21	3.1945454774413564
30	22	3.6840216266864894
30	23	2.220863097121336
30	24	3.0323614667752095
30	25	1.984537999587956
30	26	3.699872331280614
30	27	2.4434039402180634
30	28	6.398824202625473
30	29	4.778082496595916
30	30	0.0
30	31	0.9123869644829194
30	32	4.743670908356689
30	33	4.124105296994951
30	34	9.89271283715188
30	35	6.8592417233323495
30	36	14.322544433887453
30	37	12.401664880527035
30	38	13.539290861318012
30	39	12.71311027299524
30	40	14.282121062944606
30	41	12.068089405149296
30	42	8.105009090003655
30	43	7.006704186327717
30	44	2.0676743837394795
30	45	1.5377911063981426
30	46	6.866164498628724
31	0	17.11184085939233
31	1	15.583765756256998
31	2	14.554787947428501
31	3	13.177541024762697
31	4	13.957118924965055
31	5	12.635795694857915
31	6	11.43728411374288
31	7	10.276467184268906
31	8	10.020774481517503
31	9	8.822542504728322
31	10	9.970570982986157
31	11	9.351005371624417
31	12	9.168335671625428
31	13	9.48321684245331
31	14	8.403505725910282
31	15	10.03637288886516
31	16	4.807625767656994
31	17	3.7123189003427592
31	18	4.477546242030795
31	19	3.3185197767528396
31	20	3.425701535144805
31	21	2.2821585129584374
31	22	2.77163466220357
31	23	1.3084761326384164
31	24	2.11997450229229
31	25	1.0721510351050365
31	26	2.7874853667976947
31	27	1.531016975735144
31	28	5.486437238142554
31	29	3.865695532112996
31	30	0.9123869644829194
31	31	0.0
31	32	3.83128394387377
31	33	3.211718332512032
31	34	8.98032587266896
31	35	5.94685475884943
31	36	13.410157469404535
31	37	11.489277916044117
31	38	12.626903896835092
31	39	11.800723308512321
31	40	13.369734098461688
31	41	11.155702440666378
31	42	7.192622125520736
31	43	6.094317221844797
31	44	1.1552874192565603
31	45	0.6254041419152232
31	46	5.953777534145805
32	0	14.51989007659932
32	1	12.991814973463985
32	2	11.962837164635491
32	3	10.585590241969685
32	4	11.365168142172044
32	5	10.043844912064904
32	6	8.884558294731375
32	7	7.723741365257403
32	8	7.485349666933361
32	9	6.287117690144181
32	10	7.378694295245091
32	11	6.759128683883353
32	12	6.641913288740378
32	13	6.956794459568261
32	14	5.877083343025234
32	15	7.509950505980112
32	16	3.122569776389605
32	17	2.027262909075371
32	18	3.198042834608993
32	19	2.039016369331038
32	20	3.9142601105768087
32	21	2.7707170883904406
32	22	5.071363166196417
32	23	3.608204636631264
32	24	5.675103488302195
32	25	4.627280021114942
32	26	6.41095782617848
32	27	5.154489435115929
32	28	9.217358598863601
32	29	7.596616892834044
32	30	4.743670908356689
32	31	3.83128394387377
32	32	0.0
32	33	0.6195656113617378
32	34	6.388173558904354
32	35	3.354702445084824
32	36	10.826535733696923
32	37	8.905656180336505
32	38	10.03495311404208
32	39	9.208772525719308
32	40	10.777783315668675
32	41	8.563751657873365
32	42	4.763128556430812
32	43	3.664823652754872
32	44	4.861798272660435
32	45	3.2058798019585466
32	46	3.413114542393787
33	0	13.900324465237583
33	1	12.372249362102249
33	2	11.343271553273754
33	3	9.966024630607949
33	4	10.745602530810306
33	5	9.424279300703166
33	6	8.264992683369638
33	7	7.104175753895666
33	8	6.865784055571623
33	9	5.667552078782443
33	10	6.759128683883353
33	11	6.139563072521615
33	12	6.02234767737864
33	13	6.337228848206523
33	14	5.257517731663496
33	15	6.890384894618374
33	16	2.503004165027867
33	17	1.4076972977136328
33	18	2.5784772232472553
33	19	1.4194507579693003
33	20	3.294694499215071
33	21	2.151151477028703
33	22	4.4517975548346795
33	23	2.988639025269526
33	24	5.055537876940457
33	25	4.007714409753204
33	26	5.791392214816742
33	27	4.534923823754191
33	28	8.597792987501863
33	29	6.977051281472306
33	30	4.124105296994951
33	31	3.211718332512032
33	32	0.6195656113617378
33	33	0.0
33	34	5.768607947542616
33	35	2.7351368337230864
33	36	10.206970122335186
33	37	8.286090568974767
33	38	9.415387502680343
33	39	8.58920691435757
33	40	10.158217704306939
33	41	7.944186046511628
33	42	4.143562945069074
33	43	3.0452580413931343
33	44	4.242232661298697
33	45	2.586314190596809
33	46	2.793548931032049
34	0	14.199044746797341
34	1	12.670969643662007
34	2	11.641991834833512
34	3	10.264744912167707
34	4	11.044322812370066
34	5	9.722999582262926
34	6	8.653974664495642
34	7	7.493157735021671
34	8	7.326848367230864
34	9	6.1286163904416835
34	10	7.058145348661002
34	11	6.438579737299264
34	12	6.526341858012798
34	13	6.841223028840681
34	14	5.761511912297655
34	15	7.394379075252532
34	16	7.052610045851523
34	17	5.957303178537289
34	18	7.512789355390462
34	19	6.353762890112506
34	20	8.777820611739237
34	21	7.634277589552869
34	22	10.191962812098353
34	23	8.7288042825332
34	24	10.824145417097387
34	25	9.776321949910132
34	26	11.55999975497367
34	27	10.30353136391112
34	28	14.366400527658794
34	29	12.745658821629235
34	30	9.89271283715188
34	31	8.98032587266896
34	32	6.388173558904354
34	33	5.768607947542616
34	34	0.0
34	35	3.0334711138195303
34	36	10.522645369786702
34	37	8.601765816426283
34	38	9.714107784240102
34	39	8.88792719591733
34	40	10.456937985866697
34	41	8.242906328071387
34	42	5.545851899591087
34	43	4.447546995915148
34	44	10.010840201455625
34	45	8.354921730753738
34	46	3.797168816211113
35	0	11.16557363297781
35	1	9.637498529842476
35	2	8.608520721013981
35	3	7.231273798348177
35	4	8.010851698550535
35	5	6.689528468443394
35	6	5.620503550676112
35	7	4.459686621202141
35	8	4.293377253411334
35	9	3.095145276622153
35	10	4.024674234841472
35	11	3.4051086234797334
35	12	3.492870744193268
35	13	3.807751915021151
35	14	2.728040798478124
35	15	4.360907961433002
35	16	4.019138932031993
35	17	2.9238320647177587
35	18	4.479318241570931
35	19	3.3202917762929762
35	20	5.744349497919707
35	21	4.6008064757333385
35	22	7.158491698278824
35	23	5.69533316871367
35	24	7.790674303277855
35	25	6.742850836090602
35	26	8.52652864115414
35	27	7.270060250091589
35	28	11.332929413839262
35	29	9.712187707809704
35	30	6.8592417233323495
35	31	5.94685475884943
35	32	3.354702445084824
35	33	2.7351368337230864
35	34	3.0334711138195303
35	35	0.0
35	36	7.48917425596717
35	37	5.568294702606752
35	38	6.680636670420572
35	39	5.8544560820977996
35	40	7.423466872047166
35	41	5.209435214251856
35	42	2.5123807857715565
35	43	1.4140758820956172
35	44	6.977369087636095
35	45	5.321450616934206
35	46	0.763697702391583
36	0	8.600927793792186
36	1	7.072852690656851
36	2	6.043874881828357
36	3	4.666627959162552
