VERTICES = 71
;

DISTANCE_MATRIX = 
0	0	0.0
0	1	2.4555007816917693
0	2	14.922145568944416
0	3	13.493211893475577
0	4	14.85918156430111
0	5	13.514514957128743
0	6	13.303743822570283
0	7	11.694967448358433
0	8	14.140267213287117
0	9	12.665410372023459
0	10	6.685418726489372
0	11	4.954700781691768
0	12	7.54939803871987
0	13	6.450612025784584
0	14	7.7464894555334745
0	15	7.519289455533475
0	16	9.475733111116899
0	17	7.07545235716794
0	18	14.401321887786128
0	19	13.63458032622694
0	20	16.39150121940585
0	21	15.313796992820468
0	22	17.29738409024062
0	23	15.772809826898737
0	24	20.49097547041627
0	25	18.475486787463396
0	26	23.375691283370173
0	27	21.556120129987537
0	28	25.337553880929704
0	29	24.083372380685198
0	30	26.735409235336917
0	31	25.091367819259517
0	32	29.16420835523165
0	33	27.492490441759934
0	34	33.91603775784819
0	35	33.55680301565306
0	36	36.56114364585594
0	37	33.865951890979204
0	38	34.12867182668341
0	39	32.49030932711257
0	40	36.973883234576455
0	41	35.017601664295164
0	42	33.227997167802165
0	43	31.746834381340125
0	44	35.20120073687942
0	45	33.913734070212755
0	46	36.733478076754935
0	47	35.36817599377923
0	48	28.27894949825542
0	49	26.892284780308074
0	50	32.466915178110185
0	51	30.376003015653062
0	52	23.802878116631067
0	53	22.2882114499644
0	54	22.8319995110644
0	55	21.27762012079673
0	56	19.623880098527614
0	57	17.18802012079673
0	58	17.998612061531723
0	59	16.127753454130062
0	60	11.888451331203989
0	61	10.331767448358434
0	62	5.127986219964123
0	63	6.507234115025103
0	64	11.813433786269213
0	65	14.991753454130063
0	66	20.644170033887
0	67	27.838936348986394
0	68	33.062786572158714
0	69	31.619375993779236
0	70	29.815634381340125
1	0	2.4555007816917693
1	1	0.0
1	2	12.466644787252646
1	3	11.037711111783807
1	4	12.40368078260934
1	5	11.059014175436973
1	6	10.848243040878513
1	7	9.239466666666665
1	8	11.68476643159535
1	9	10.20990959033169
1	10	4.229917944797602
1	11	2.4991999999999983
1	12	5.0938972570281
1	13	3.995111244092814
1	14	5.290988673841705
1	15	5.063788673841705
1	16	7.020232329425128
1	17	4.61995157547617
1	18	11.945821106094359
1	19	11.17907954453517
1	20	13.93600043771408
1	21	12.858296211128696
1	22	14.84188330854885
1	23	13.317309045206967
1	24	18.035474688724502
1	25	16.019986005771628
1	26	20.920190501678405
1	27	19.10061934829577
1	28	22.882053099237936
1	29	21.62787159899343
1	30	24.27990845364515
1	31	22.63586703756775
1	32	26.708707573539883
1	33	25.036989660068166
1	34	31.46053697615642
1	35	31.10130223396129
1	36	34.105642864164174
1	37	31.410451109287433
1	38	31.673171044991637
1	39	30.034808545420802
1	40	34.51838245288469
1	41	32.562100882603396
1	42	30.772496386110397
1	43	29.291333599648357
1	44	32.74569995518765
1	45	31.45823328852099
1	46	34.27797729506317
1	47	32.912675212087464
1	48	25.823448716563654
1	49	24.436783998616306
1	50	30.011414396418413
1	51	27.920502233961294
1	52	21.3473773349393
1	53	19.832710668272632
1	54	20.37649872937263
1	55	18.82211933910496
1	56	17.168379316835846
1	57	14.732519339104961
1	58	15.543111279839957
1	59	13.672252672438294
1	60	9.432950549512219
1	61	7.876266666666665
1	62	2.6724854382723535
1	63	4.051733333333333
1	64	9.357933004577443
1	65	12.536252672438295
1	66	18.188669252195233
1	67	25.383435567294626
1	68	30.607285790466946
1	69	29.16387521208747
1	70	27.360133599648357
2	0	14.922145568944416
2	1	12.466644787252646
2	2	0.0
2	3	1.4289336754688402
2	4	4.136800282641207
2	5	2.79213367546884
2	6	7.713821161464497
2	7	6.105044787252648
2	8	3.8504571833991657
2	9	2.3756003421355065
2	10	14.803229398716917
2	11	13.072511453919313
2	12	14.12789293808125
2	13	13.029106925145964
2	14	14.324984354894855
2	15	14.097784354894856
2	16	16.002925541201606
2	17	13.602644787252647
2	18	9.372246641340954
2	19	8.605505079781766
2	20	11.362425972960676
2	21	10.284721746375293
2	22	12.268308843795445
2	23	10.743734580453562
2	24	15.239466803538855
2	25	13.223978120585981
2	26	18.12418261649276
2	27	16.30461146311012
2	28	20.086045214052284
2	29	18.83186371380778
2	30	21.483900568459504
2	31	19.839859152382104
2	32	23.91269968835423
2	33	22.240981774882517
2	34	28.664529090970774
2	35	28.305294348775647
2	36	31.309634978978526
2	37	28.614443224101784
2	38	28.87716315980599
2	39	27.238800660235153
2	40	31.722374567699035
2	41	29.76609299741775
2	42	27.976488500924752
2	43	26.49532571446271
2	44	29.94969207000201
2	45	28.66222540333534
2	46	31.481969409877514
2	47	30.11666732690182
2	48	23.027440831378005
2	49	21.640776113430654
2	50	27.215406511232764
2	51	25.124494348775645
2	52	18.55136944975365
2	53	17.036702783086984
2	54	17.580490844186983
2	55	16.026111453919313
2	56	14.372371431650201
2	57	11.936511453919314
2	58	12.74710339465431
2	59	10.876244787252647
2	60	3.033694237740428
2	61	4.5903781205859815
2	62	11.706481119325504
2	63	8.414911453919313
2	64	6.784358539824039
2	65	9.740244787252648
2	66	15.392661367009584
2	67	22.587427682108977
2	68	27.811277905281298
2	69	26.36786732690182
2	70	24.56412571446271
3	0	13.493211893475577
3	1	11.037711111783807
3	2	1.4289336754688402
3	3	0.0
3	4	2.7078666071723676
3	5	1.3632
3	6	6.284887485995657
3	7	4.676111111783809
3	8	2.4215235079303254
3	9	0.9466666666666663
3	10	13.374295723248078
3	11	11.643577778450474
3	12	12.698959262612412
3	13	11.600173249677125
3	14	12.896050679426015
3	15	12.668850679426015
3	16	14.573991865732765
3	17	12.173711111783808
3	18	7.9433129658721136
3	19	7.176571404312925
3	20	9.933492297491835
3	21	8.855788070906453
3	22	10.839375168326605
3	23	9.314800904984722
3	24	13.810533128070016
3	25	11.795044445117142
3	26	16.69524894102392
3	27	14.875677787641282
3	28	18.65711153858345
3	29	17.402930038338944
3	30	20.054966892990663
3	31	18.410925476913263
3	32	22.483766012885397
3	33	20.81204809941368
3	34	27.235595415501933
3	35	26.876360673306806
3	36	29.88070130350969
3	37	27.185509548632947
3	38	27.44822948433715
3	39	25.809866984766316
3	40	30.2934408922302
3	41	28.33715932194891
3	42	26.54755482545591
3	43	25.06639203899387
3	44	28.520758394533168
3	45	27.233291727866504
3	46	30.053035734408677
3	47	28.687733651432982
3	48	21.598507155909168
3	49	20.21184243796182
3	50	25.786472835763927
3	51	23.695560673306808
3	52	17.122435774284813
3	53	15.607769107618147
3	54	16.151557168718146
3	55	14.597177778450476
3	56	12.943437756181362
3	57	10.507577778450475
3	58	11.318169719185471
3	59	9.447311111783808
3	60	1.604760562271588
3	61	3.1614444451171417
3	62	10.277547443856665
3	63	6.985977778450474
3	64	5.355424864355198
3	65	8.311311111783809
3	66	13.963727691540747
3	67	21.15849400664014
3	68	26.38234422981246
3	69	24.938933651432983
3	70	23.13519203899387
4	0	14.85918156430111
4	1	12.40368078260934
4	2	4.136800282641207
4	3	2.7078666071723676
4	4	0.0
4	5	1.3446666071723674
4	6	7.65085715682119
4	7	6.042080782609341
4	8	4.977923448436027
4	9	3.503066607172368
4	10	14.740265394073612
4	11	13.009547449276008
4	12	14.064928933437944
4	13	12.966142920502659
4	14	14.26202035025155
4	15	14.03482035025155
4	16	15.9399615365583
4	17	13.539680782609341
4	18	9.309282636697647
4	19	8.542541075138459
4	20	11.299461968317368
4	21	10.221757741731984
4	22	12.205344839152138
4	23	10.680770575810255
4	24	15.176502798895548
4	25	13.161014115942674
4	26	18.061218611849455
4	27	16.241647458466815
4	28	20.02308120940898
4	29	18.768899709164476
4	30	21.4209365638162
4	31	19.7768951477388
4	32	23.849735683710925
4	33	22.17801777023921
4	34	28.60156508632747
4	35	28.24233034413234
4	36	31.24667097433522
4	37	28.55147921945848
4	38	28.814199155162683
4	39	27.175836655591848
4	40	31.65941056305573
4	41	29.703128992774445
4	42	27.913524496281447
4	43	26.432361709819403
4	44	29.886728065358703
4	45	28.599261398692036
4	46	31.41900540523421
4	47	30.053703322258514
4	48	22.9644768267347
4	49	21.57781210878735
4	50	27.15244250658946
4	51	25.06153034413234
4	52	18.488405445110345
4	53	16.97373877844368
4	54	17.517526839543677
4	55	15.963147449276008
4	56	14.309407427006894
4	57	11.873547449276007
4	58	12.684139390011003
4	59	10.81328078260934
4	60	2.970730233097121
4	61	4.527414115942674
4	62	11.643517114682199
4	63	8.351947449276008
4	64	6.721394535180732
4	65	9.67728078260934
4	66	15.329697362366279
4	67	22.524463677465672
4	68	27.748313900637992
4	69	26.304903322258514
4	70	24.501161709819403
5	0	13.514514957128743
5	1	11.059014175436973
5	2	2.79213367546884
5	3	1.3632
5	4	1.3446666071723674
5	5	0.0
5	6	6.306190549648823
5	7	4.6974141754369745
5	8	3.6332568412636594
5	9	2.1584000000000003
5	10	13.395598786901244
5	11	11.66488084210364
5	12	12.720262326265576
5	13	11.621476313330291
5	14	12.917353743079182
5	15	12.690153743079183
5	16	14.595294929385933
5	17	12.195014175436974
5	18	7.9646160295252795
5	19	7.197874467966091
5	20	9.954795361145
5	21	8.877091134559617
5	22	10.86067823197977
5	23	9.336103968637888
5	24	13.83183619172318
5	25	11.816347508770306
5	26	16.716552004677084
5	27	14.896980851294446
5	28	18.678414602236614
5	29	17.424233101992108
5	30	20.076269956643827
5	31	18.432228540566427
5	32	22.50506907653856
5	33	20.833351163066844
5	34	27.256898479155097
5	35	26.89766373695997
5	36	29.902004367162853
5	37	27.20681261228611
5	38	27.469532547990315
5	39	25.83117004841948
5	40	30.314743955883365
5	41	28.358462385602074
5	42	26.568857889109076
5	43	25.087695102647036
5	44	28.542061458186332
5	45	27.25459479151967
5	46	30.07433879806184
5	47	28.709036715086146
5	48	21.619810219562332
5	49	20.233145501614985
5	50	25.80777589941709
5	51	23.716863736959972
5	52	17.143738837937978
5	53	15.62907217127131
5	54	16.17286023237131
5	55	14.61848084210364
5	56	12.964740819834526
5	57	10.52888084210364
5	58	11.339472782838635
5	59	9.468614175436972
5	60	1.6260636259247536
5	61	3.1827475087703077
5	62	10.298850507509831
5	63	7.00728084210364
5	64	5.376727928008364
5	65	8.332614175436973
5	66	13.985030755193911
5	67	21.179797070293304
5	68	26.403647293465625
5	69	24.960236715086147
5	70	23.156495102647035
6	0	13.303743822570283
6	1	10.848243040878513
6	2	7.713821161464497
6	3	6.284887485995657
6	4	7.65085715682119
6	5	6.306190549648823
6	6	0.0
6	7	1.6087763742118486
6	8	6.931942805807199
6	9	5.45708596454354
6	10	13.184827652342785
6	11	11.45410970754518
6	12	12.509491191707117
6	13	11.410705178771831
6	14	12.706582608520723
6	15	12.479382608520723
6	16	14.384523794827473
6	17	11.984243040878514
6	18	5.137252962912305
6	19	4.3705114013531166
6	20	7.127432294532026
6	21	6.049728067946643
6	22	8.033315165366796
6	23	6.508740902024913
6	24	10.894665057164723
6	25	8.879176374211848
6	26	13.779380870118628
6	27	11.959809716735988
6	28	15.741243467678155
6	29	14.48706196743365
6	30	17.139098822085373
6	31	15.495057406007971
6	32	19.5678979419801
6	33	17.896180028508386
6	34	24.319727344596643
6	35	23.960492602401516
6	36	26.964833232604395
6	37	24.269641477727653
6	38	24.532361413431857
6	39	22.893998913861022
6	40	27.377572821324904
6	41	25.42129125104362
6	42	23.63168675455062
6	43	22.150523968088578
6	44	25.604890323627878
6	45	24.31742365696121
6	46	27.137167663503384
6	47	25.771865580527688
6	48	18.682639085003874
6	49	17.295974367056523
6	50	22.870604764858633
6	51	20.779692602401514
6	52	14.20656770337952
6	53	12.691901036712853
6	54	13.235689097812852
6	55	11.681309707545182
6	56	10.02756968527607
6	57	7.591709707545182
6	58	8.40230164828018
6	59	6.531443040878515
6	60	4.680126923724069
6	61	3.1234430408785157
6	62	10.088079372951372
6	63	6.79650970754518
6	64	2.5493648613953894
6	65	5.395443040878516
6	66	11.047859620635453
6	67	18.242625935734846
6	68	23.466476158907167
6	69	22.02306558052769
6	70	20.219323968088577
7	0	11.694967448358433
7	1	9.239466666666665
7	2	6.105044787252648
7	3	4.676111111783809
7	4	6.042080782609341
7	5	4.6974141754369745
7	6	1.6087763742118486
7	7	0.0
7	8	5.32316643159535
7	9	3.8483095903316915
7	10	11.576051278130937
7	11	9.845333333333333
7	12	10.900714817495269
7	13	9.801928804559982
7	14	11.097806234308873
7	15	10.870606234308873
7	16	12.775747420615623
7	17	10.375466666666664
7	18	3.5284765887004563
7	19	2.7617350271412677
7	20	5.518655920320177
7	21	4.440951693734794
7	22	6.424538791154947
7	23	4.899964527813063
7	24	9.285888682952875
7	25	7.2704
7	26	12.170604495906778
7	27	10.351033342524138
7	28	14.132467093466305
7	29	12.8782855932218
7	30	15.530322447873521
7	31	13.886281031796122
7	32	17.95912156776825
7	33	16.287403654296536
7	34	22.710950970384793
7	35	22.351716228189666
7	36	25.356056858392545
7	37	22.660865103515803
7	38	22.923585039220008
7	39	21.285222539649173
7	40	25.768796447113054
7	41	23.81251487683177
7	42	22.02291038033877
7	43	20.541747593876728
7	44	23.996113949416028
7	45	22.70864728274936
7	46	25.528391289291534
7	47	24.16308920631584
7	48	17.073862710792024
7	49	15.687197992844675
7	50	21.261828390646784
7	51	19.170916228189665
7	52	12.59779132916767
7	53	11.083124662501003
7	54	11.626912723601002
7	55	10.072533333333334
7	56	8.41879331106422
7	57	5.982933333333333
7	58	6.79352527406833
7	59	4.922666666666666
7	60	3.0713505495122204
7	61	1.5146666666666668
7	62	8.479302998739522
7	63	5.187733333333331
7	64	0.9405884871835406
7	65	3.786666666666667
7	66	9.439083246423603
7	67	16.633849561522997
7	68	21.857699784695317
7	69	20.41428920631584
7	70	18.610547593876728
8	0	14.140267213287117
8	1	11.68476643159535
8	2	3.8504571833991657
8	3	2.4215235079303254
8	4	4.977923448436027
8	5	3.6332568412636594
8	6	6.931942805807199
8	7	5.32316643159535
8	8	0.0
8	9	1.4748568412636591
8	10	14.02135104305962
8	11	12.290633098262017
8	12	13.346014582423953
8	13	12.247228569488666
8	14	13.543105999237557
8	15	13.315905999237557
8	16	15.221047185544307
8	17	12.820766431595349
8	18	8.590368285683656
8	19	7.823626724124468
8	20	10.580547617303377
8	21	9.502843390717995
8	22	11.486430488138147
8	23	9.961856224796264
8	24	14.457588447881557
8	25	12.442099764928683
8	26	17.342304260835462
8	27	15.52273310745282
8	28	19.304166858394986
8	29	18.049985358150483
8	30	20.702022212802206
8	31	19.057980796724806
8	32	23.130821332696932
8	33	21.45910341922522
8	34	27.882650735313476
8	35	27.52341599311835
8	36	30.527756623321228
8	37	27.832564868444486
8	38	28.09528480414869
8	39	26.456922304577855
8	40	30.940496212041737
8	41	28.984214641760452
8	42	27.194610145267454
8	43	25.71344735880541
8	44	29.16781371434471
8	45	27.880347047678043
8	46	30.700091054220216
8	47	29.33478897124452
8	48	22.245562475720707
8	49	20.858897757773356
8	50	26.433528155575466
8	51	24.342615993118347
8	52	17.769491094096352
8	53	16.254824427429686
8	54	16.798612488529685
8	55	15.244233098262017
8	56	13.590493075992903
8	57	11.154633098262016
8	58	11.965225038997012
8	59	10.094366431595349
8	60	2.2518158820831298
8	61	3.8084997649286834
8	62	10.924602763668206
8	63	7.633033098262016
8	64	6.002480184166741
8	65	8.95836643159535
8	66	14.610783011352286
8	67	21.80554932645168
8	68	27.029399549624
8	69	25.58598897124452
8	70	23.78224735880541
9	0	12.665410372023459
9	1	10.20990959033169
9	2	2.3756003421355065
9	3	0.9466666666666663
9	4	3.503066607172368
9	5	2.1584000000000003
9	6	5.45708596454354
9	7	3.8483095903316915
9	8	1.4748568412636591
9	9	0.0
9	10	12.546494201795962
9	11	10.815776256998358
9	12	11.871157741160294
9	13	10.772371728225007
9	14	12.068249157973899
9	15	11.841049157973899
9	16	13.746190344280649
9	17	11.34590959033169
9	18	7.115511444419997
9	19	6.348769882860809
9	20	9.105690776039719
9	21	8.027986549454337
9	22	10.011573646874488
9	23	8.486999383532606
9	24	12.982731606617898
9	25	10.967242923665024
9	26	15.867447419571802
9	27	14.047876266189162
9	28	17.829310017131327
9	29	16.575128516886824
9	30	19.227165371538547
9	31	17.583123955461147
9	32	21.655964491433274
9	33	19.98424657796156
9	34	26.407793894049817
9	35	26.04855915185469
9	36	29.05289978205757
9	37	26.357708027180827
9	38	26.62042796288503
9	39	24.982065463314196
9	40	29.465639370778078
9	41	27.509357800496794
9	42	25.719753304003795
9	43	24.238590517541752
9	44	27.69295687308105
9	45	26.405490206414385
9	46	29.225234212956558
9	47	27.859932129980862
9	48	20.770705634457048
9	49	19.384040916509697
9	50	24.958671314311808
9	51	22.86775915185469
9	52	16.294634252832694
9	53	14.779967586166027
9	54	15.323755647266026
9	55	13.769376256998358
9	56	12.115636234729244
9	57	9.679776256998357
9	58	10.490368197733353
9	59	8.61950959033169
9	60	0.7769590408194706
9	61	2.3336429236650247
9	62	9.449745922404547
9	63	6.158176256998357
9	64	4.527623342903082
9	65	7.483509590331691
9	66	13.135926170088627
9	67	20.33069248518802
9	68	25.55454270836034
9	69	24.111132129980863
9	70	22.30739051754175
10	0	6.685418726489372
10	1	4.229917944797602
10	2	14.803229398716917
10	3	13.374295723248078
10	4	14.740265394073612
10	5	13.395598786901244
10	6	13.184827652342785
10	7	11.576051278130937
10	8	14.02135104305962
10	9	12.546494201795962
10	10	0.0
10	11	1.7307179447976044
10	12	5.063637291066224
10	13	3.9648512781309386
10	14	6.440133342824076
10	15	6.212933342824076
10	16	8.1693769984075
10	17	5.769096244458542
10	18	14.28240571755863
10	19	13.515664155999442
10	20	16.272585049178353
10	21	15.194880822592967
10	22	17.17846792001312
10	23	15.653893656671238
10	24	20.372059300188774
10	25	18.3565706172359
10	26	23.25677511314268
10	27	21.43720395976004
10	28	25.218637710702204
10	29	23.9644562104577
10	30	26.616493065109424
10	31	24.972451649032024
10	32	29.04529218500415
10	33	27.373574271532437
10	34	33.797121587620694
10	35	33.43788684542557
10	36	36.44222747562844
10	37	33.747035720751704
10	38	34.00975565645591
10	39	32.37139315688507
10	40	36.854967064348955
10	41	34.89868549406767
10	42	33.10908099757467
10	43	31.62791821111263
10	44	35.08228456665193
10	45	33.79481789998526
10	46	36.614561906527435
10	47	35.24925982355174
10	48	28.160033328027925
10	49	26.773368610080574
10	50	32.347999007882684
10	51	30.257086845425565
10	52	23.68396194640357
10	53	22.169295279736904
10	54	22.713083340836903
10	55	21.158703950569233
10	56	19.50496392830012
10	57	17.069103950569232
10	58	17.87969589130423
10	59	16.008837283902565
10	60	11.76953516097649
10	61	10.212851278130938
10	62	3.821630107254725
10	63	6.388317944797604
10	64	11.694517616041715
10	65	14.872837283902566
10	66	20.525253863659504
10	67	27.720020178758897
10	68	32.94387040193122
10	69	31.50045982355174
10	70	29.69671821111263
11	0	4.954700781691768
11	1	2.4991999999999983
11	2	13.072511453919313
11	3	11.643577778450474
11	4	13.009547449276008
11	5	11.66488084210364
11	6	11.45410970754518
11	7	9.845333333333333
11	8	12.290633098262017
11	9	10.815776256998358
11	10	1.7307179447976044
11	11	0.0
11	12	3.3329193462686204
11	13	2.234133333333334
11	14	4.709415398026471
11	15	4.482215398026471
11	16	6.438659053609895
11	17	4.038378299660938
11	18	12.551687772761026
11	19	11.784946211201838
11	20	14.541867104380747
11	21	13.464162877795363
11	22	15.447749975215517
11	23	13.923175711873634
11	24	18.64134135539117
11	25	16.625852672438295
11	26	21.526057168345076
11	27	19.706486014962437
11	28	23.4879197659046
11	29	22.233738265660097
11	30	24.88577512031182
11	31	23.24173370423442
11	32	27.314574240206547
11	33	25.642856326734833
11	34	32.06640364282309
11	35	31.707168900627963
11	36	34.71150953083084
11	37	32.0163177759541
11	38	32.279037711658304
11	39	30.64067521208747
11	40	35.12424911955135
11	41	33.16796754927007
11	42	31.37836305277707
11	43	29.897200266315025
11	44	33.351566621854325
11	45	32.06409995518766
11	46	34.88384396172983
11	47	33.518541878754135
11	48	26.42931538323032
11	49	25.04265066528297
11	50	30.61728106308508
11	51	28.52636890062796
11	52	21.953244001605967
11	53	20.4385773349393
11	54	20.9823653960393
11	55	19.42798600577163
11	56	17.774245983502517
11	57	15.338386005771628
11	58	16.148977946506626
11	59	14.278119339104961
11	60	10.038817216178886
11	61	8.482133333333334
11	62	2.0909121624571205
11	63	4.6576
11	64	9.96379967124411
11	65	13.142119339104962
11	66	18.7945359188619
11	67	25.989302233961293
11	68	31.213152457133614
11	69	29.769741878754136
11	70	27.966000266315024
12	0	7.54939803871987
12	1	5.0938972570281
12	2	14.12789293808125
12	3	12.698959262612412
12	4	14.064928933437944
12	5	12.720262326265576
12	6	12.509491191707117
12	7	10.900714817495269
12	8	13.346014582423953
12	9	11.871157741160294
12	10	5.063637291066224
12	11	3.3329193462686204
12	12	0.0
12	13	1.098786012935286
12	14	3.90091934626862
12	15	3.67371934626862
12	16	6.76915870990852
12	17	4.368877955959563
12	18	13.607069256922964
12	19	12.840327695363776
12	20	15.597248588542685
12	21	14.519544361957301
12	22	16.503131459377457
12	23	14.978557196035572
12	24	19.696722839553107
12	25	17.681234156600233
12	26	22.58143865250701
12	27	20.761867499124374
12	28	24.54330125006654
12	29	23.289119749822035
12	30	25.941156604473754
12	31	24.297115188396354
12	32	28.369955724368488
12	33	26.69823781089677
12	34	33.121785126985024
12	35	32.7625503847899
12	36	35.76689101499278
12	37	33.071699260116034
12	38	33.334419195820246
12	39	31.696056696249407
12	40	36.17963060371329
12	41	34.223349033432
12	42	32.433744536939
12	43	30.952581750476963
12	44	34.40694810601626
12	45	33.1194814393496
12	46	35.939225445891765
12	47	34.57392336291607
12	48	27.48469686739226
12	49	26.09803214944491
12	50	31.67266254724702
12	51	29.5817503847899
12	52	23.008625485767904
12	53	21.493958819101238
12	54	22.037746880201237
12	55	20.483367489933567
12	56	18.82962746766445
12	57	16.393767489933566
12	58	17.20435943066856
12	59	15.333500823266899
12	60	11.094198700340822
12	61	9.53751481749527
12	62	2.4214118187557463
12	63	5.712981484161937
12	64	11.019181155406049
12	65	14.1975008232669
12	66	19.849917403023838
12	67	27.04468371812323
12	68	32.26853394129555
12	69	30.825123362916074
12	70	29.021381750476962
13	0	6.450612025784584
13	1	3.995111244092814
13	2	13.029106925145964
13	3	11.600173249677125
13	4	12.966142920502659
13	5	11.621476313330291
13	6	11.410705178771831
13	7	9.801928804559982
13	8	12.247228569488666
13	9	10.772371728225007
13	10	3.9648512781309386
13	11	2.234133333333334
13	12	1.098786012935286
13	13	0.0
13	14	2.802133333333334
13	15	2.574933333333334
13	16	5.670372696973235
13	17	3.270091943024277
13	18	12.508283243987677
13	19	11.741541682428489
13	20	14.498462575607398
13	21	13.420758349022016
13	22	15.404345446442168
13	23	13.879771183100285
13	24	18.59793682661782
13	25	16.582448143664944
13	26	21.482652639571725
13	27	19.663081486189085
13	28	23.44451523713125
13	29	22.190333736886746
13	30	24.84237059153847
13	31	23.19832917546107
13	32	27.271169711433195
13	33	25.599451797961482
13	34	32.02299911404974
13	35	31.66376437185461
13	36	34.66810500205749
13	37	31.97291324718075
13	38	32.23563318288495
13	39	30.597270683314118
13	40	35.080844590778
13	41	33.124563020496716
13	42	31.334958524003717
13	43	29.853795737541674
13	44	33.30816209308097
13	45	32.020695426414306
13	46	34.84043943295648
13	47	33.475137349980784
13	48	26.38591085445697
13	49	24.99924613650962
13	50	30.57387653431173
13	51	28.48296437185461
13	52	21.909839472832616
13	53	20.39517280616595
13	54	20.938960867265948
13	55	19.384581476998278
13	56	17.730841454729166
13	57	15.294981476998277
13	58	16.105573417733275
13	59	14.23471481033161
13	60	9.995412687405537
13	61	8.438728804559982
13	62	1.3226258058204603
13	63	4.614195471226651
13	64	9.920395142470761
13	65	13.098714810331611
13	66	18.75113139008855
13	67	25.945897705187942
13	68	31.169747928360263
13	69	29.726337349980785
13	70	27.922595737541673
14	0	7.7464894555334745
14	1	5.290988673841705
14	2	14.324984354894855
14	3	12.896050679426015
14	4	14.26202035025155
14	5	12.917353743079182
14	6	12.706582608520723
14	7	11.097806234308873
14	8	13.543105999237557
14	9	12.068249157973899
14	10	6.440133342824076
14	11	4.709415398026471
14	12	3.90091934626862
14	13	2.802133333333334
14	14	0.0
14	15	0.22719999999999985
14	16	4.558680753948958
14	17	2.1584000000000003
14	18	13.804160673736567
14	19	13.037419112177378
14	20	15.794340005356288
14	21	14.716635778770904
14	22	16.700222876191056
14	23	15.175648612849175
14	24	19.89381425636671
14	25	17.878325573413836
14	26	22.778530069320617
14	27	20.958958915937977
14	28	24.74039266688014
14	29	23.486211166635638
14	30	26.13824802128736
14	31	24.49420660520996
14	32	28.567047141182087
14	33	26.895329227710373
14	34	33.31887654379863
14	35	32.9596418016035
14	36	35.96398243180638
14	37	33.26879067692964
14	38	33.531510612633845
14	39	31.89314811306301
14	40	36.37672202052689
14	41	34.42044045024561
14	42	32.63083595375261
14	43	31.149673167290565
14	44	34.604039522829865
14	45	33.3165728561632
14	46	36.13631686270537
14	47	34.771014779729676
14	48	27.68178828420586
14	49	26.29512356625851
14	50	31.86975396406062
14	51	29.7788418016035
14	52	23.205716902581507
14	53	21.69105023591484
14	54	22.23483829701484
14	55	20.68045890674717
14	56	19.026718884478058
14	57	16.59085890674717
14	58	17.401450847482167
14	59	15.530592240080502
14	60	11.291290117154428
14	61	9.734606234308874
14	62	2.6185032355693507
14	63	5.910072900975542
14	64	11.216272572219651
14	65	14.394592240080502
14	66	20.04700881983744
14	67	27.241775134936834
14	68	32.46562535810915
14	69	31.022214779729676
14	70	29.218473167290565
15	0	7.519289455533475
15	1	5.063788673841705
15	2	14.097784354894856
15	3	12.668850679426015
15	4	14.03482035025155
15	5	12.690153743079183
15	6	12.479382608520723
15	7	10.870606234308873
15	8	13.315905999237557
15	9	11.841049157973899
15	10	6.212933342824076
15	11	4.482215398026471
15	12	3.67371934626862
15	13	2.574933333333334
15	14	0.22719999999999985
15	15	0.0
15	16	4.331480753948958
15	17	1.9312000000000005
15	18	13.576960673736567
15	19	12.810219112177379
15	20	15.567140005356288
15	21	14.489435778770904
15	22	16.47302287619106
15	23	14.948448612849175
15	24	19.66661425636671
15	25	17.651125573413836
15	26	22.551330069320613
15	27	20.731758915937977
15	28	24.513192666880144
15	29	23.259011166635638
15	30	25.911048021287357
15	31	24.267006605209957
15	32	28.33984714118209
15	33	26.668129227710374
15	34	33.09167654379863
15	35	32.7324418016035
15	36	35.73678243180638
15	37	33.041590676929644
15	38	33.30431061263385
15	39	31.66594811306301
15	40	36.149522020526895
15	41	34.193240450245604
15	42	32.403635953752605
15	43	30.922473167290565
15	44	34.37683952282986
15	45	33.089372856163195
15	46	35.909116862705375
15	47	34.54381477972967
15	48	27.45458828420586
15	49	26.067923566258514
15	50	31.64255396406062
15	51	29.551641801603502
15	52	22.978516902581507
15	53	21.46385023591484
15	54	22.00763829701484
15	55	20.45325890674717
15	56	18.799518884478054
15	57	16.36365890674717
15	58	17.174250847482163
15	59	15.303392240080502
15	60	11.064090117154429
15	61	9.507406234308874
15	62	2.391303235569351
15	63	5.682872900975542
15	64	10.989072572219651
15	65	14.167392240080503
15	66	19.81980881983744
15	67	27.014575134936834
15	68	32.238425358109154
15	69	30.795014779729676
15	70	28.991273167290565
16	0	9.475733111116899
16	1	7.020232329425128
16	2	16.002925541201606
16	3	14.573991865732765
16	4	15.9399615365583
16	5	14.595294929385933
16	6	14.384523794827473
16	7	12.775747420615623
16	8	15.221047185544307
16	9	13.746190344280649
16	10	8.1693769984075
16	11	6.438659053609895
16	12	6.76915870990852
16	13	5.670372696973235
16	14	4.558680753948958
16	15	4.331480753948958
16	16	0.0
16	17	2.400280753948958
16	18	15.482101860043317
16	19	14.715360298484129
16	20	17.472281191663036
16	21	16.394576965077654
16	22	18.37816406249781
16	23	16.853589799155923
16	24	21.57175544267346
16	25	19.556266759720586
16	26	24.456471255627363
16	27	22.636900102244727
16	28	26.418333853186894
16	29	25.164152352942388
16	30	27.816189207594107
16	31	26.172147791516707
16	32	30.24498832748884
16	33	28.573270414017124
16	34	34.99681773010538
16	35	34.63758298791025
16	36	37.64192361811313
16	37	34.946731863236394
16	38	35.2094517989406
16	39	33.57108929936976
16	40	38.054663206833645
16	41	36.098381636552354
16	42	34.308777140059355
16	43	32.82761435359731
16	44	36.28198070913661
16	45	34.994514042469945
16	46	37.814258049012125
16	47	36.44895596603642
16	48	29.35972947051261
16	49	27.973064752565264
16	50	33.547695150367375
16	51	31.456782987910252
16	52	24.883658088888257
16	53	23.36899142222159
16	54	23.91277948332159
16	55	22.35840009305392
16	56	20.704660070784804
16	57	18.26880009305392
16	58	19.079392033788913
16	59	17.208533426387252
16	60	12.969231303461179
16	61	11.412547420615624
16	62	4.347746891152775
16	63	7.588014087282292
16	64	12.894213758526401
16	65	16.072533426387253
16	66	21.72495000614419
16	67	28.919716321243584
16	68	34.143566544415904
16	69	32.70015596603643
16	70	30.896414353597315
17	0	7.07545235716794
17	1	4.61995157547617
17	2	13.602644787252647
17	3	12.173711111783808
17	4	13.539680782609341
17	5	12.195014175436974
17	6	11.984243040878514
17	7	10.375466666666664
17	8	12.820766431595349
17	9	11.34590959033169
17	10	5.769096244458542
17	11	4.038378299660938
17	12	4.368877955959563
17	13	3.270091943024277
17	14	2.1584000000000003
17	15	1.9312000000000005
17	16	2.400280753948958
17	17	0.0
17	18	13.08182110609436
17	19	12.315079544535172
17	20	15.072000437714081
17	21	13.994296211128699
17	22	15.97788330854885
17	23	14.453309045206968
17	24	19.1714746887245
17	25	17.155986005771627
17	26	22.056190501678408
17	27	20.23661934829577
17	28	24.01805309923793
17	29	22.76387159899343
17	30	25.41590845364515
17	31	23.771867037567752
17	32	27.84470757353988
17	33	26.172989660068165
17	34	32.59653697615642
17	35	32.237302233961294
17	36	35.24164286416417
17	37	32.54645110928743
17	38	32.809171044991636
17	39	31.1708085454208
17	40	35.65438245288468
17	41	33.6981008826034
17	42	31.9084963861104
17	43	30.427333599648357
17	44	33.881699955187656
17	45	32.59423328852099
17	46	35.41397729506316
17	47	34.04867521208747
17	48	26.959448716563653
17	49	25.572783998616302
17	50	31.147414396418412
17	51	29.056502233961293
17	52	22.4833773349393
17	53	20.96871066827263
17	54	21.51249872937263
17	55	19.95811933910496
17	56	18.30437931683585
17	57	15.86851933910496
17	58	16.679111279839958
17	59	14.808252672438293
17	60	10.56895054951222
17	61	9.012266666666665
17	62	1.947466137203817
17	63	5.187733333333334
17	64	10.493933004577444
17	65	13.672252672438294
17	66	19.324669252195232
17	67	26.519435567294625
17	68	31.743285790466945
17	69	30.299875212087468
17	70	28.496133599648356
18	0	14.401321887786128
18	1	11.945821106094359
18	2	9.372246641340954
18	3	7.9433129658721136
18	4	9.309282636697647
18	5	7.9646160295252795
18	6	5.137252962912305
18	7	3.5284765887004563
18	8	8.590368285683656
18	9	7.115511444419997
18	10	14.28240571755863
18	11	12.551687772761026
18	12	13.607069256922964
18	13	12.508283243987677
18	14	13.804160673736567
18	15	13.576960673736567
18	16	15.482101860043317
18	17	13.08182110609436
18	18	0.0
18	19	0.7667415615591884
18	20	4.722312454811237
18	21	3.644608228225854
18	22	6.986782491567739
18	23	5.462208228225856
18	24	11.265429785663974
18	25	9.2499411027111
18	26	14.150145598617877
18	27	12.330574445235237
18	28	16.112008196177406
18	29	14.8578266959329
18	30	17.50986355058462
18	31	15.865822134507221
18	32	19.938662670479353
18	33	18.266944757007636
18	34	24.69049207309589
18	35	24.331257330900762
18	36	27.335597961103645
18	37	24.640406206226903
18	38	24.903126141931107
18	39	23.264763642360272
18	40	27.748337549824157
18	41	25.792055979542866
18	42	24.002451483049867
18	43	22.521288696587828
18	44	25.975655052127124
18	45	24.68818838546046
18	46	27.507932392002633
18	47	26.142630309026938
18	48	19.053403813503124
18	49	17.666739095555776
18	50	23.241369493357883
18	51	21.150457330900764
18	52	14.57733243187877
18	53	13.062665765212103
18	54	13.606453826312102
18	55	12.052074436044434
18	56	10.39833441377532
18	57	7.962474436044433
18	58	8.773066376779429
18	59	6.902207769377766
18	60	6.338552403600527
18	61	4.781868520754973
18	62	11.185657438167217
18	63	7.894087772761026
18	64	2.5878881015169157
18	65	5.7662077693777665
18	66	11.418624349134703
18	67	18.613390664234096
18	68	23.837240887406416
18	69	22.39383030902694
18	70	20.590088696587827
19	0	13.63458032622694
19	1	11.17907954453517
19	2	8.605505079781766
19	3	7.176571404312925
19	4	8.542541075138459
19	5	7.197874467966091
19	6	4.3705114013531166
19	7	2.7617350271412677
19	8	7.823626724124468
19	9	6.348769882860809
19	10	13.515664155999442
19	11	11.784946211201838
19	12	12.840327695363776
19	13	11.741541682428489
19	14	13.037419112177378
19	15	12.810219112177379
19	16	14.715360298484129
19	17	12.315079544535172
19	18	0.7667415615591884
19	19	0.0
19	20	3.955570893252049
19	21	2.877866666666666
19	22	6.220040930008551
19	23	4.695466666666668
19	24	10.498688224104786
19	25	8.483199541151912
19	26	13.383404037058689
19	27	11.56383288367605
19	28	15.345266634618216
19	29	14.091085134373712
19	30	16.743121989025433
19	31	15.099080572948033
19	32	19.171921108920163
19	33	17.50020319544845
19	34	23.923750511536703
19	35	23.564515769341575
19	36	26.568856399544455
19	37	23.873664644667713
19	38	24.136384580371917
19	39	22.498022080801082
19	40	26.981595988264964
19	41	25.02531441798368
19	42	23.23570992149068
19	43	21.754547135028638
19	44	25.208913490567937
19	45	23.92144682390127
19	46	26.741190830443443
19	47	25.375888747467748
19	48	18.286662251943937
19	49	16.899997533996586
19	50	22.474627931798693
19	51	20.383715769341574
19	52	13.810590870319583
19	53	12.295924203652914
19	54	12.839712264752913
19	55	11.285332874485245
19	56	9.63159285221613
19	57	7.195732874485244
19	58	8.006324815220239
19	59	6.135466207818577
19	60	5.571810842041338
19	61	4.0151269591957846
19	62	10.418915876608029
19	63	7.1273462112018375
19	64	1.8211465399577274
19	65	4.999466207818577
19	66	10.651882787575515
19	67	17.846649102674906
19	68	23.070499325847226
19	69	21.62708874746775
19	70	19.823347135028637
20	0	16.39150121940585
20	1	13.93600043771408
20	2	11.362425972960676
20	3	9.933492297491835
20	4	11.299461968317368
20	5	9.954795361145
20	6	7.127432294532026
20	7	5.518655920320177
20	8	10.580547617303377
20	9	9.105690776039719
20	10	16.272585049178353
20	11	14.541867104380747
20	12	15.597248588542685
20	13	14.498462575607398
20	14	15.794340005356288
20	15	15.567140005356288
20	16	17.472281191663036
20	17	15.072000437714081
20	18	4.722312454811237
20	19	3.955570893252049
20	20	0.0
20	21	1.077704226585383
20	22	4.419878489927268
20	23	2.8953042265853854
20	24	9.303326242871591
20	25	7.287837559918716
20	26	12.188042055825495
20	27	10.368470902442855
20	28	14.149904653385022
20	29	12.895723153140517
20	30	15.547760007792238
20	31	13.903718591714838
20	32	17.97655912768697
20	33	16.30484121421525
20	34	22.728388530303505
20	35	22.369153788108378
20	36	25.37349441831126
20	37	22.67830266343452
20	38	22.941022599138723
20	39	21.302660099567888
20	40	25.786234007031773
20	41	23.82995243675048
20	42	22.040347940257483
20	43	20.559185153795443
20	44	24.01355150933474
20	45	22.726084842668076
20	46	25.54582884921025
20	47	24.180526766234554
20	48	17.09130027071074
20	49	15.704635552763392
20	50	21.2792659505655
20	51	19.18835378810838
20	52	12.615228889086389
20	53	11.10056222241972
20	54	11.644350283519719
20	55	10.089970893252051
20	56	8.436230870982936
20	57	6.000370893252049
20	58	6.810962833987046
20	59	4.940104226585382
20	60	8.328731735220249
20	61	6.772047852374694
20	62	13.175836769786939
20	63	9.884267104380747
20	64	4.578067433136637
20	65	3.804104226585383
20	66	9.45652080634232
20	67	16.65128712144171
20	68	21.875137344614032
20	69	20.431726766234554
20	70	18.627985153795443
21	0	15.313796992820468
21	1	12.858296211128696
21	2	10.284721746375293
21	3	8.855788070906453
21	4	10.221757741731984
21	5	8.877091134559617
21	6	6.049728067946643
21	7	4.440951693734794
21	8	9.502843390717995
21	9	8.027986549454337
21	10	15.194880822592967
21	11	13.464162877795363
21	12	14.519544361957301
21	13	13.420758349022016
21	14	14.716635778770904
21	15	14.489435778770904
21	16	16.394576965077654
21	17	13.994296211128699
21	18	3.644608228225854
21	19	2.877866666666666
21	20	1.077704226585383
21	21	0.0
21	22	3.342174263341885
21	23	1.8176000000000023
21	24	8.225622016286207
21	25	6.210133333333333
21	26	11.11033782924011
21	27	9.290766675857471
21	28	13.072200426799638
21	29	11.818018926555133
21	30	14.470055781206854
21	31	12.826014365129454
21	32	16.898854901101586
21	33	15.22713698762987
21	34	21.650684303718123
21	35	21.291449561522995
21	36	24.295790191725878
21	37	21.600598436849136
21	38	21.86331837255334
21	39	20.224955872982505
21	40	24.70852978044639
21	41	22.7522482101651
21	42	20.9626437136721
21	43	19.48148092721006
21	44	22.935847282749357
21	45	21.648380616082694
21	46	24.468124622624867
21	47	23.10282253964917
21	48	16.013596044125357
21	49	14.626931326178008
21	50	20.201561723980117
21	51	18.110649561522997
21	52	11.537524662501003
21	53	10.022857995834336
21	54	10.566646056934335
21	55	9.012266666666667
21	56	7.358526644397553
21	57	4.922666666666666
21	58	5.7332586074016625
21	59	3.862399999999999
21	60	7.251027508634865
21	61	5.69434362578931
21	62	12.098132543201555
21	63	8.806562877795365
21	64	3.5003632065512535
21	65	2.7264
21	66	8.378816579756936
21	67	15.57358289485633
21	68	20.79743311802865
21	69	19.354022539649172
21	70	17.55028092721006
22	0	17.29738409024062
22	1	14.84188330854885
22	2	12.268308843795445
22	3	10.839375168326605
22	4	12.205344839152138
22	5	10.86067823197977
22	6	8.033315165366796
22	7	6.424538791154947
22	8	11.486430488138147
22	9	10.011573646874488
22	10	17.17846792001312
22	11	15.447749975215517
22	12	16.503131459377457
22	13	15.404345446442168
22	14	16.700222876191056
22	15	16.47302287619106
22	16	18.37816406249781
22	17	15.97788330854885
22	18	6.986782491567739
22	19	6.220040930008551
22	20	4.419878489927268
22	21	3.342174263341885
22	22	0.0
22	23	1.5245742633418828
22	24	9.52299627962809
22	25	7.507507596675216
22	26	12.407712092581994
22	27	10.588140939199354
22	28	14.369574690141521
22	29	13.115393189897016
22	30	15.767430044548737
22	31	14.123388628471337
22	32	18.196229164443466
22	33	16.524511250971752
22	34	22.94805856706001
22	35	22.588823824864882
22	36	25.59316445506776
22	37	22.89797270019102
22	38	23.160692635895224
22	39	21.52233013632439
22	40	26.00590404378827
22	41	24.049622473506986
22	42	22.260017977013987
22	43	20.778855190551944
22	44	24.233221546091244
22	45	22.945754879424577
22	46	25.76549888596675
22	47	24.400196802991054
22	48	17.31097030746724
22	49	15.924305589519891
22	50	21.498935987322
22	51	19.40802382486488
22	52	12.834898925842886
22	53	11.320232259176219
22	54	11.864020320276218
22	55	10.30964093000855
22	56	8.655900907739436
22	57	6.220040930008549
22	58	7.0306328707435455
22	59	5.159774263341882
22	60	9.234614606055018
22	61	7.677930723209464
22	62	14.081719640621708
22	63	10.790149975215517
22	64	5.483950303971406
22	65	4.023774263341883
22	66	9.67619084309882
22	67	16.870957158198213
22	68	22.094807381370533
22	69	20.651396802991055
22	70	18.847655190551944
23	0	15.772809826898737
23	1	13.317309045206967
23	2	10.743734580453562
23	3	9.314800904984722
23	4	10.680770575810255
23	5	9.336103968637888
23	6	6.508740902024913
23	7	4.899964527813063
23	8	9.961856224796264
23	9	8.486999383532606
23	10	15.653893656671238
23	11	13.923175711873634
23	12	14.978557196035572
23	13	13.879771183100285
23	14	15.175648612849175
23	15	14.948448612849175
23	16	16.853589799155923
23	17	14.453309045206968
23	18	5.462208228225856
23	19	4.695466666666668
23	20	2.8953042265853854
23	21	1.8176000000000023
23	22	1.5245742633418828
23	23	0.0
23	24	7.998422016286208
23	25	5.982933333333333
23	26	10.88313782924011
23	27	9.063566675857471
23	28	12.845000426799638
23	29	11.590818926555134
23	30	14.242855781206854
23	31	12.598814365129455
23	32	16.671654901101583
23	33	14.99993698762987
23	34	21.423484303718126
23	35	21.064249561523
23	36	24.068590191725878
23	37	21.373398436849136
23	38	21.63611837255334
23	39	19.997755872982506
23	40	24.481329780446387
23	41	22.525048210165103
23	42	20.735443713672105
23	43	19.25428092721006
23	44	22.70864728274936
23	45	21.421180616082694
23	46	24.240924622624867
23	47	22.87562253964917
23	48	15.786396044125357
23	49	14.399731326178008
23	50	19.974361723980117
23	51	17.883449561522998
