VERTICES = 71
;

DISTANCE_MATRIX = 
0	0	0.0
0	1	1.7292259025998369
0	2	9.366106997291165
0	3	8.359815676538462
0	4	9.32107088350601
0	5	8.37412256859589
0	6	8.309763426002451
0	7	7.176822317402557
0	8	8.740490748833896
0	9	7.701859170479205
0	10	4.228596791727241
0	11	3.0097813376444202
0	12	4.995603427254621
0	13	4.221810460398786
0	14	5.453493008191112
0	15	5.293493008191112
0	16	6.535345084434242
0	17	4.845006525315258
0	18	8.468155888122816
0	19	7.928197041954373
0	20	10.625894702300464
0	21	9.866948063860054
0	22	11.425181370144301
0	23	10.351537522720438
0	24	13.087142569368288
0	25	11.667784341936684
0	26	15.545136552169332
0	27	14.263748415984374
0	28	16.97907718540023
0	29	16.095850776777336
0	30	17.990263331285558
0	31	16.83248768616063
0	32	19.726332516305064
0	33	18.549066380057376
0	34	22.063004880872814
0	35	21.810022668059343
0	36	23.72820832233937
0	37	21.830185959750114
0	38	23.05057544483383
0	39	21.89679903668535
0	40	25.141434426826716
0	41	23.763771349163836
0	42	22.41915969674144
0	43	21.376087311909014
0	44	23.909503007794484
0	45	23.002836341127818
0	46	25.03256606490047
0	47	24.07108572477674
0	48	19.114894353817633
0	49	18.138369904558935
0	50	21.935897962416444
0	51	20.4634246085734
0	52	15.82438152749133
0	53	14.757714860824663
0	54	14.97454006741989
0	55	13.879906693991952
0	56	12.743904574608578
0	57	11.02851022409387
0	58	11.655185628491404
0	59	10.337679566940936
0	60	7.276245231510347
0	61	6.179988975985308
0	62	3.611257901383186
0	63	3.8520332681210503
0	64	7.5887935999831
0	65	9.7607913628667
0	66	13.741366419033556
0	67	18.804723644297777
0	68	22.447572047579186
0	69	21.43108572477674
0	70	20.196764512152516
1	0	1.7292259025998369
1	1	0.0
1	2	7.636881094691329
1	3	6.630589773938625
1	4	7.591844980906172
1	5	6.644896665996054
1	6	6.580537523402613
1	7	5.447596414802719
1	8	7.011264846234058
1	9	5.972633267879368
1	10	2.4993708891274036
1	11	1.2805554350445836
1	12	3.2663775246547844
1	13	2.492584557798949
1	14	3.7242671055912746
1	15	3.5642671055912745
1	16	4.806119181834406
1	17	3.115780622715421
1	18	6.738929985522978
1	19	6.198971139354536
1	20	8.896668799700628
1	21	8.137722161260218
1	22	9.695955467544463
1	23	8.622311620120602
1	24	11.35791666676845
1	25	9.938558439336846
1	26	13.815910649569494
1	27	12.534522513384537
1	28	15.249851282800389
1	29	14.366624874177498
1	30	16.261037428685718
1	31	15.103261783560791
1	32	17.997106613705224
1	33	16.81984047745754
1	34	20.333778978272974
1	35	20.080796765459503
1	36	21.99898241973953
1	37	20.100960057150274
1	38	21.32134954223399
1	39	20.16757313408551
1	40	23.412208524226877
1	41	22.034545446563996
1	42	20.689933794141595
1	43	19.646861409309174
1	44	22.180277105194644
1	45	21.273610438527978
1	46	23.303340162300632
1	47	22.3418598221769
1	48	17.385668451217793
1	49	16.4091440019591
1	50	20.206672059816604
1	51	18.73419870597356
1	52	14.09515562489149
1	53	13.028488958224823
1	54	13.245314164820051
1	55	12.150680791392116
1	56	11.01467867200874
1	57	9.299284321494032
1	58	9.925959725891566
1	59	8.608453664341098
1	60	5.54701932891051
1	61	4.450763073385472
1	62	1.8820319987833494
1	63	2.122807365521213
1	64	5.859567697383264
1	65	8.031565460266862
1	66	12.012140516433718
1	67	17.075497741697937
1	68	20.718346144979346
1	69	19.7018598221769
1	70	18.467538609552676
2	0	9.366106997291165
2	1	7.636881094691329
2	2	0.0
2	3	1.0062913207527044
2	4	2.861473575178898
2	5	1.9145252602687797
2	6	5.333795001395908
2	7	4.200853892796014
2	8	2.7115895657740614
2	9	1.6729579874193714
2	10	9.733926041110937
2	11	8.515110587028117
2	12	9.537263221194552
2	13	8.763470254338717
2	14	9.219838025403643
2	15	9.059838025403643
2	16	9.823860915598122
2	17	8.133522356479137
2	18	6.112706289902508
2	19	5.572747443734066
2	20	7.94061774341872
2	21	7.18167110497831
2	22	8.582065781125412
2	23	7.50842193370155
2	24	10.112567991884776
2	25	8.693209764453172
2	26	12.57056197468582
2	27	11.289173838500862
2	28	14.004502607916715
2	29	13.121276199293824
2	30	15.015688753802046
2	31	13.857913108677117
2	32	16.751757938821548
2	33	15.574491802573863
2	34	19.088430303389302
2	35	18.83544809057583
2	36	20.753633744855858
2	37	18.855611382266602
2	38	20.076000867350317
2	39	18.92222445920184
2	40	22.166859849343204
2	41	20.789196771680324
2	42	19.444585119257923
2	43	18.401512734425502
2	44	20.934928430310972
2	45	20.028261763644306
2	46	22.05799148741696
2	47	21.096511147293228
2	48	16.140319776334117
2	49	15.163795327075423
2	50	18.961323384932932
2	51	17.48885003108989
2	52	12.849806950007817
2	53	11.783140283341151
2	54	11.999965489936377
2	55	10.90533211650844
2	56	9.769329997125066
2	57	8.053935646610357
2	58	8.680611051007892
2	59	7.363104989457424
2	60	2.136404392774949
2	61	3.1861180213058575
2	62	7.832080535794194
2	63	5.514073729170116
2	64	4.731174654572095
2	65	6.786216785383187
2	66	10.766791841550043
2	67	15.830149066814265
2	68	19.472997470095674
2	69	18.456511147293227
2	70	17.222189934669004
3	0	8.359815676538462
3	1	6.630589773938625
3	2	1.0062913207527044
3	3	0.0
3	4	1.8551822544261936
3	5	0.9082339395160752
3	6	4.327503680643204
3	7	3.19456257204331
3	8	1.7052982450213572
3	9	0.666666666666667
3	10	8.727634720358232
3	11	7.508819266275413
3	12	8.530971900441848
3	13	7.757178933586013
3	14	8.21354670465094
3	15	8.05354670465094
3	16	8.817569594845416
3	17	7.127231035726433
3	18	5.106414969149803
3	19	4.566456122981362
3	20	6.934326422666015
3	21	6.175379784225605
3	22	7.575774460372708
3	23	6.502130612948845
3	24	9.10627667113207
3	25	7.686918443700467
3	26	11.564270653933114
3	27	10.282882517748156
3	28	12.99821128716401
3	29	12.114984878541119
3	30	14.00939743304934
3	31	12.851621787924412
3	32	15.745466618068845
3	33	14.568200481821158
3	34	18.082138982636597
3	35	17.829156769823125
3	36	19.747342424103152
3	37	17.849320061513897
3	38	19.06970954659761
3	39	17.915933138449134
3	40	21.1605685285905
3	41	19.78290545092762
3	42	18.43829379850522
3	43	17.395221413672797
3	44	19.928637109558267
3	45	19.0219704428916
3	46	21.051700166664254
3	47	20.090219826540523
3	48	15.134028455581413
3	49	14.157504006322718
3	50	17.955032064180227
3	51	16.482558710337184
3	52	11.843515629255112
3	53	10.776848962588446
3	54	10.993674169183672
3	55	9.899040795755734
3	56	8.76303867637236
3	57	7.047644325857652
3	58	7.674319730255186
3	59	6.356813668704719
3	60	1.1301130720222445
3	61	2.179826700553153
3	62	6.82578921504149
3	63	4.507782408417412
3	64	3.724883333819391
3	65	5.779925464630482
3	66	9.760500520797338
3	67	14.82385774606156
3	68	18.46670614934297
3	69	17.450219826540522
3	70	16.2158986139163
4	0	9.32107088350601
4	1	7.591844980906172
4	2	2.861473575178898
4	3	1.8551822544261936
4	4	0.0
4	5	0.9469483149101182
4	6	5.288758887610751
4	7	4.1558177790108575
4	8	3.080213266692745
4	9	2.0415816883380544
4	10	9.68888992732578
4	11	8.47007447324296
4	12	9.492227107409395
4	13	8.71843414055356
4	14	9.174801911618488
4	15	9.014801911618488
4	16	9.778824801812965
4	17	8.08848624269398
4	18	6.0676701761173515
4	19	5.527711329948909
4	20	7.895581629633563
4	21	7.136634991193153
4	22	8.537029667340255
4	23	7.463385819916393
4	24	10.067531878099619
4	25	8.648173650668015
4	26	12.525525860900663
4	27	11.244137724715706
4	28	13.959466494131558
4	29	13.076240085508667
4	30	14.970652640016889
4	31	13.81287699489196
4	32	16.706721825036393
4	33	15.529455688788707
4	34	19.043394189604143
4	35	18.790411976790672
4	36	20.7085976310707
4	37	18.810575268481447
4	38	20.030964753565158
4	39	18.87718834541668
4	40	22.121823735558046
4	41	20.744160657895165
4	42	19.399549005472768
4	43	18.356476620640343
4	44	20.889892316525813
4	45	19.983225649859147
4	46	22.0129553736318
4	47	21.05147503350807
4	48	16.09528366254896
4	49	15.118759213290266
4	50	18.916287271147773
4	51	17.443813917304734
4	52	12.804770836222659
4	53	11.738104169555992
4	54	11.95492937615122
4	55	10.860296002723285
4	56	9.724293883339909
4	57	8.0088995328252
4	58	8.635574937222735
4	59	7.318068875672267
4	60	2.092063544434592
4	61	3.1410819075207006
4	62	7.787044422009037
4	63	5.469037615384959
4	64	4.6861385407869385
4	65	6.7411806715980305
4	66	10.721755727764887
4	67	15.785112953029108
4	68	19.427961356310515
4	69	18.41147503350807
4	70	17.177153820883845
5	0	8.37412256859589
5	1	6.644896665996054
5	2	1.9145252602687797
5	3	0.9082339395160752
5	4	0.9469483149101182
5	5	0.0
5	6	4.341810572700632
5	7	3.208869464100739
5	8	2.1332649517826265
5	9	1.094633373427936
5	10	8.741941612415662
5	11	7.5231261583328415
5	12	8.545278792499277
5	13	7.771485825643442
5	14	8.227853596708368
5	15	8.067853596708368
5	16	8.831876486902846
5	17	7.141537927783862
5	18	5.120721861207233
5	19	4.580763015038791
5	20	6.948633314723445
5	21	6.189686676283035
5	22	7.590081352430136
5	23	6.516437505006275
5	24	9.1205835631895
5	25	7.701225335757897
5	26	11.578577545990544
5	27	10.297189409805586
5	28	13.01251817922144
5	29	12.129291770598549
5	30	14.02370432510677
5	31	12.865928679981842
5	32	15.759773510126275
5	33	14.582507373878588
5	34	18.096445874694027
5	35	17.843463661880556
5	36	19.761649316160582
5	37	17.863626953571327
5	38	19.08401643865504
5	39	17.930240030506564
5	40	21.17487542064793
5	41	19.79721234298505
5	42	18.452600690562647
5	43	17.409528305730227
5	44	19.942944001615697
5	45	19.03627733494903
5	46	21.066007058721684
5	47	20.104526718597953
5	48	15.148335347638843
5	49	14.171810898380148
5	50	17.969338956237657
5	51	16.496865602394614
5	52	11.857822521312542
5	53	10.791155854645876
5	54	11.007981061241102
5	55	9.913347687813165
5	56	8.77734556842979
5	57	7.061951217915082
5	58	7.688626622312616
5	59	6.371120560762149
5	60	1.145115229524474
5	61	2.1941335926105823
5	62	6.840096107098919
5	63	4.522089300474841
5	64	3.73919022587682
5	65	5.794232356687912
5	66	9.774807412854768
5	67	14.83816463811899
5	68	18.4810130414004
5	69	17.464526718597952
5	70	16.23020550597373
6	0	8.309763426002451
6	1	6.580537523402613
6	2	5.333795001395908
6	3	4.327503680643204
6	4	5.288758887610751
6	5	4.341810572700632
6	6	0.0
6	7	1.1329411085998942
6	8	4.708178752938637
6	9	3.6695471745839465
6	10	8.677582469822221
6	11	7.458767015739401
6	12	8.480919649905836
6	13	7.707126683050001
6	14	8.163494454114929
6	15	8.003494454114929
6	16	8.767517344309406
6	17	7.077178785190421
6	18	3.530018391726219
6	19	2.990059545557777
6	20	4.991880578573234
6	21	4.232933940132824
6	22	5.546631529218674
6	23	4.4729876817948115
6	24	7.04719579947729
6	25	5.627837572045688
6	26	9.505189782278336
6	27	8.223801646093378
6	28	10.93913041550923
6	29	10.05590400688634
6	30	11.950316561394562
6	31	10.792540916269633
6	32	13.686385746414064
6	33	12.50911961016638
6	34	16.023058110981818
6	35	15.770075898168345
6	36	17.688261552448374
6	37	15.790239189859118
6	38	17.01062867494283
6	39	15.856852266794355
6	40	19.101487656935717
6	41	17.72382457927284
6	42	16.379212926850442
6	43	15.336140542018018
6	44	17.86955623790349
6	45	16.962889571236822
6	46	18.992619295009472
6	47	18.03113895488574
6	48	13.074947583926633
6	49	12.09842313466794
6	50	15.895951192525448
6	51	14.423477838682405
6	52	9.784434757600332
6	53	8.717768090933665
6	54	8.934593297528892
6	55	7.839959924100956
6	56	6.7039578047175805
6	57	4.988563454202872
6	58	5.6152388586004065
6	59	4.297732797049941
6	60	3.2439332356150894
6	61	2.1476769800900506
6	62	6.775736964505478
6	63	4.4577301578814
6	64	1.7953273671798526
6	65	3.720844592975703
6	66	7.70141964914256
6	67	12.764776874406781
6	68	16.40762527768819
6	69	15.391138954885742
6	70	14.15681774226152
7	0	7.176822317402557
7	1	5.447596414802719
7	2	4.200853892796014
7	3	3.19456257204331
7	4	4.1558177790108575
7	5	3.208869464100739
7	6	1.1329411085998942
7	7	0.0
7	8	3.575237644338743
7	9	2.536606065984053
7	10	7.544641361222327
7	11	6.3258259071395075
7	12	7.347978541305942
7	13	6.574185574450107
7	14	7.030553345515035
7	15	6.8705533455150345
7	16	7.6345762357095115
7	17	5.944237676590527
7	18	2.3970772831263254
7	19	1.8571184369578833
7	20	3.8589394699733406
7	21	3.0999928315329304
7	22	4.41369042061878
7	23	3.3400465731949174
7	24	5.914254690877396
7	25	4.4948964634457935
7	26	8.372248673678442
7	27	7.090860537493484
7	28	9.806189306909335
7	29	8.922962898286446
7	30	10.817375452794668
7	31	9.65959980766974
7	32	12.55344463781417
7	33	11.376178501566486
7	34	14.890117002381922
7	35	14.637134789568451
7	36	16.55532044384848
7	37	14.657298081259224
7	38	15.877687566342935
7	39	14.723911158194461
7	40	17.968546548335823
7	41	16.590883470672946
7	42	15.246271818250547
7	43	14.203199433418124
7	44	16.736615129303594
7	45	15.829948462636928
7	46	17.859678186409578
7	47	16.898197846285846
7	48	11.942006475326739
7	49	10.965482026068045
7	50	14.763010083925554
7	51	13.290536730082511
7	52	8.651493649000438
7	53	7.584826982333771
7	54	7.8016521889289985
7	55	6.707018815501062
7	56	5.571016696117686
7	57	3.855622345602978
7	58	4.482297750000512
7	59	3.164791688450046
7	60	2.1109921270151952
7	61	1.0147358714901566
7	62	5.642795855905584
7	63	3.3247890492815064
7	64	0.6623862585799585
7	65	2.5879034843758086
7	66	6.5684785405426656
7	67	11.631835765806887
7	68	15.274684169088296
7	69	14.258197846285848
7	70	13.023876633661626
8	0	8.740490748833896
8	1	7.011264846234058
8	2	2.7115895657740614
8	3	1.7052982450213572
8	4	3.080213266692745
8	5	2.1332649517826265
8	6	4.708178752938637
8	7	3.575237644338743
8	8	0.0
8	9	1.0386315783546902
8	10	9.108309792653666
8	11	7.889494338570845
8	12	8.91164697273728
8	13	8.137854005881445
8	14	8.594221776946373
8	15	8.434221776946373
8	16	9.19824466714085
8	17	7.507906108021865
8	18	5.487090041445237
8	19	4.9471311952767945
8	20	7.315001494961448
8	21	6.556054856521039
8	22	7.956449532668141
8	23	6.8828056852442785
8	24	9.486951743427504
8	25	8.0675935159959
8	26	11.944945726228548
8	27	10.663557590043592
8	28	13.378886359459443
8	29	12.495659950836552
8	30	14.390072505344774
8	31	13.232296860219845
8	32	16.12614169036428
8	33	14.948875554116592
8	34	18.46281405493203
8	35	18.209831842118557
8	36	20.128017496398584
8	37	18.229995133809332
8	38	19.450384618893043
8	39	18.296608210744566
8	40	21.54124360088593
8	41	20.16358052322305
8	42	18.818968870800653
8	43	17.77589648596823
8	44	20.3093121818537
8	45	19.402645515187032
8	46	21.432375238959686
8	47	20.470894898835954
8	48	15.514703527876847
8	49	14.538179078618152
8	50	18.335707136475662
8	51	16.86323378263262
8	52	12.224190701550544
8	53	11.157524034883878
8	54	11.374349241479106
8	55	10.27971586805117
8	56	9.143713748667794
8	57	7.428319398153086
8	58	8.05499480255062
8	59	6.737488741000153
8	60	1.5857858324529082
8	61	2.5605017728485864
8	62	7.206464287336923
8	63	4.8884574807128445
8	64	4.105558406114824
8	65	6.160600536925916
8	66	10.141175593092772
8	67	15.204532818356993
8	68	18.8473812216384
8	69	17.830894898835954
8	70	16.59657368621173
9	0	7.701859170479205
9	1	5.972633267879368
9	2	1.6729579874193714
9	3	0.666666666666667
9	4	2.0415816883380544
9	5	1.094633373427936
9	6	3.6695471745839465
9	7	2.536606065984053
9	8	1.0386315783546902
9	9	0.0
9	10	8.069678214298975
9	11	6.850862760216156
9	12	7.87301539438259
9	13	7.0992224275267555
9	14	7.555590198591682
9	15	7.395590198591682
9	16	8.159613088786159
9	17	6.469274529667175
9	18	4.448458463090546
9	19	3.9084996169221045
9	20	6.2763699166067575
9	21	5.517423278166348
9	22	6.917817954313451
9	23	5.844174106889588
9	24	8.448320165072813
9	25	7.02896193764121
9	26	10.906314147873857
9	27	9.624926011688899
9	28	12.340254781104752
9	29	11.457028372481862
9	30	13.351440926990083
9	31	12.193665281865155
9	32	15.087510112009587
9	33	13.910243975761901
9	34	17.42418247657734
9	35	17.17120026376387
9	36	19.089385918043895
9	37	17.19136355545464
9	38	18.411753040538354
9	39	17.257976632389877
9	40	20.502612022531242
9	41	19.12494894486836
9	42	17.780337292445964
9	43	16.73726490761354
9	44	19.27068060349901
9	45	18.364013936832343
9	46	20.393743660604997
9	47	19.432263320481265
9	48	14.476071949522156
9	49	13.49954750026346
9	50	17.29707555812097
9	51	15.824602204277927
9	52	11.185559123195855
9	53	10.118892456529188
9	54	10.335717663124415
9	55	9.241084289696477
9	56	8.105082170313104
9	57	6.389687819798395
9	58	7.016363224195929
9	59	5.698857162645462
9	60	0.5471542540982179
9	61	1.521870194493896
9	62	6.167832708982233
9	63	3.8498259023581545
9	64	3.066926827760134
9	65	5.121968958571225
9	66	9.102544014738081
9	67	14.165901240002302
9	68	17.80874964328371
9	69	16.792263320481265
9	70	15.557942107857041
10	0	4.228596791727241
10	1	2.4993708891274036
10	2	9.733926041110937
10	3	8.727634720358232
10	4	9.68888992732578
10	5	8.741941612415662
10	6	8.677582469822221
10	7	7.544641361222327
10	8	9.108309792653666
10	9	8.069678214298975
10	10	0.0
10	11	1.2188154540828202
10	12	3.56594175427199
10	13	2.7921487874161546
10	14	4.2815651083857125
10	15	4.121565108385712
10	16	5.744612040086038
10	17	4.054273480967053
10	18	8.835974931942586
10	19	8.296016085774145
10	20	10.993713746120235
10	21	10.234767107679826
10	22	11.793000413964071
10	23	10.71935656654021
10	24	13.454961613188058
10	25	12.035603385756454
10	26	15.912955595989102
10	27	14.631567459804145
10	28	17.346896229219997
10	29	16.463669820597104
10	30	18.358082375105326
10	31	17.200306729980397
10	32	20.094151560124832
10	33	18.916885423877147
10	34	22.430823924692582
10	35	22.17784171187911
10	36	24.096027366159138
10	37	22.198005003569882
10	38	23.418394488653597
10	39	22.26461808050512
10	40	25.509253470646485
10	41	24.131590392983604
10	42	22.786978740561203
10	43	21.743906355728782
10	44	24.277322051614252
10	45	23.370655384947586
10	46	25.40038510872024
10	47	24.438904768596508
10	48	19.4827133976374
10	49	18.506188948378707
10	50	22.303717006236212
10	51	20.83124365239317
10	52	16.192200571311098
10	53	15.125533904644431
10	54	15.34235911123966
10	55	14.247725737811724
10	56	13.111723618428348
10	57	11.39632926791364
10	58	12.023004672311174
10	59	10.705498610760706
10	60	7.644064275330118
10	61	6.54780801980508
10	62	2.6912888079258637
10	63	4.219852311940821
10	64	7.956612643802872
10	65	10.12861040668647
10	66	14.109185462853326
10	67	19.172542688117545
10	68	22.815391091398954
10	69	21.798904768596508
10	70	20.564583555972284
11	0	3.0097813376444202
11	1	1.2805554350445836
11	2	8.515110587028117
11	3	7.508819266275413
11	4	8.47007447324296
11	5	7.5231261583328415
11	6	7.458767015739401
11	7	6.3258259071395075
11	8	7.889494338570845
11	9	6.850862760216156
11	10	1.2188154540828202
11	11	0.0
11	12	2.3471263001891693
11	13	1.5733333333333341
11	14	3.062749654302892
11	15	2.902749654302892
11	16	4.525796586003218
11	17	2.835458026884233
11	18	7.617159477859765
11	19	7.0772006316913245
11	20	9.774898292037415
11	21	9.015951653597005
11	22	10.57418495988125
11	23	9.50054111245739
11	24	12.236146159105239
11	25	10.816787931673636
11	26	14.694140141906283
11	27	13.412752005721327
11	28	16.128080775137178
11	29	15.244854366514287
11	30	17.13926692102251
11	31	15.98149127589758
11	32	18.875336106042013
11	33	17.698069969794325
11	34	21.212008470609767
11	35	20.959026257796296
11	36	22.877211912076323
11	37	20.979189549487067
11	38	22.19957903457078
11	39	21.045802626422304
11	40	24.29043801656367
11	41	22.91277493890079
11	42	21.568163286478388
11	43	20.525090901645967
11	44	23.058506597531437
11	45	22.15183993086477
11	46	24.181569654637425
11	47	23.220089314513693
11	48	18.263897943554582
11	49	17.287373494295885
11	50	21.084901552153397
11	51	19.612428198310354
11	52	14.973385117228279
11	53	13.906718450561613
11	54	14.12354365715684
11	55	13.028910283728905
11	56	11.89290816434553
11	57	10.17751381383082
11	58	10.804189218228355
11	59	9.486683156677888
11	60	6.425248821247298
11	61	5.32899256572226
11	62	1.4724733538430435
11	63	3.001036857858001
11	64	6.737797189720052
11	65	8.90979495260365
11	66	12.890370008770507
11	67	17.95372723403473
11	68	21.59657563731614
11	69	20.580089314513692
11	70	19.34576810188947
12	0	4.995603427254621
12	1	3.2663775246547844
12	2	9.537263221194552
12	3	8.530971900441848
12	4	9.492227107409395
12	5	8.545278792499277
12	6	8.480919649905836
12	7	7.347978541305942
12	8	8.91164697273728
12	9	7.87301539438259
12	10	3.56594175427199
12	11	2.3471263001891693
12	12	0.0
12	13	0.7737929668558351
12	14	2.320459633522501
12	15	2.160459633522501
12	16	4.160978274767677
12	17	2.470639715648692
12	18	8.6393121120262
12	19	8.099353265857758
12	20	10.79705092620385
12	21	10.03810428776344
12	22	11.596337594047686
12	23	10.522693746623823
12	24	13.258298793271674
12	25	11.83894056584007
12	26	15.716292776072718
12	27	14.434904639887762
12	28	17.150233409303613
12	29	16.26700700068072
12	30	18.161419555188942
12	31	17.003643910064014
12	32	19.89748874020845
12	33	18.720222603960764
12	34	22.2341611047762
12	35	21.981178891962728
12	36	23.899364546242754
12	37	22.0013421836535
12	38	23.221731668737213
12	39	22.067955260588736
12	40	25.3125906507301
12	41	23.93492757306722
12	42	22.59031592064482
12	43	21.5472435358124
12	44	24.08065923169787
12	45	23.173992565031202
12	46	25.203722288803856
12	47	24.242241948680125
12	48	19.286050577721017
12	49	18.309526128462323
12	50	22.10705418631983
12	51	20.634580832476786
12	52	15.995537751394714
12	53	14.928871084728048
12	54	15.145696291323276
12	55	14.05106291789534
12	56	12.915060798511965
12	57	11.199666447997256
12	58	11.82634185239479
12	59	10.508835790844323
12	60	7.447401455413733
12	61	6.351145199888695
12	62	1.7052195906730607
12	63	4.023189492024436
12	64	7.759949823886487
12	65	9.931947586770086
12	66	13.912522642936942
12	67	18.97587986820116
12	68	22.61872827148257
12	69	21.602241948680124
12	70	20.3679207360559
13	0	4.221810460398786
13	1	2.492584557798949
13	2	8.763470254338717
13	3	7.757178933586013
13	4	8.71843414055356
13	5	7.771485825643442
13	6	7.707126683050001
13	7	6.574185574450107
13	8	8.137854005881445
13	9	7.0992224275267555
13	10	2.7921487874161546
13	11	1.5733333333333341
13	12	0.7737929668558351
13	13	0.0
13	14	1.5466666666666662
13	15	1.386666666666666
13	16	3.387185307911842
13	17	1.6968467487928571
13	18	7.865519145170365
13	19	7.325560299001924
13	20	10.023257959348015
13	21	9.264311320907606
13	22	10.822544627191851
13	23	9.74890077976799
13	24	12.484505826415838
13	25	11.065147598984234
13	26	14.942499809216882
13	27	13.661111673031925
13	28	16.376440442447777
13	29	15.493214033824886
13	30	17.387626588333106
13	31	16.229850943208177
13	32	19.123695773352612
13	33	17.946429637104927
13	34	21.460368137920362
13	35	21.20738592510689
13	36	23.125571579386918
13	37	21.227549216797662
13	38	22.447938701881377
13	39	21.2941622937329
13	40	24.538797683874265
13	41	23.161134606211384
13	42	21.816522953788983
13	43	20.773450568956562
13	44	23.306866264842032
13	45	22.400199598175366
13	46	24.42992932194802
13	47	23.468448981824288
13	48	18.51225761086518
13	49	17.535733161606487
13	50	21.333261219463992
13	51	19.86078786562095
13	52	15.221744784538878
13	53	14.155078117872211
13	54	14.37190332446744
13	55	13.277269951039504
13	56	12.141267831656128
13	57	10.42587348114142
13	58	11.052548885538954
13	59	9.735042823988486
13	60	6.673608488557898
13	61	5.57735223303286
13	62	0.9314266238172256
13	63	3.249396525168601
13	64	6.986156857030652
13	65	9.15815461991425
13	66	13.138729676081105
13	67	18.202086901345325
13	68	21.844935304626734
13	69	20.828448981824288
13	70	19.594127769200064
14	0	5.453493008191112
14	1	3.7242671055912746
14	2	9.219838025403643
14	3	8.21354670465094
14	4	9.174801911618488
14	5	8.227853596708368
14	6	8.163494454114929
14	7	7.030553345515035
14	8	8.594221776946373
14	9	7.555590198591682
14	10	4.2815651083857125
14	11	3.062749654302892
14	12	2.320459633522501
14	13	1.5466666666666662
14	14	0.0
14	15	0.16000000000000014
14	16	2.876572234046657
14	17	1.1862336749276723
14	18	8.321886916235293
14	19	7.781928070066851
14	20	10.479625730412941
14	21	9.720679091972531
14	22	11.278912398256779
14	23	10.205268550832916
14	24	12.940873597480765
14	25	11.521515370049162
14	26	15.39886758028181
14	27	14.117479444096851
14	28	16.832808213512706
14	29	15.949581804889814
14	30	17.843994359398035
14	31	16.686218714273107
14	32	19.58006354441754
14	33	18.402797408169853
14	34	21.91673590898529
14	35	21.66375369617182
14	36	23.581939350451847
14	37	21.68391698786259
14	38	22.904306472946306
14	39	21.75053006479783
14	40	24.995165454939194
14	41	23.617502377276313
14	42	22.272890724853916
14	43	21.22981834002149
14	44	23.76323403590696
14	45	22.856567369240295
14	46	24.88629709301295
14	47	23.924816752889217
14	48	18.96862538193011
14	49	17.992100932671413
14	50	21.78962899052892
14	51	20.31715563668588
14	52	15.678112555603807
14	53	14.61144588893714
14	54	14.828271095532367
14	55	13.73363772210443
14	56	12.597635602721056
14	57	10.882241252206347
14	58	11.508916656603882
14	59	10.191410595053414
14	60	7.129976259622825
14	61	6.033720004097786
14	62	1.8440163630770068
14	63	3.7057642962335278
14	64	7.442524628095578
14	65	9.614522390979177
14	66	13.595097447146033
14	67	18.658454672410254
14	68	22.301303075691663
14	69	21.284816752889217
14	70	20.050495540264993
15	0	5.293493008191112
15	1	3.5642671055912745
15	2	9.059838025403643
15	3	8.05354670465094
15	4	9.014801911618488
15	5	8.067853596708368
15	6	8.003494454114929
15	7	6.8705533455150345
15	8	8.434221776946373
15	9	7.395590198591682
15	10	4.121565108385712
15	11	2.902749654302892
15	12	2.160459633522501
15	13	1.386666666666666
15	14	0.16000000000000014
15	15	0.0
15	16	2.716572234046657
15	17	1.0262336749276721
15	18	8.161886916235293
15	19	7.621928070066851
15	20	10.319625730412941
15	21	9.560679091972531
15	22	11.118912398256779
15	23	10.045268550832915
15	24	12.780873597480765
15	25	11.361515370049162
15	26	15.23886758028181
15	27	13.957479444096851
15	28	16.672808213512702
15	29	15.789581804889814
15	30	17.683994359398035
15	31	16.526218714273107
15	32	19.420063544417538
15	33	18.242797408169853
15	34	21.75673590898529
15	35	21.50375369617182
15	36	23.421939350451847
15	37	21.52391698786259
15	38	22.744306472946306
15	39	21.59053006479783
15	40	24.835165454939194
15	41	23.457502377276313
15	42	22.112890724853912
15	43	21.06981834002149
15	44	23.60323403590696
15	45	22.696567369240295
15	46	24.72629709301295
15	47	23.764816752889217
15	48	18.808625381930106
15	49	17.832100932671413
15	50	21.62962899052892
15	51	20.15715563668588
15	52	15.518112555603807
15	53	14.45144588893714
15	54	14.668271095532367
15	55	13.57363772210443
15	56	12.437635602721056
15	57	10.722241252206347
15	58	11.348916656603881
15	59	10.031410595053414
15	60	6.9699762596228245
15	61	5.873720004097786
15	62	1.6840163630770066
15	63	3.5457642962335276
15	64	7.282524628095578
15	65	9.454522390979177
15	66	13.435097447146033
15	67	18.498454672410254
15	68	22.141303075691663
15	69	21.124816752889217
15	70	19.890495540264993
16	0	6.535345084434242
16	1	4.806119181834406
16	2	9.823860915598122
16	3	8.817569594845416
16	4	9.778824801812965
16	5	8.831876486902846
16	6	8.767517344309406
16	7	7.6345762357095115
16	8	9.19824466714085
16	9	8.159613088786159
16	10	5.744612040086038
16	11	4.525796586003218
16	12	4.160978274767677
16	13	3.387185307911842
16	14	2.876572234046657
16	15	2.716572234046657
16	16	0.0
16	17	1.6903385591189848
16	18	8.92590980642977
16	19	8.38595096026133
16	20	11.08364862060742
16	21	10.32470198216701
16	22	11.882935288451256
16	23	10.809291441027394
16	24	13.544896487675242
16	25	12.125538260243639
16	26	16.002890470476288
16	27	14.72150233429133
16	28	17.43683110370718
16	29	16.55360469508429
16	30	18.44801724959251
16	31	17.29024160446758
16	32	20.184086434612016
16	33	19.00682029836433
16	34	22.520758799179767
16	35	22.267776586366296
16	36	24.185962240646322
16	37	22.287939878057067
16	38	23.50832936314078
16	39	22.354552954992304
16	40	25.59918834513367
16	41	24.22152526747079
16	42	22.876913615048387
16	43	21.833841230215967
16	44	24.367256926101437
16	45	23.46059025943477
16	46	25.490319983207424
16	47	24.528839643083693
16	48	19.572648272124585
16	49	18.59612382286589
16	50	22.393651880723397
16	51	20.921178526880354
16	52	16.282135445798282
16	53	15.215468779131616
16	54	15.432293985726844
16	55	14.337660612298908
16	56	13.201658492915533
16	57	11.486264142400824
16	58	12.112939546798358
16	59	10.79543348524789
16	60	7.733999149817302
16	61	6.6377428942922645
16	62	3.0617935853188554
16	63	4.3097871864280055
16	64	8.046547518290057
16	65	10.218545281173654
16	66	14.19912033734051
16	67	19.26247756260473
16	68	22.90532596588614
16	69	21.888839643083692
16	70	20.65451843045947
17	0	4.845006525315258
17	1	3.115780622715421
17	2	8.133522356479137
17	3	7.127231035726433
17	4	8.08848624269398
17	5	7.141537927783862
17	6	7.077178785190421
17	7	5.944237676590527
17	8	7.507906108021865
17	9	6.469274529667175
17	10	4.054273480967053
17	11	2.835458026884233
17	12	2.470639715648692
17	13	1.6968467487928571
17	14	1.1862336749276723
17	15	1.0262336749276721
17	16	1.6903385591189848
17	17	0.0
17	18	7.235571247310785
17	19	6.695612401142344
17	20	9.393310061488435
17	21	8.634363423048026
17	22	10.192596729332271
17	23	9.11895288190841
17	24	11.854557928556257
17	25	10.435199701124654
17	26	14.312551911357302
17	27	13.031163775172345
17	28	15.746492544588197
17	29	14.863266135965306
17	30	16.757678690473526
17	31	15.599903045348599
17	32	18.493747875493032
17	33	17.316481739245347
17	34	20.830420240060782
17	35	20.57743802724731
17	36	22.495623681527338
17	37	20.597601318938082
17	38	21.817990804021797
17	39	20.66421439587332
17	40	23.908849786014684
17	41	22.531186708351804
17	42	21.186575055929403
17	43	20.143502671096982
17	44	22.676918366982452
17	45	21.770251700315786
17	46	23.79998142408844
17	47	22.838501083964708
17	48	17.8823097130056
17	49	16.905785263746907
17	50	20.703313321604412
17	51	19.23083996776137
17	52	14.591796886679298
17	53	13.525130220012631
17	54	13.74195542660786
17	55	12.647322053179924
17	56	11.511319933796548
17	57	9.79592558328184
17	58	10.422600987679374
17	59	9.105094926128906
17	60	6.043660590698318
17	61	4.94740433517328
17	62	1.3714550261998708
17	63	2.619448627309021
17	64	6.356208959171072
17	65	8.52820672205467
17	66	12.508781778221525
17	67	17.572139003485745
17	68	21.214987406767154
17	69	20.198501083964707
17	70	18.964179871340484
18	0	8.468155888122816
18	1	6.738929985522978
18	2	6.112706289902508
18	3	5.106414969149803
18	4	6.0676701761173515
18	5	5.120721861207233
18	6	3.530018391726219
18	7	2.3970772831263254
18	8	5.487090041445237
18	9	4.448458463090546
18	10	8.835974931942586
18	11	7.617159477859765
18	12	8.6393121120262
18	13	7.865519145170365
18	14	8.321886916235293
18	15	8.161886916235293
18	16	8.92590980642977
18	17	7.235571247310785
18	18	0.0
18	19	0.5399588461684419
18	20	3.3255721512755176
18	21	2.5666255128351074
18	22	4.336476991910983
18	23	3.262833144487121
18	24	6.6610988540724625
18	25	5.24174062664086
18	26	9.119092836873508
18	27	7.837704700688549
18	28	10.553033470104403
18	29	9.669807061481512
18	30	11.564219615989733
18	31	10.406443970864805
18	32	13.300288801009238
18	33	12.123022664761551
18	34	15.636961165576988
18	35	15.383978952763517
18	36	17.302164607043544
18	37	15.404142244454292
18	38	16.624531729538003
18	39	15.470755321389527
18	40	18.71539071153089
18	41	17.33772763386801
18	42	15.993115981445612
18	43	14.950043596613188
18	44	17.483459292498658
18	45	16.57679262583199
18	46	18.606522349604646
18	47	17.645042009480914
18	48	12.688850638521807
18	49	11.712326189263111
18	50	15.50985424712062
18	51	14.037380893277577
18	52	9.398337812195503
18	53	8.331671145528837
18	54	8.548496352124065
18	55	7.453862978696128
18	56	6.317860859312753
18	57	4.602466508798044
18	58	5.229141913195579
18	59	3.911635851645112
18	60	4.022844524121689
18	61	2.9265882685966504
18	62	6.934129426625843
18	63	4.616122620001764
18	64	1.8224564095189548
18	65	3.334747647570875
18	66	7.315322703737731
18	67	12.378679929001953
18	68	16.02152833228336
18	69	15.005042009480913
18	70	13.770720796856692
19	0	7.928197041954373
19	1	6.198971139354536
19	2	5.572747443734066
19	3	4.566456122981362
19	4	5.527711329948909
19	5	4.580763015038791
19	6	2.990059545557777
19	7	1.8571184369578833
19	8	4.9471311952767945
19	9	3.9084996169221045
19	10	8.296016085774145
19	11	7.0772006316913245
19	12	8.099353265857758
19	13	7.325560299001924
19	14	7.781928070066851
19	15	7.621928070066851
19	16	8.38595096026133
19	17	6.695612401142344
19	18	0.5399588461684419
19	19	0.0
19	20	2.7856133051070757
19	21	2.0266666666666655
19	22	3.7965181457425414
19	23	2.722874298318679
19	24	6.121140007904021
19	25	4.701781780472418
19	26	8.579133990705065
19	27	7.297745854520108
19	28	10.01307462393596
19	29	9.12984821531307
19	30	11.024260769821291
19	31	9.866485124696363
19	32	12.760329954840795
19	33	11.583063818593109
19	34	15.097002319408546
19	35	14.844020106595075
19	36	16.7622057608751
19	37	14.86418339828585
19	38	16.08457288336956
19	39	14.930796475221085
19	40	18.175431865362448
19	41	16.797768787699567
19	42	15.45315713527717
19	43	14.410084750444746
19	44	16.943500446330216
19	45	16.03683377966355
19	46	18.066563503436203
19	47	17.10508316331247
19	48	12.148891792353364
19	49	11.172367343094669
19	50	14.969895400952177
19	51	13.497422047109135
19	52	8.858378966027061
19	53	7.7917122993603956
19	54	8.008537505955623
19	55	6.913904132527686
19	56	5.7779020131443115
19	57	4.062507662629603
19	58	4.689183067027137
19	59	3.3716770054766703
19	60	3.482885677953247
19	61	2.3866294224282085
19	62	6.394170580457401
19	63	4.076163773833323
19	64	1.282497563350513
19	65	2.794788801402433
19	66	6.775363857569289
19	67	11.83872108283351
19	68	15.481569486114918
19	69	14.465083163312471
19	70	13.23076195068825
20	0	10.625894702300464
20	1	8.896668799700628
20	2	7.94061774341872
20	3	6.934326422666015
20	4	7.895581629633563
20	5	6.948633314723445
20	6	4.991880578573234
20	7	3.8589394699733406
20	8	7.315001494961448
20	9	6.2763699166067575
20	10	10.993713746120235
20	11	9.774898292037415
20	12	10.79705092620385
20	13	10.023257959348015
20	14	10.479625730412941
20	15	10.319625730412941
20	16	11.08364862060742
20	17	9.393310061488435
20	18	3.3255721512755176
20	19	2.7856133051070757
20	20	0.0
20	21	0.7589466384404101
20	22	2.738472499275635
20	23	1.6648286518517725
20	24	5.952726260943235
20	25	4.533368033511633
20	26	8.41072024374428
20	27	7.129332107559323
20	28	9.844660876975174
20	29	8.961434468352284
20	30	10.855847022860505
20	31	9.698071377735577
20	32	12.59191620788001
20	33	11.414650071632323
20	34	14.92858857244776
20	35	14.675606359634289
20	36	16.593792013914317
20	37	14.695769651325062
20	38	15.916159136408773
20	39	14.762382728260299
20	40	18.00701811840166
20	41	16.629355040738783
20	42	15.284743388316384
20	43	14.241671003483962
20	44	16.77508669936943
20	45	15.868420032702765
20	46	17.898149756475416
20	47	16.936669416351684
20	48	11.980478045392578
20	49	11.003953596133883
20	50	14.801481653991392
20	51	13.329008300148349
20	52	8.689965219066277
20	53	7.623298552399611
20	54	7.840123758994837
20	55	6.745490385566901
20	56	5.609488266183526
20	57	3.894093915668817
20	58	4.520769320066352
20	59	3.203263258515885
20	60	5.850755977637901
20	61	4.754499722112862
20	62	9.091868240803493
20	63	6.773861434179414
20	64	3.2239911500962224
20	65	2.6263750544416475
20	66	6.606950110608504
20	67	11.670307335872725
20	68	15.313155739154134
20	69	14.296669416351685
20	70	13.062348203727463
21	0	9.866948063860054
21	1	8.137722161260218
21	2	7.18167110497831
21	3	6.175379784225605
21	4	7.136634991193153
21	5	6.189686676283035
21	6	4.232933940132824
21	7	3.0999928315329304
21	8	6.556054856521039
21	9	5.517423278166348
21	10	10.234767107679826
21	11	9.015951653597005
21	12	10.03810428776344
21	13	9.264311320907606
21	14	9.720679091972531
21	15	9.560679091972531
21	16	10.32470198216701
21	17	8.634363423048026
21	18	2.5666255128351074
21	19	2.0266666666666655
21	20	0.7589466384404101
21	21	0.0
21	22	1.9795258608352244
21	23	0.9058820134113623
21	24	5.193779622502825
21	25	3.774421395071222
21	26	7.65177360530387
21	27	6.370385469118912
21	28	9.085714238534765
21	29	8.202487829911874
21	30	10.096900384420096
21	31	8.939124739295167
21	32	11.8329695694396
21	33	10.655703433191913
21	34	14.16964193400735
21	35	13.916659721193879
21	36	15.834845375473908
21	37	13.936823012884652
21	38	15.157212497968363
21	39	14.003436089819889
21	40	17.24807147996125
21	41	15.870408402298372
21	42	14.525796749875974
21	43	13.482724365043552
21	44	16.016140060929022
21	45	15.109473394262356
21	46	17.139203118035006
21	47	16.177722777911278
21	48	11.221531406952169
21	49	10.245006957693473
21	50	14.042535015550982
21	51	12.570061661707939
21	52	7.931018580625866
21	53	6.8643519139592
21	54	7.081177120554427
21	55	5.986543747126491
21	56	4.850541627743116
21	57	3.135147277228407
21	58	3.761822681625941
21	59	2.4443166200754747
21	60	5.091809339197491
21	61	3.995553083672452
21	62	8.332921602363083
21	63	6.014914795739005
21	64	2.465044511655812
21	65	1.8674284160012373
21	66	5.848003472168093
21	67	10.911360697432315
21	68	14.554209100713724
21	69	13.537722777911275
21	70	12.303401565287054
22	0	11.425181370144301
22	1	9.695955467544463
22	2	8.582065781125412
22	3	7.575774460372708
22	4	8.537029667340255
22	5	7.590081352430136
22	6	5.546631529218674
22	7	4.41369042061878
22	8	7.956449532668141
22	9	6.917817954313451
22	10	11.793000413964071
22	11	10.57418495988125
22	12	11.596337594047686
22	13	10.822544627191851
22	14	11.278912398256779
22	15	11.118912398256779
22	16	11.882935288451256
22	17	10.192596729332271
22	18	4.336476991910983
22	19	3.7965181457425414
22	20	2.738472499275635
22	21	1.9795258608352244
22	22	0.0
22	23	1.073643847423862
22	24	5.724230682505196
22	25	4.3048724550735935
22	26	8.18222466530624
22	27	6.900836529121284
22	28	9.616165298537137
22	29	8.732938889914244
22	30	10.627351444422466
22	31	9.469575799297537
22	32	12.363420629441972
22	33	11.186154493194284
22	34	14.70009299400972
22	35	14.44711078119625
22	36	16.365296435476278
22	37	14.467274072887022
22	38	15.687663557970733
22	39	14.53388714982226
22	40	17.77852253996362
22	41	16.400859462300744
22	42	15.056247809878345
22	43	14.013175425045922
22	44	16.546591120931392
22	45	15.639924454264726
22	46	17.669654178037376
22	47	16.708173837913648
22	48	11.75198246695454
22	49	10.775458017695843
22	50	14.572986075553352
22	51	13.10051272171031
22	52	8.461469640628238
22	53	7.394802973961571
22	54	7.6116281805567985
22	55	6.516994807128862
22	56	5.380992687745486
22	57	3.665598337230778
22	58	4.292273741628312
22	59	2.974767680077846
22	60	6.492204015344593
22	61	5.395947759819554
22	62	9.891154908647328
22	63	7.57314810202325
22	64	3.8619368337826794
22	65	2.3978794760036086
22	66	6.3784545321704655
22	67	11.441811757434685
22	68	15.084660160716094
22	69	14.068173837913646
22	70	12.833852625289424
23	0	10.351537522720438
23	1	8.622311620120602
23	2	7.50842193370155
23	3	6.502130612948845
23	4	7.463385819916393
23	5	6.516437505006275
23	6	4.4729876817948115
23	7	3.3400465731949174
23	8	6.8828056852442785
23	9	5.844174106889588
23	10	10.71935656654021
23	11	9.50054111245739
23	12	10.522693746623823
23	13	9.74890077976799
23	14	10.205268550832916
23	15	10.045268550832915
23	16	10.809291441027394
23	17	9.11895288190841
23	18	3.262833144487121
23	19	2.722874298318679
23	20	1.6648286518517725
23	21	0.9058820134113623
23	22	1.073643847423862
23	23	0.0
23	24	4.650586835081334
23	25	3.231228607649732
23	26	7.108580817882379
23	27	5.827192681697422
23	28	8.542521451113274
23	29	7.659295042490383
23	30	9.553707596998605
23	31	8.395931951873676
23	32	11.289776782018109
23	33	10.112510645770422
23	34	13.626449146585859
23	35	13.373466933772388
23	36	15.291652588052415
23	37	13.393630225463163
23	38	14.614019710546872
23	39	13.460243302398398
23	40	16.70487869253976
23	41	15.32721561487688
23	42	13.982603962454483
23	43	12.93953157762206
23	44	15.47294727350753
23	45	14.566280606840865
23	46	16.596010330613517
23	47	15.634529990489785
23	48	10.678338619530678
23	49	9.701814170271982
23	50	13.49934222812949
23	51	12.026868874286448
23	52	7.387825793204376
23	53	6.32115912653771
23	54	6.537984333132936
23	55	5.4433509597050005
