VERTICES = 40
;

DISTANCE_MATRIX = 
0	0	0.0
0	1	3.946446799849882
0	2	16.45551860577494
0	3	14.602585056259365
0	4	15.652534140258386
0	5	13.395882556493094
0	6	15.694610375119979
0	7	14.839071322859189
0	8	11.901260897998027
0	9	11.355162864324722
0	10	14.034818378745356
0	11	13.02477430252055
0	12	24.607258556679646
0	13	22.21983086896151
0	14	25.816903465592077
0	15	24.841593907831385
0	16	19.854092362886608
0	17	19.17288722423204
0	18	16.20854972887335
0	19	22.99284278568735
0	20	23.517292505098467
0	21	20.10199278007868
0	22	21.39678768865241
0	23	19.02078924167526
0	24	19.74162613792185
0	25	22.317870212731055
0	26	17.29940148657688
0	27	23.4927786269429
0	28	19.70862102302805
0	29	31.223163297661156
0	30	26.97295480727857
0	31	25.08762312426058
0	32	15.972889504155692
0	33	24.573653130646143
0	34	19.808530948163444
0	35	17.223665238923886
0	36	12.13977913471139
0	37	7.095041469411957
0	38	9.154699666273029
0	39	13.941322487639514
1	0	3.946446799849882
1	1	0.0
1	2	12.509071805925059
1	3	10.656138256409482
1	4	11.706087340408502
1	5	9.449435756643211
1	6	11.748163575270096
1	7	10.892624523009307
1	8	7.954814098148145
1	9	7.40871606447484
1	10	10.088371578895474
1	11	9.078327502670668
1	12	20.660811756829766
1	13	18.27338406911163
1	14	21.870456665742196
1	15	20.895147107981504
1	16	15.907645563036727
1	17	15.226440424382158
1	18	12.26210292902347
1	19	19.04639598583747
1	20	19.570845705248583
1	21	16.1555459802288
1	22	17.450340888802526
1	23	15.07434244182538
1	24	15.795179338071964
1	25	18.371423412881175
1	26	13.352954686726997
1	27	19.546331827093017
1	28	15.762174223178171
1	29	27.27671649781127
1	30	23.02650800742869
1	31	21.141176324410697
1	32	12.02644270430581
1	33	20.62720633079626
1	34	15.862084148313562
1	35	13.277218439074005
1	36	8.193332334861507
1	37	3.1485946695620743
1	38	5.208252866423146
1	39	9.994875687789634
2	0	16.45551860577494
2	1	12.509071805925059
2	2	0.0
2	3	1.8529335495155763
2	4	5.356177632312986
2	5	3.0995260485476948
2	6	3.729421005845995
2	7	2.8738819535852054
2	8	4.760398104162105
2	9	5.100355741450219
2	10	7.780055612319474
2	11	6.7700115360946675
2	12	18.353762370071735
2	13	15.966334682353594
2	14	19.56340727898416
2	15	18.58809772122347
2	16	13.600596176278692
2	17	12.919391037624123
2	18	9.955053542265436
2	19	16.73934659907944
2	20	17.925157274020165
2	21	14.50985754900038
2	22	15.804652457574106
2	23	13.42865401059696
2	24	14.149490906843544
2	25	16.725734981652753
2	26	11.707266255498578
2	27	24.923344400969913
2	28	21.139186797055068
2	29	25.821879933549866
2	30	21.571671443167276
2	31	19.49548789318228
2	32	17.403455278182705
2	33	26.004218904673156
2	34	21.23909672219046
2	35	18.654231012950902
2	36	13.570344908738404
2	37	10.47744780804417
2	38	10.585265440300043
2	39	15.37188826166653
3	0	14.602585056259365
3	1	10.656138256409482
3	2	1.8529335495155763
3	3	0.0
3	4	3.5032440827974094
3	5	1.2465924990321187
3	6	1.8764874563304186
3	7	1.0209484040696288
3	8	2.907464554646529
3	9	3.2474221919346427
3	10	5.927122062803898
3	11	4.917077986579091
3	12	16.50082882055616
3	13	14.113401132838018
3	14	17.710473729468585
3	15	16.735164171707893
3	16	11.747662626763116
3	17	11.066457488108547
3	18	8.10211999274986
3	19	14.886413049563862
3	20	16.07222372450459
3	21	12.656923999484803
3	22	13.95171890805853
3	23	11.575720461081383
3	24	12.296557357327968
3	25	14.872801432137177
3	26	9.854332705983001
3	27	23.070410851454337
3	28	19.28625324753949
3	29	23.96894638403429
3	30	19.7187378936517
3	31	17.642554343666703
3	32	15.55052172866713
3	33	24.15128535515758
3	34	19.386163172674884
3	35	16.801297463435326
3	36	11.717411359222828
3	37	8.624514258528594
3	38	8.732331890784467
3	39	13.518954712150954
4	0	15.652534140258386
4	1	11.706087340408502
4	2	5.356177632312986
4	3	3.5032440827974094
4	4	0.0
4	5	2.256651583765291
4	6	4.930642583651398
4	7	4.075103531390608
4	8	4.037456609769744
4	9	4.297371275933663
4	10	6.977071146802917
4	11	5.96702707057811
4	12	17.550777904555176
4	13	15.163350216837038
4	14	18.760422813467606
4	15	17.78511325570691
4	16	12.797611710762137
4	17	12.116406572107566
4	18	9.152069076748878
4	19	15.93636213356288
4	20	17.122172808503606
4	21	13.706873083483822
4	22	15.001667992057548
4	23	12.625669545080402
4	24	13.346506441326987
4	25	15.922750516136198
4	26	10.90428178998202
4	27	24.120359935453358
4	28	20.33620233153851
4	29	25.018895468033307
4	30	20.76868697765072
4	31	18.69250342766572
4	32	16.60047081266615
4	33	25.2012344391566
4	34	20.4361122566739
4	35	17.851246547434343
4	36	12.767360443221847
4	37	9.674463342527613
4	38	9.782280974783486
4	39	14.568903796149971
5	0	13.395882556493094
5	1	9.449435756643211
5	2	3.0995260485476948
5	3	1.2465924990321187
5	4	2.256651583765291
5	5	0.0
5	6	2.673990999886107
5	7	1.8184519476253171
5	8	1.7808050260044526
5	9	2.0407196921683717
5	10	4.720419563037627
5	11	3.71037548681282
5	12	15.294126320789886
5	13	12.906698633071747
5	14	16.503771229702313
5	15	15.52846167194162
5	16	10.540960126996845
5	17	9.859754988342276
5	18	6.895417492983587
5	19	13.67971054979759
5	20	14.865521224738314
5	21	11.45022149971853
5	22	12.745016408292257
5	23	10.36901796131511
5	24	11.089854857561695
5	25	13.666098932370904
5	26	8.647630206216729
5	27	21.863708351688068
5	28	18.07955074777322
5	29	22.762243884268017
5	30	18.512035393885427
5	31	16.43585184390043
5	32	14.343819228900859
5	33	22.94458285539131
5	34	18.17946067290861
5	35	15.594594963669055
5	36	10.510708859456557
5	37	7.417811758762323
5	38	7.525629391018196
5	39	12.312252212384681
6	0	15.694610375119979
6	1	11.748163575270096
6	2	3.729421005845995
6	3	1.8764874563304186
6	4	4.930642583651398
6	5	2.673990999886107
6	6	0.0
6	7	0.8555390522607897
6	8	3.8824255033688755
6	9	4.339447510795257
6	10	7.019147381664512
6	11	6.009103305439705
6	12	17.592854139416772
6	13	15.205426451698631
6	14	18.8024990483292
6	15	17.827189490568507
6	16	12.83968794562373
6	17	12.158482806969161
6	18	9.194145311610473
6	19	15.978438368424476
6	20	17.164249043365203
6	21	13.748949318345417
6	22	15.043744226919143
6	23	12.667745779941997
6	24	13.388582676188582
6	25	15.96482675099779
6	26	10.946358024843615
6	27	24.16243617031495
6	28	20.378278566400105
6	29	25.060971702894904
6	30	20.810763212512313
6	31	18.734579662527317
6	32	16.642547047527742
6	33	25.243310674018193
6	34	20.478188491535498
6	35	17.89332278229594
6	36	12.809436678083442
6	37	9.716539577389208
6	38	9.82435720964508
6	39	14.610980031011568
7	0	14.839071322859189
7	1	10.892624523009307
7	2	2.8738819535852054
7	3	1.0209484040696288
7	4	4.075103531390608
7	5	1.8184519476253171
7	6	0.8555390522607897
7	7	0.0
7	8	3.0268864511080857
7	9	3.4839084585344673
7	10	6.163608329403722
7	11	5.153564253178915
7	12	16.73731508715598
7	13	14.349887399437844
7	14	17.946959996068408
7	15	16.97165043830772
7	16	11.984148893362942
7	17	11.302943754708371
7	18	8.338606259349683
7	19	15.122899316163686
7	20	16.30870999110441
7	21	12.893410266084627
7	22	14.188205174658354
7	23	11.812206727681207
7	24	12.533043623927792
7	25	15.109287698737003
7	26	10.090818972582825
7	27	23.30689711805416
7	28	19.522739514139317
7	29	24.205432650634116
7	30	19.955224160251525
7	31	17.879040610266525
7	32	15.787007995266954
7	33	24.387771621757402
7	34	19.622649439274706
7	35	17.03778373003515
7	36	11.953897625822652
7	37	8.861000525128418
7	38	8.968818157384291
7	39	13.755440978750777
8	0	11.901260897998027
8	1	7.954814098148145
8	2	4.760398104162105
8	3	2.907464554646529
8	4	4.037456609769744
8	5	1.7808050260044526
8	6	3.8824255033688755
8	7	3.0268864511080857
8	8	0.0
8	9	0.5460980336733053
8	10	3.2257979045425604
8	11	2.2157538283177534
8	12	13.799504662294819
8	13	11.412076974576681
8	14	15.009149571207248
8	15	14.033840013446556
8	16	9.04633846850178
8	17	8.36513332984721
8	18	5.400795834488521
8	19	12.185088891302524
8	20	13.37089956624325
8	21	9.955599841223465
8	22	11.250394749797191
8	23	8.874396302820045
8	24	9.59523319906663
8	25	12.17147727387584
8	26	7.153008547721663
8	27	20.369086693193
8	28	16.584929089278155
8	29	21.267622225772953
8	30	17.017413735390363
8	31	14.941230185405363
8	32	12.849197570405792
8	33	21.449961196896243
8	34	16.684839014413544
8	35	14.09997330517399
8	36	9.016087200961492
8	37	5.923190100267257
8	38	6.03100773252313
8	39	10.817630553889616
9	0	11.355162864324722
9	1	7.40871606447484
9	2	5.100355741450219
9	3	3.2474221919346427
9	4	4.297371275933663
9	5	2.0407196921683717
9	6	4.339447510795257
9	7	3.4839084585344673
9	8	0.5460980336733053
9	9	0.0
9	10	2.679699870869255
9	11	1.6696557946444481
9	12	13.253406628621512
9	13	10.865978940903375
9	14	14.463051537533943
9	15	13.48774197977325
9	16	8.500240434828473
9	17	7.8190352961739045
9	18	4.854697800815216
9	19	11.638990857629217
9	20	12.824801532569943
9	21	9.40950180755016
9	22	10.704296716123885
9	23	8.328298269146739
9	24	9.049135165393324
9	25	11.625379240202534
9	26	6.606910514048358
9	27	19.822988659519694
9	28	16.03883105560485
9	29	20.721524192099643
9	30	16.471315701717057
9	31	14.395132151732058
9	32	12.303099536732487
9	33	20.903863163222937
9	34	16.138740980740238
9	35	13.553875271500683
9	36	8.469989167288185
9	37	5.377092066593951
9	38	5.484909698849824
9	39	10.271532520216311
10	0	14.034818378745356
10	1	10.088371578895474
10	2	7.780055612319474
10	3	5.927122062803898
10	4	6.977071146802917
10	5	4.720419563037627
10	6	7.019147381664512
10	7	6.163608329403722
10	8	3.2257979045425604
10	9	2.679699870869255
10	10	0.0
10	11	1.010044076224807
10	12	12.594401250525685
10	13	10.206973562807548
10	14	13.804046159438114
10	15	12.828736601677422
10	16	7.841235056732645
10	17	7.1600299180780755
10	18	4.195692422719388
10	19	10.97998547953339
10	20	12.553452366852547
10	21	9.138152641832763
10	22	10.432947550406489
10	23	8.056949103429343
10	24	8.777785999675928
10	25	11.354030074485138
10	26	6.335561348330961
10	27	21.290114236647558
10	28	17.505956632732712
10	29	20.450175026382247
10	30	16.19996653599966
10	31	14.12378298601466
10	32	14.596133237208917
10	33	23.196896863699365
10	34	18.43177468121667
10	35	15.846908971977113
10	36	10.763022867764615
10	37	7.959714615532041
10	38	7.777943399326254
10	39	12.56456622069274
11	0	13.02477430252055
11	1	9.078327502670668
11	2	6.7700115360946675
11	3	4.917077986579091
11	4	5.96702707057811
11	5	3.71037548681282
11	6	6.009103305439705
11	7	5.153564253178915
11	8	2.2157538283177534
11	9	1.6696557946444481
11	10	1.010044076224807
11	11	0.0
11	12	11.584357174300878
11	13	9.19692948658274
11	14	12.794002083213307
11	15	11.818692525452615
11	16	6.831190980507838
11	17	6.149985841853269
11	18	3.1856483464945806
11	19	9.969941403308583
11	20	11.54340829062774
11	21	8.128108565607956
11	22	9.422903474181682
11	23	7.046905027204536
11	24	7.767741923451121
11	25	10.34398599826033
11	26	5.325517272106154
11	27	20.28007016042275
11	28	16.495912556507903
11	29	19.440130950157442
11	30	15.189922459774854
11	31	13.113738909789856
11	32	13.586089160984109
11	33	22.18685278747456
11	34	17.42173060499186
11	35	14.836864895752306
11	36	9.752978791539809
11	37	6.949670539307235
11	38	6.767899323101447
11	39	11.554522144467933
12	0	24.607258556679646
12	1	20.660811756829766
12	2	18.353762370071735
12	3	16.50082882055616
12	4	17.550777904555176
12	5	15.294126320789886
12	6	17.592854139416772
12	7	16.73731508715598
12	8	13.799504662294819
12	9	13.253406628621512
12	10	12.594401250525685
12	11	11.584357174300878
12	12	0.0
12	13	2.3874276877181386
12	14	6.819015607159435
12	15	5.843706049398742
12	16	4.940871561071679
12	17	7.734115442140425
12	18	8.398708827806297
12	19	11.55407100359574
12	20	18.340288892612705
12	21	14.92498916759292
12	22	16.219784076166647
12	23	13.8437856291895
12	24	14.564622525436084
12	25	17.140866600245293
12	26	12.122397874091117
12	27	27.076950762407712
12	28	23.292793158492866
12	29	26.237011552142405
12	30	21.986803061759815
12	31	19.91061951177482
12	32	24.725982970185314
12	33	33.32674659667576
12	34	28.561624414193066
12	35	25.97675870495351
12	36	20.89287260074101
12	37	18.41332196913684
12	38	17.90779313230265
12	39	22.694415953669136
13	0	22.21983086896151
13	1	18.27338406911163
13	2	15.966334682353594
13	3	14.113401132838018
13	4	15.163350216837038
13	5	12.906698633071747
13	6	15.205426451698631
13	7	14.349887399437844
13	8	11.412076974576681
13	9	10.865978940903375
13	10	10.206973562807548
13	11	9.19692948658274
13	12	2.3874276877181386
13	13	0.0
13	14	4.431587919441296
13	15	3.4562783616806034
13	16	2.5534438733535407
13	17	5.346687754422286
13	18	6.011281140088159
13	19	9.1666433158776
13	20	15.952861204894566
13	21	12.537561479874782
13	22	13.832356388448508
13	23	11.456357941471362
13	24	12.177194837717947
13	25	14.753438912527155
13	26	9.73497018637298
13	27	24.689523074689575
13	28	20.90536547077473
13	29	23.849583864424268
13	30	19.599375374041678
13	31	17.52319182405668
13	32	22.338555282467176
13	33	30.939318908957624
13	34	26.17419672647493
13	35	23.589331017235374
13	36	18.505444913022874
13	37	16.025894281418704
13	38	15.520365444584513
13	39	20.306988265951
14	0	25.816903465592077
14	1	21.870456665742196
14	2	19.56340727898416
14	3	17.710473729468585
14	4	18.760422813467606
14	5	16.503771229702313
14	6	18.8024990483292
14	7	17.946959996068408
14	8	15.009149571207248
14	9	14.463051537533943
14	10	13.804046159438114
14	11	12.794002083213307
14	12	6.819015607159435
14	13	4.431587919441296
14	14	0.0
14	15	0.9753095577606926
14	16	6.735613057431313
14	17	9.638413861731324
14	18	9.608353736718726
14	19	13.458369423186639
14	20	19.549933801525132
14	21	16.13463407650535
14	22	17.429428985079074
14	23	15.053430538101928
14	24	15.774267434348513
14	25	18.350511509157723
14	26	13.332042783003546
14	27	28.28659567132014
14	28	24.502438067405294
14	29	27.446656461054836
14	30	23.196447970672246
14	31	21.120264420687246
14	32	25.935627879097744
14	33	34.53639150558819
14	34	29.771269323105496
14	35	27.18640361386594
14	36	22.102517509653442
14	37	19.62296687804927
14	38	19.11743804121508
14	39	23.904060862581566
15	0	24.841593907831385
15	1	20.895147107981504
15	2	18.58809772122347
15	3	16.735164171707893
15	4	17.78511325570691
15	5	15.52846167194162
15	6	17.827189490568507
15	7	16.97165043830772
15	8	14.033840013446556
15	9	13.48774197977325
15	10	12.828736601677422
15	11	11.818692525452615
15	12	5.843706049398742
15	13	3.4562783616806034
15	14	0.9753095577606926
15	15	0.0
15	16	5.76030349967062
15	17	8.663104303970632
15	18	8.633044178958034
15	19	12.483059865425947
15	20	18.57462424376444
15	21	15.159324518744656
15	22	16.454119427318382
15	23	14.078120980341236
15	24	14.79895787658782
15	25	17.37520195139703
15	26	12.356733225242854
15	27	27.31128611355945
15	28	23.527128509644605
15	29	26.47134690329414
15	30	22.221138412911554
15	31	20.144954862926554
15	32	24.960318321337052
15	33	33.5610819478275
15	34	28.795959765344804
15	35	26.211094056105246
15	36	21.12720795189275
15	37	18.64765732028858
15	38	18.14212848345439
15	39	22.928751304820874
16	0	19.854092362886608
16	1	15.907645563036727
16	2	13.600596176278692
16	3	11.747662626763116
16	4	12.797611710762137
16	5	10.540960126996845
16	6	12.83968794562373
16	7	11.984148893362942
16	8	9.04633846850178
16	9	8.500240434828473
16	10	7.841235056732645
16	11	6.831190980507838
16	12	4.940871561071679
16	13	2.5534438733535407
16	14	6.735613057431313
16	15	5.76030349967062
16	16	0.0
16	17	2.9080944332181127
16	18	3.6455426340132577
16	19	6.728049994673427
16	20	13.587122698819663
16	21	10.17182297379988
16	22	11.466617882373605
16	23	9.090619435396459
16	24	9.811456331643043
16	25	12.387700406452254
16	26	7.3692316802980775
16	27	22.323784568614673
16	28	18.539626964699828
16	29	21.483845358349363
16	30	17.233636867966776
16	31	15.157453317981778
16	32	19.972816776392275
16	33	28.573580402882726
16	34	23.808458220400027
16	35	21.22359251116047
16	36	16.139706406947973
16	37	13.660155775343803
16	38	13.154626938509612
16	39	17.941249759876097
17	0	19.17288722423204
17	1	15.226440424382158
17	2	12.919391037624123
17	3	11.066457488108547
17	4	12.116406572107566
17	5	9.859754988342276
17	6	12.158482806969161
17	7	11.302943754708371
17	8	8.36513332984721
17	9	7.8190352961739045
17	10	7.1600299180780755
17	11	6.149985841853269
17	12	7.734115442140425
17	13	5.346687754422286
17	14	9.638413861731324
17	15	8.663104303970632
17	16	2.9080944332181127
17	17	0.0
17	18	2.9643374953586883
17	19	3.819955561455314
17	20	12.905917560165094
17	21	9.49061783514531
17	22	10.785412743719036
17	23	8.40941429674189
17	24	9.130251192988474
17	25	11.706495267797685
17	26	6.688026541643508
17	27	21.642579429960104
17	28	17.85842182604526
17	29	20.802640219694794
17	30	16.552431729312207
17	31	14.476248179327207
17	32	19.291611637737706
17	33	27.892375264228157
17	34	23.127253081745458
17	35	20.5423873725059
17	36	15.458501268293404
17	37	12.978950636689232
17	38	12.473421799855043
17	39	17.260044621221528
18	0	16.20854972887335
18	1	12.26210292902347
18	2	9.955053542265436
18	3	8.10211999274986
18	4	9.152069076748878
18	5	6.895417492983587
18	6	9.194145311610473
18	7	8.338606259349683
18	8	5.400795834488521
18	9	4.854697800815216
18	10	4.195692422719388
18	11	3.1856483464945806
18	12	8.398708827806297
18	13	6.011281140088159
18	14	9.608353736718726
18	15	8.633044178958034
18	16	3.6455426340132577
18	17	2.9643374953586883
18	18	0.0
18	19	6.784293056814002
18	20	9.941580064806406
18	21	6.526280339786622
18	22	7.821075248360348
18	23	5.445076801383202
18	24	6.165913697629787
18	25	8.742157772438997
18	26	3.72368904628482
18	27	18.678241934601413
18	28	14.89408433068657
18	29	17.83830272433611
18	30	13.58809423395352
18	31	11.51191068396852
18	32	16.327274142379018
18	33	24.928037768869466
18	34	20.16291558638677
18	35	17.578049877147215
18	36	12.494163772934716
18	37	10.014613141330544
18	38	9.509084304496355
18	39	14.29570712586284
19	0	22.99284278568735
19	1	19.04639598583747
19	2	16.73934659907944
19	3	14.886413049563862
19	4	15.93636213356288
19	5	13.67971054979759
19	6	15.978438368424476
19	7	15.122899316163686
19	8	12.185088891302524
19	9	11.638990857629217
19	10	10.97998547953339
19	11	9.969941403308583
19	12	11.55407100359574
19	13	9.1666433158776
19	14	13.458369423186639
19	15	12.483059865425947
19	16	6.728049994673427
19	17	3.819955561455314
19	18	6.784293056814002
19	19	0.0
19	20	16.72587312162041
19	21	13.310573396600624
19	22	14.60536830517435
19	23	12.229369858197204
19	24	12.950206754443789
19	25	15.526450829252997
19	26	10.507982103098822
19	27	25.462534991415417
19	28	21.67837738750057
19	29	24.62259578115011
19	30	20.37238729076752
19	31	18.296203740782524
19	32	23.11156719919302
19	33	31.712330825683466
19	34	26.94720864320077
19	35	24.362342933961216
19	36	19.278456829748716
19	37	16.798906198144547
19	38	16.293377361310355
19	39	21.08000018267684
20	0	23.517292505098467
20	1	19.570845705248583
20	2	17.925157274020165
20	3	16.07222372450459
20	4	17.122172808503606
20	5	14.865521224738314
20	6	17.164249043365203
20	7	16.30870999110441
20	8	13.37089956624325
20	9	12.824801532569943
20	10	12.553452366852547
20	11	11.54340829062774
20	12	18.340288892612705
20	13	15.952861204894566
20	14	19.549933801525132
20	15	18.57462424376444
20	16	13.587122698819663
20	17	12.905917560165094
20	18	9.941580064806406
20	19	16.72587312162041
20	20	0.0
20	21	3.415299725019784
20	22	9.166824455965376
20	23	6.79082600898823
20	24	5.398594800715251
20	25	6.3414351338827935
20	26	6.217891018521586
20	27	16.277519296045213
20	28	12.493361692130367
20	29	15.437580085779905
20	30	11.187371595397316
20	31	9.111188045412318
20	32	14.28840492887354
20	33	24.42991601618396
20	34	19.66479383370126
20	35	23.573813112911573
20	36	18.489927008699077
20	37	16.745765622034718
20	38	15.504847540260716
20	39	17.18373067101709
21	0	20.10199278007868
21	1	16.1555459802288
21	2	14.50985754900038
21	3	12.656923999484803
21	4	13.706873083483822
21	5	11.45022149971853
21	6	13.748949318345417
21	7	12.893410266084627
21	8	9.955599841223465
21	9	9.40950180755016
21	10	9.138152641832763
21	11	8.128108565607956
21	12	14.92498916759292
21	13	12.537561479874782
21	14	16.13463407650535
21	15	15.159324518744656
21	16	10.17182297379988
21	17	9.49061783514531
21	18	6.526280339786622
21	19	13.310573396600624
21	20	3.415299725019784
21	21	0.0
21	22	5.751524730945592
21	23	3.3755262839684463
21	24	1.9832950756954666
21	25	2.9261354088630096
21	26	2.802591293501802
21	27	12.862219571025427
21	28	9.078061967110582
21	29	12.02228036076012
21	30	7.772071870377533
21	31	5.695888320392534
21	32	10.873105203853756
21	33	21.014616291164174
21	34	16.24949410868148
21	35	20.15851338789179
21	36	15.074627283679293
21	37	13.330465897014934
21	38	12.089547815240932
21	39	13.768430945997306
22	0	21.39678768865241
22	1	17.450340888802526
22	2	15.804652457574106
22	3	13.95171890805853
22	4	15.001667992057548
22	5	12.745016408292257
22	6	15.043744226919143
22	7	14.188205174658354
22	8	11.250394749797191
22	9	10.704296716123885
22	10	10.432947550406489
22	11	9.422903474181682
22	12	16.219784076166647
22	13	13.832356388448508
22	14	17.429428985079074
22	15	16.454119427318382
22	16	11.466617882373605
22	17	10.785412743719036
22	18	7.821075248360348
22	19	14.60536830517435
22	20	9.166824455965376
22	21	5.751524730945592
22	22	0.0
22	23	2.375998446977146
22	24	4.242710121652833
22	25	6.908994468380288
22	26	4.097386202075528
22	27	16.845078630542705
22	28	13.060921026627861
22	29	16.005139420277402
22	30	11.754930929894812
22	31	9.678747379909812
22	32	14.855964263371035
22	33	24.997475350681455
22	34	20.232353168198756
22	35	21.453308296465515
22	36	16.36942219225302
22	37	14.62526080558866
22	38	13.384342723814658
22	39	17.751290005514587
23	0	19.02078924167526
23	1	15.07434244182538
23	2	13.42865401059696
23	3	11.575720461081383
23	4	12.625669545080402
23	5	10.36901796131511
23	6	12.667745779941997
23	7	11.812206727681207
23	8	8.874396302820045
23	9	8.328298269146739
23	10	8.056949103429343
23	11	7.046905027204536
23	12	13.8437856291895
23	13	11.456357941471362
23	14	15.053430538101928
23	15	14.078120980341236
23	16	9.090619435396459
23	17	8.40941429674189
23	18	5.445076801383202
23	19	12.229369858197204
23	20	6.79082600898823
23	21	3.3755262839684463
23	22	2.375998446977146
23	23	0.0
23	24	1.8667116746756873
23	25	4.532996021403142
23	26	1.7213877550983818
23	27	14.469080183565561
23	28	10.684922579650715
23	29	13.629140973300254
23	30	9.378932482917666
23	31	7.3027489329326665
23	32	12.47996581639389
23	33	22.621476903704313
23	34	17.856354721221614
23	35	19.077309849488373
23	36	13.993423745275873
23	37	12.249262358611514
23	38	11.008344276837512
23	39	15.37529155853744
24	0	19.74162613792185
24	1	15.795179338071964
24	2	14.149490906843544
24	3	12.296557357327968
24	4	13.346506441326987
24	5	11.089854857561695
24	6	13.388582676188582
24	7	12.533043623927792
24	8	9.59523319906663
24	9	9.049135165393324
24	10	8.777785999675928
24	11	7.767741923451121
24	12	14.564622525436084
24	13	12.177194837717947
24	14	15.774267434348513
24	15	14.79895787658782
24	16	9.811456331643043
24	17	9.130251192988474
24	18	6.165913697629787
24	19	12.950206754443789
24	20	5.398594800715251
24	21	1.9832950756954666
24	22	4.242710121652833
24	23	1.8667116746756873
24	24	0.0
24	25	2.7186118997800537
24	26	2.442224651344967
24	27	12.654696061942472
24	28	8.870538458027626
24	29	11.814756851677165
24	30	7.564548361294577
24	31	5.488364811309578
24	32	10.6655816947708
24	33	20.80709278208122
24	34	16.04197059959852
24	35	19.798146745734954
24	36	14.714260641522458
24	37	12.970099254858098
24	38	11.729181173084097
24	39	13.56090743691435
25	0	22.317870212731055
25	1	18.371423412881175
25	2	16.725734981652753
25	3	14.872801432137177
25	4	15.922750516136198
25	5	13.666098932370904
25	6	15.96482675099779
25	7	15.109287698737003
25	8	12.17147727387584
25	9	11.625379240202534
25	10	11.354030074485138
25	11	10.34398599826033
25	12	17.140866600245293
25	13	14.753438912527155
25	14	18.350511509157723
25	15	17.37520195139703
25	16	12.387700406452254
25	17	11.706495267797685
25	18	8.742157772438997
25	19	15.526450829252997
25	20	6.3414351338827935
25	21	2.9261354088630096
25	22	6.908994468380288
25	23	4.532996021403142
25	24	2.7186118997800537
25	25	0.0
25	26	5.018468726154176
25	27	9.936084162162418
25	28	6.151926558247573
25	29	9.096144951897113
25	30	4.8459364615145235
25	31	2.7697529115295243
25	32	7.946969794990746
25	33	18.088480882301166
25	34	13.323358699818469
25	35	18.616389468630473
25	36	13.532503364417977
25	37	15.546343329667309
25	38	14.305425247893307
25	39	10.842295537134296
26	0	17.29940148657688
26	1	13.352954686726997
26	2	11.707266255498578
26	3	9.854332705983001
26	4	10.90428178998202
26	5	8.647630206216729
26	6	10.946358024843615
26	7	10.090818972582825
26	8	7.153008547721663
26	9	6.606910514048358
26	10	6.335561348330961
26	11	5.325517272106154
26	12	12.122397874091117
26	13	9.73497018637298
26	14	13.332042783003546
26	15	12.356733225242854
26	16	7.3692316802980775
26	17	6.688026541643508
26	18	3.72368904628482
26	19	10.507982103098822
26	20	6.217891018521586
26	21	2.802591293501802
26	22	4.097386202075528
26	23	1.7213877550983818
26	24	2.442224651344967
26	25	5.018468726154176
26	26	0.0
26	27	14.954552888316595
26	28	11.17039528440175
26	29	14.114613678051288
26	30	9.8644051876687
26	31	7.788221637683701
26	32	12.965438521144922
26	33	23.106949608455345
26	34	18.341827425972646
26	35	17.35592209438999
26	36	12.272035990177491
26	37	10.527874603513132
26	38	9.28695652173913
26	39	14.073579343105617
27	0	23.4927786269429
27	1	19.546331827093017
27	2	24.923344400969913
27	3	23.070410851454337
27	4	24.120359935453358
27	5	21.863708351688068
27	6	24.16243617031495
27	7	23.30689711805416
27	8	20.369086693193
27	9	19.822988659519694
27	10	21.290114236647558
27	11	20.28007016042275
27	12	27.076950762407712
27	13	24.689523074689575
27	14	28.28659567132014
27	15	27.31128611355945
27	16	22.323784568614673
27	17	21.642579429960104
27	18	18.678241934601413
27	19	25.462534991415417
27	20	16.277519296045213
27	21	12.862219571025427
27	22	16.845078630542705
27	23	14.469080183565561
27	24	12.654696061942472
27	25	9.936084162162418
27	26	14.954552888316595
27	27	0.0
27	28	3.7841576039148452
27	29	15.825670442123519
27	30	11.57546195174093
27	31	10.389671712230767
27	32	7.519889122787207
27	33	17.661400210097625
27	34	12.89627802761493
27	35	18.189308796426932
27	36	13.105422692214436
27	37	16.473742464392828
27	38	14.33807896066987
27	39	10.415214864930757
28	0	19.70862102302805
28	1	15.762174223178171
28	2	21.139186797055068
28	3	19.28625324753949
28	4	20.33620233153851
28	5	18.07955074777322
28	6	20.378278566400105
28	7	19.522739514139317
28	8	16.584929089278155
28	9	16.03883105560485
28	10	17.505956632732712
28	11	16.495912556507903
28	12	23.292793158492866
28	13	20.90536547077473
28	14	24.502438067405294
28	15	23.527128509644605
28	16	18.539626964699828
28	17	17.85842182604526
28	18	14.89408433068657
28	19	21.67837738750057
28	20	12.493361692130367
28	21	9.078061967110582
28	22	13.060921026627861
28	23	10.684922579650715
28	24	8.870538458027626
28	25	6.151926558247573
28	26	11.17039528440175
28	27	3.7841576039148452
28	28	0.0
28	29	12.041512838208673
28	30	7.791304347826085
28	31	6.605514108315922
28	32	3.735731518872362
28	33	13.877242606182781
28	34	9.112120423700084
28	35	14.40515119251209
28	36	9.321265088299592
28	37	12.689584860477982
28	38	10.553921356755025
28	39	6.631057261015912
29	0	31.223163297661156
29	1	27.27671649781127
29	2	25.821879933549866
29	3	23.96894638403429
29	4	25.018895468033307
29	5	22.762243884268017
29	6	25.060971702894904
29	7	24.205432650634116
29	8	21.267622225772953
29	9	20.721524192099643
29	10	20.450175026382247
29	11	19.440130950157442
29	12	26.237011552142405
29	13	23.849583864424268
29	14	27.446656461054836
29	15	26.47134690329414
29	16	21.483845358349363
29	17	20.802640219694794
29	18	17.83830272433611
29	19	24.62259578115011
29	20	15.437580085779905
29	21	12.02228036076012
29	22	16.005139420277402
29	23	13.629140973300254
29	24	11.814756851677165
29	25	9.096144951897113
29	26	14.114613678051288
29	27	15.825670442123519
29	28	12.041512838208673
29	29	0.0
29	30	4.2502084903825885
29	31	6.3328852615310245
29	32	15.250273793505466
29	33	25.391784880815884
29	34	20.626662698333188
29	35	25.91969346714519
29	36	20.835807362932695
29	37	24.204127135111083
29	38	22.068463631388127
29	39	18.145599535649016
30	0	26.97295480727857
30	1	23.02650800742869
30	2	21.571671443167276
30	3	19.7187378936517
30	4	20.76868697765072
30	5	18.512035393885427
30	6	20.810763212512313
30	7	19.955224160251525
30	8	17.017413735390363
30	9	16.471315701717057
30	10	16.19996653599966
30	11	15.189922459774854
30	12	21.986803061759815
30	13	19.599375374041678
30	14	23.196447970672246
30	15	22.221138412911554
30	16	17.233636867966776
30	17	16.552431729312207
30	18	13.58809423395352
30	19	20.37238729076752
30	20	11.187371595397316
30	21	7.772071870377533
30	22	11.754930929894812
30	23	9.378932482917666
30	24	7.564548361294577
30	25	4.8459364615145235
30	26	9.8644051876687
30	27	11.57546195174093
30	28	7.791304347826085
30	29	4.2502084903825885
30	30	0.0
30	31	2.082676771148436
30	32	11.000065303122877
30	33	21.1415763904333
30	34	16.3764542079506
30	35	21.669484976762604
30	36	16.585598872550108
30	37	19.953918644728496
30	38	17.81825514100554
30	39	13.895391045266427
31	0	25.08762312426058
31	1	21.141176324410697
31	2	19.49548789318228
31	3	17.642554343666703
31	4	18.69250342766572
31	5	16.43585184390043
31	6	18.734579662527317
31	7	17.879040610266525
31	8	14.941230185405363
31	9	14.395132151732058
31	10	14.12378298601466
31	11	13.113738909789856
31	12	19.91061951177482
31	13	17.52319182405668
31	14	21.120264420687246
31	15	20.144954862926554
31	16	15.157453317981778
31	17	14.476248179327207
31	18	11.51191068396852
31	19	18.296203740782524
31	20	9.111188045412318
31	21	5.695888320392534
31	22	9.678747379909812
31	23	7.3027489329326665
31	24	5.488364811309578
31	25	2.7697529115295243
31	26	7.788221637683701
31	27	10.389671712230767
31	28	6.605514108315922
31	29	6.3328852615310245
31	30	2.082676771148436
31	31	0.0
31	32	9.417033996995398
31	33	19.55854508430582
31	34	14.79342290182312
31	35	20.086453670635123
31	36	15.002567566422627
31	37	18.31609624119683
31	38	16.235223834878063
31	39	12.312359739138948
32	0	15.972889504155692
32	1	12.02644270430581
32	2	17.403455278182705
32	3	15.55052172866713
32	4	16.60047081266615
32	5	14.343819228900859
32	6	16.642547047527742
32	7	15.787007995266954
32	8	12.849197570405792
32	9	12.303099536732487
32	10	14.596133237208917
32	11	13.586089160984109
32	12	24.725982970185314
32	13	22.338555282467176
32	14	25.935627879097744
32	15	24.960318321337052
32	16	19.972816776392275
32	17	19.291611637737706
32	18	16.327274142379018
32	19	23.11156719919302
32	20	14.28840492887354
32	21	10.873105203853756
32	22	14.855964263371035
32	23	12.47996581639389
32	24	10.6655816947708
32	25	7.946969794990746
32	26	12.965438521144922
32	27	7.519889122787207
32	28	3.735731518872362
32	29	15.250273793505466
32	30	11.000065303122877
32	31	9.417033996995398
32	32	0.0
32	33	10.14151108731042
32	34	5.3763889048277225
32	35	10.669419673639727
32	36	5.58553356942723
32	37	8.95385334160562
32	38	6.818189837882663
32	39	2.8953257421435503
33	0	24.573653130646143
33	1	20.62720633079626
33	2	26.004218904673156
33	3	24.15128535515758
33	4	25.2012344391566
33	5	22.94458285539131
33	6	25.243310674018193
33	7	24.387771621757402
33	8	21.449961196896243
33	9	20.903863163222937
33	10	23.196896863699365
33	11	22.18685278747456
33	12	33.32674659667576
33	13	30.939318908957624
33	14	34.53639150558819
33	15	33.5610819478275
33	16	28.573580402882726
33	17	27.892375264228157
33	18	24.928037768869466
33	19	31.712330825683466
33	20	24.42991601618396
33	21	21.014616291164174
33	22	24.997475350681455
33	23	22.621476903704313
33	24	20.80709278208122
33	25	18.088480882301166
33	26	23.106949608455345
33	27	17.661400210097625
33	28	13.877242606182781
33	29	25.391784880815884
33	30	21.1415763904333
33	31	19.55854508430582
33	32	10.14151108731042
33	33	0.0
33	34	4.765122182482697
33	35	17.988213042951926
33	36	12.90432693873943
33	37	17.55461696809607
33	38	15.418953464373113
33	39	10.661902887605624
34	0	19.808530948163444
34	1	15.862084148313562
34	2	21.23909672219046
34	3	19.386163172674884
34	4	20.4361122566739
34	5	18.17946067290861
34	6	20.478188491535498
34	7	19.622649439274706
34	8	16.684839014413544
34	9	16.138740980740238
34	10	18.43177468121667
34	11	17.42173060499186
34	12	28.561624414193066
34	13	26.17419672647493
34	14	29.771269323105496
34	15	28.795959765344804
34	16	23.808458220400027
34	17	23.127253081745458
34	18	20.16291558638677
34	19	26.94720864320077
34	20	19.66479383370126
34	21	16.24949410868148
34	22	20.232353168198756
34	23	17.856354721221614
34	24	16.04197059959852
34	25	13.323358699818469
34	26	18.341827425972646
34	27	12.89627802761493
34	28	9.112120423700084
34	29	20.626662698333188
34	30	16.3764542079506
34	31	14.79342290182312
34	32	5.3763889048277225
34	33	4.765122182482697
34	34	0.0
34	35	13.223090860469231
34	36	8.139204756256733
34	37	12.789494785613373
34	38	10.653831281890415
34	39	5.896780705122926
35	0	17.223665238923886
35	1	13.277218439074005
35	2	18.654231012950902
35	3	16.801297463435326
35	4	17.851246547434343
35	5	15.594594963669055
35	6	17.89332278229594
35	7	17.03778373003515
35	8	14.09997330517399
35	9	13.553875271500683
35	10	15.846908971977113
35	11	14.836864895752306
35	12	25.97675870495351
35	13	23.589331017235374
35	14	27.18640361386594
35	15	26.211094056105246
35	16	21.22359251116047
35	17	20.5423873725059
35	18	17.578049877147215
35	19	24.362342933961216
35	20	23.573813112911573
35	21	20.15851338789179
35	22	21.453308296465515
35	23	19.077309849488373
35	24	19.798146745734954
35	25	18.616389468630473
35	26	17.35592209438999
35	27	18.189308796426932
35	28	14.40515119251209
35	29	25.91969346714519
35	30	21.669484976762604
35	31	20.086453670635123
35	32	10.669419673639727
35	33	17.988213042951926
35	34	13.223090860469231
35	35	0.0
35	36	5.083886104212497
35	37	10.204629076373816
35	38	8.068965572650859
35	39	7.873063134559666
36	0	12.13977913471139
36	1	8.193332334861507
36	2	13.570344908738404
36	3	11.717411359222828
36	4	12.767360443221847
36	5	10.510708859456557
36	6	12.809436678083442
36	7	11.953897625822652
36	8	9.016087200961492
36	9	8.469989167288185
36	10	10.763022867764615
36	11	9.752978791539809
36	12	20.89287260074101
36	13	18.505444913022874
36	14	22.102517509653442
36	15	21.12720795189275
36	16	16.139706406947973
36	17	15.458501268293404
36	18	12.494163772934716
36	19	19.278456829748716
36	20	18.489927008699077
36	21	15.074627283679293
36	22	16.36942219225302
36	23	13.993423745275873
36	24	14.714260641522458
36	25	13.532503364417977
36	26	12.272035990177491
36	27	13.105422692214436
36	28	9.321265088299592
36	29	20.835807362932695
36	30	16.585598872550108
36	31	15.002567566422627
36	32	5.58553356942723
36	33	12.90432693873943
36	34	8.139204756256733
36	35	5.083886104212497
36	36	0.0
36	37	5.1207429721613185
36	38	2.9850794684383612
36	39	2.789177030347169
37	0	7.095041469411957
37	1	3.1485946695620743
37	2	10.47744780804417
37	3	8.624514258528594
37	4	9.674463342527613
37	5	7.417811758762323
37	6	9.716539577389208
37	7	8.861000525128418
37	8	5.923190100267257
37	9	5.377092066593951
37	10	7.959714615532041
37	11	6.949670539307235
37	12	18.41332196913684
37	13	16.025894281418704
37	14	19.62296687804927
37	15	18.64765732028858
37	16	13.660155775343803
37	17	12.978950636689232
37	18	10.014613141330544
37	19	16.798906198144547
37	20	16.745765622034718
37	21	13.330465897014934
37	22	14.62526080558866
37	23	12.249262358611514
37	24	12.970099254858098
37	25	15.546343329667309
37	26	10.527874603513132
37	27	16.473742464392828
37	28	12.689584860477982
37	29	24.204127135111083
37	30	19.953918644728496
37	31	18.31609624119683
37	32	8.95385334160562
37	33	17.55461696809607
37	34	12.789494785613373
37	35	10.204629076373816
37	36	5.1207429721613185
37	37	0.0
37	38	2.135663503722957
37	39	6.922286325089443
38	0	9.154699666273029
38	1	5.208252866423146
38	2	10.585265440300043
38	3	8.732331890784467
38	4	9.782280974783486
38	5	7.525629391018196
38	6	9.82435720964508
38	7	8.968818157384291
38	8	6.03100773252313
38	9	5.484909698849824
38	10	7.777943399326254
38	11	6.767899323101447
38	12	17.90779313230265
38	13	15.520365444584513
38	14	19.11743804121508
38	15	18.14212848345439
38	16	13.154626938509612
38	17	12.473421799855043
38	18	9.509084304496355
38	19	16.293377361310355
38	20	15.504847540260716
38	21	12.089547815240932
38	22	13.384342723814658
38	23	11.008344276837512
38	24	11.729181173084097
38	25	14.305425247893307
38	26	9.28695652173913
38	27	14.33807896066987
38	28	10.553921356755025
38	29	22.068463631388127
38	30	17.81825514100554
38	31	16.235223834878063
38	32	6.818189837882663
38	33	15.418953464373113
38	34	10.653831281890415
38	35	8.068965572650859
38	36	2.9850794684383612
38	37	2.135663503722957
38	38	0.0
38	39	4.786622821366486
39	0	13.941322487639514
39	1	9.994875687789634
39	2	15.37188826166653
39	3	13.518954712150954
39	4	14.568903796149971
39	5	12.312252212384681
39	6	14.610980031011568
39	7	13.755440978750777
39	8	10.817630553889616
39	9	10.271532520216311
39	10	12.56456622069274
39	11	11.554522144467933
39	12	22.694415953669136
39	13	20.306988265951
39	14	23.904060862581566
39	15	22.928751304820874
39	16	17.941249759876097
39	17	17.260044621221528
39	18	14.29570712586284
39	19	21.08000018267684
39	20	17.18373067101709
39	21	13.768430945997306
39	22	17.751290005514587
39	23	15.37529155853744
39	24	13.56090743691435
39	25	10.842295537134296
39	26	14.073579343105617
39	27	10.415214864930757
39	28	6.631057261015912
39	29	18.145599535649016
39	30	13.895391045266427
39	31	12.312359739138948
39	32	2.8953257421435503
39	33	10.661902887605624
39	34	5.896780705122926
39	35	7.873063134559666
39	36	2.789177030347169
39	37	6.922286325089443
39	38	4.786622821366486
39	39	0.0
;