VERTICES = 40
;

DISTANCE_MATRIX = 
0	0	0.0
0	1	3.946446799849882
0	2	16.67902989420703
0	3	14.826096344691454
0	4	15.95608839981467
0	5	13.699436816049378
0	6	15.801057293413802
0	7	14.94551824115301
0	8	11.918631790044925
0	9	11.37253375637162
0	10	14.069534354335556
0	11	13.059490278110749
0	12	24.967643603630474
0	13	22.580215915912333
0	14	26.762385099990105
0	15	25.787075542229413
0	16	20.026772042558793
0	17	20.572533756371627
0	18	16.381229408545536
0	19	24.39248931782694
0	20	24.916476667510093
0	21	21.501176942490307
0	22	22.346740606858756
0	23	19.97074215988161
0	24	20.065140724270055
0	25	22.78375262405011
0	26	17.622916072925086
0	27	25.93159374925545
0	28	22.147436145340603
0	29	31.88639079711066
0	30	27.63618230672807
0	31	25.553505535579635
0	32	16.912653536644953
0	33	24.679230682107026
0	34	19.914108499624326
0	35	18.5058954251735
0	36	13.422009320961001
0	37	7.095041469411957
0	38	9.230704973134914
0	39	14.017327794501401
1	0	3.946446799849882
1	1	0.0
1	2	12.73258309435715
1	3	10.879649544841573
1	4	12.009641599964787
1	5	9.752990016199496
1	6	11.854610493563918
1	7	10.99907144130313
1	8	7.972184990195044
1	9	7.426086956521738
1	10	10.123087554485673
1	11	9.113043478260867
1	12	21.02119680378059
1	13	18.633769116062453
1	14	22.815938300140225
1	15	21.84062874237953
1	16	16.080325242708913
1	17	16.626086956521743
1	18	12.434782608695654
1	19	20.446042517977055
1	20	20.97002986766021
1	21	17.554730142640423
1	22	18.40029380700887
1	23	16.02429536003173
1	24	16.11869392442017
1	25	18.83730582420023
1	26	13.676469273075206
1	27	21.985146949405564
1	28	18.20098934549072
1	29	27.939943997260777
1	30	23.689735506878186
1	31	21.60705873572975
1	32	12.966206736795067
1	33	20.73278388225714
1	34	15.967661699774442
1	35	14.559448625323615
1	36	9.475562521111119
1	37	3.1485946695620743
1	38	5.284258173285032
1	39	10.070880994651517
2	0	16.67902989420703
2	1	12.73258309435715
2	2	0.0
2	3	1.8529335495155763
2	4	5.3791503506721705
2	5	3.1224987669068796
2	6	3.960646514819847
2	7	3.105107462559057
2	8	4.760398104162105
2	9	5.306496137835411
2	10	8.003496735799347
2	11	6.993452659574539
2	12	18.901605985094264
2	13	16.514178297376127
2	14	20.6963474814539
2	15	19.721037923693203
2	16	13.960734424022583
2	17	14.506496137835414
2	18	10.315191790009326
2	19	18.32645169929073
2	20	21.81744803676824
2	21	18.402148311748455
2	22	19.247711976116904
2	23	16.87171352913976
2	24	16.966112093528203
2	25	19.68472399330826
2	26	14.523887442183238
2	27	29.520140484272854
2	28	25.73598288035801
2	29	28.78736216636881
2	30	24.537153675986218
2	31	22.454476904837783
2	32	20.50120027166236
2	33	28.26777741712443
2	34	23.502655234641733
2	35	22.0944421601909
2	36	17.010556055978405
2	37	10.683588204429363
2	38	12.81925170815232
2	39	17.605874529518807
3	0	14.826096344691454
3	1	10.879649544841573
3	2	1.8529335495155763
3	3	0.0
3	4	3.526216801156594
3	5	1.2695652173913032
3	6	2.1077129653042705
3	7	1.2521739130434808
3	8	2.907464554646529
3	9	3.4535625883198344
3	10	6.150563186283771
3	11	5.140519110058963
3	12	17.048672435578688
3	13	14.661244747860549
3	14	18.843413931938322
3	15	17.868104374177626
3	16	12.107800874507006
3	17	12.653562588319838
3	18	8.46225824049375
3	19	16.473518149775153
3	20	19.964514487252664
3	21	16.54921476223288
3	22	17.394778426601327
3	23	15.018779979624183
3	24	15.113178544012628
3	25	17.831790443792684
3	26	12.670953892667661
3	27	27.667206934757278
3	28	23.883049330842432
3	29	26.934428616853232
3	30	22.684220126470642
3	31	20.601543355322207
3	32	18.648266722146783
3	33	26.414843867608855
3	34	21.649721685126156
3	35	20.241508610675325
3	36	15.15762250646283
3	37	8.830654654913786
3	38	10.966318158636744
3	39	15.752940980003231
4	0	15.95608839981467
4	1	12.009641599964787
4	2	5.3791503506721705
4	3	3.526216801156594
4	4	0.0
4	5	2.256651583765291
4	6	5.633929766460865
4	7	4.778390714200075
4	8	4.037456609769744
4	9	4.583554643443049
4	10	7.280555241406985
4	11	6.270511165182178
4	12	18.178664490701905
4	13	15.791236802983764
4	14	19.973405987061536
4	15	18.998096429300844
4	16	13.237792929630224
4	17	13.783554643443054
4	18	9.592250295616966
4	19	17.60351020489837
4	20	21.094506542375882
4	21	17.679206817356096
4	22	18.524770481724545
4	23	16.1487720347474
4	24	16.243170599135844
4	25	18.9617824989159
4	26	13.800945947790877
4	27	28.797198989880492
4	28	25.013041385965646
4	29	28.06442067197645
4	30	23.81421218159386
4	31	21.731535410445424
4	32	19.778258777269997
4	33	27.54483592273207
4	34	22.77971374024937
4	35	21.371500665798543
4	36	16.287614561586047
4	37	9.960646710037
4	38	12.096310213759958
4	39	16.882933035126445
5	0	13.699436816049378
5	1	9.752990016199496
5	2	3.1224987669068796
5	3	1.2695652173913032
5	4	2.256651583765291
5	5	0.0
5	6	3.377278182695574
5	7	2.521739130434784
5	8	1.7808050260044526
5	9	2.326903059677758
5	10	5.023903657641693
5	11	4.013859581416886
5	12	15.922012906936612
5	13	13.534585219218473
5	14	17.716754403296243
5	15	16.74144484553555
5	16	10.98114134586493
5	17	11.526903059677762
5	18	7.335598711851674
5	19	15.346858621133077
5	20	18.83785495861059
5	21	15.422555233590804
5	22	16.268118897959255
5	23	13.892120450982107
5	24	13.986519015370552
5	25	16.705130915150605
5	26	11.544294364025586
5	27	26.5405474061152
5	28	22.756389802200353
5	29	25.807769088211156
5	30	21.557560597828566
5	31	19.47488382668013
5	32	17.521607193504703
5	33	25.288184338966776
5	34	20.523062156484077
5	35	19.11484908203325
5	36	14.030962977820753
5	37	7.703995126271709
5	38	9.839658629994666
5	39	14.626281451361152
6	0	15.801057293413802
6	1	11.854610493563918
6	2	3.960646514819847
6	3	2.1077129653042705
6	4	5.633929766460865
6	5	3.377278182695574
6	6	0.0
6	7	0.8555390522607897
6	8	3.8824255033688755
6	9	4.428523537042181
6	10	7.125524135006117
6	11	6.115480058781309
6	12	18.023633384301036
6	13	15.636205696582897
6	14	19.81837488066067
6	15	18.843065322899974
6	16	13.082761823229355
6	17	13.628523537042186
6	18	9.437219189216098
6	19	17.4484790984975
6	20	20.939475435975012
6	21	17.524175710955227
6	22	18.369739375323675
6	23	15.993740928346531
6	24	16.088139492734975
6	25	18.806751392515032
6	26	13.64591484139001
6	27	28.642167883479623
6	28	24.858010279564777
6	29	27.90938956557558
6	30	23.65918107519299
6	31	21.576504304044555
6	32	19.623227670869127
6	33	27.3898048163312
6	34	22.6246826338485
6	35	21.216469559397673
6	36	16.132583455185177
6	37	9.80561560363613
6	38	11.941279107359088
6	39	16.727901928725576
7	0	14.94551824115301
7	1	10.99907144130313
7	2	3.105107462559057
7	3	1.2521739130434808
7	4	4.778390714200075
7	5	2.521739130434784
7	6	0.8555390522607897
7	7	0.0
7	8	3.0268864511080857
7	9	3.572984484781391
7	10	6.269985082745327
7	11	5.25994100652052
7	12	17.168094332040244
7	13	14.780666644322105
7	14	18.962835828399875
7	15	17.987526270639183
7	16	12.227222770968563
7	17	12.772984484781395
7	18	8.581680136955306
7	19	16.59294004623671
7	20	20.08393638371422
7	21	16.66863665869444
7	22	17.514200323062887
7	23	15.13820187608574
7	24	15.232600440474185
7	25	17.951212340254237
7	26	12.790375789129218
7	27	27.786628831218835
7	28	24.00247122730399
7	29	27.05385051331479
7	30	22.8036420229322
7	31	20.720965251783763
7	32	18.76768861860834
7	33	26.534265764070412
7	34	21.769143581587713
7	35	20.360930507136885
7	36	15.277044402924387
7	37	8.950076551375343
7	38	11.0857400550983
7	39	15.872362876464788
8	0	11.918631790044925
8	1	7.972184990195044
8	2	4.760398104162105
8	3	2.907464554646529
8	4	4.037456609769744
8	5	1.7808050260044526
8	6	3.8824255033688755
8	7	3.0268864511080857
8	8	0.0
8	9	0.5460980336733053
8	10	3.243098631637241
8	11	2.233054555412434
8	12	14.141207880932159
8	13	11.75378019321402
8	14	15.935949377291792
8	15	14.960639819531098
8	16	9.20033631986048
8	17	9.74609803367331
8	18	5.554793685847221
8	19	13.566053595128624
8	20	17.057049932606134
8	21	13.641750207586352
8	22	14.4873138719548
8	23	12.111315424977654
8	24	12.2057139893661
8	25	14.924325889146154
8	26	9.763489338021133
8	27	24.759742380110747
8	28	20.975584776195902
8	29	24.0269640622067
8	30	19.77675557182411
8	31	17.694078800675676
8	32	15.74080216750025
8	33	23.507379312962325
8	34	18.742257130479626
8	35	17.334044056028795
8	36	12.2501579518163
8	37	5.923190100267257
8	38	8.058853603990213
8	39	12.8454764253567
9	0	11.37253375637162
9	1	7.426086956521738
9	2	5.306496137835411
9	3	3.4535625883198344
9	4	4.583554643443049
9	5	2.326903059677758
9	6	4.428523537042181
9	7	3.572984484781391
9	8	0.5460980336733053
9	9	0.0
9	10	2.6970005979639358
9	11	1.6869565217391287
9	12	13.595109847258854
9	13	11.207682159540715
9	14	15.389851343618487
9	15	14.414541785857793
9	16	8.654238286187173
9	17	9.200000000000005
9	18	5.008695652173916
9	19	13.019955561455319
9	20	16.51095189893283
9	21	13.095652173913047
9	22	13.941215838281495
9	23	11.56521739130435
9	24	11.659615955692795
9	25	14.378227855472849
9	26	9.217391304347828
9	27	24.21364434643744
9	28	20.429486742522595
9	29	23.4808660285334
9	30	19.23065753815081
9	31	17.147980767002373
9	32	15.194704133826944
9	33	22.961281279289018
9	34	18.19615909680632
9	35	16.78794602235549
9	36	11.704059918142995
9	37	5.377092066593951
9	38	7.512755570316909
9	39	12.299378391683394
10	0	14.069534354335556
10	1	10.123087554485673
10	2	8.003496735799347
10	3	6.150563186283771
10	4	7.280555241406985
10	5	5.023903657641693
10	6	7.125524135006117
10	7	6.269985082745327
10	8	3.243098631637241
10	9	2.6970005979639358
10	10	0.0
10	11	1.010044076224807
10	12	12.918197401744532
10	13	10.530769714026393
10	14	14.712938898104165
10	15	13.73762934034347
10	16	7.977325840672852
10	17	8.523087554485683
10	18	4.331783206659594
10	19	12.343043115940997
10	20	15.834039453418509
10	21	12.418739728398725
10	22	13.264303392767173
10	23	10.888304945790027
10	24	10.982703510178473
10	25	13.701315409958527
10	26	8.540478858833506
10	27	26.128951274742935
10	28	22.34479367082809
10	29	22.803953583019076
10	30	18.553745092636486
10	31	16.47106832148805
10	32	17.777326682765036
10	33	25.54390382822711
10	34	20.77878164574441
10	35	19.370568571293582
10	36	14.286682467081086
10	37	7.959714615532041
10	38	10.095378119254999
10	39	14.882000940621484
11	0	13.059490278110749
11	1	9.113043478260867
11	2	6.993452659574539
11	3	5.140519110058963
11	4	6.270511165182178
11	5	4.013859581416886
11	6	6.115480058781309
11	7	5.25994100652052
11	8	2.233054555412434
11	9	1.6869565217391287
11	10	1.010044076224807
11	11	0.0
11	12	11.908153325519725
11	13	9.520725637801586
11	14	13.702894821879358
11	15	12.727585264118664
11	16	6.967281764448045
11	17	7.513043478260876
11	18	3.3217391304347874
11	19	11.33299903971619
11	20	14.823995377193702
11	21	11.408695652173918
11	22	12.254259316542367
11	23	9.87826086956522
11	24	9.972659433953666
11	25	12.69127133373372
11	26	7.530434782608699
11	27	25.11890719851813
11	28	21.334749594603284
11	29	21.793909506794268
11	30	17.54370101641168
11	31	15.461024245263244
11	32	16.76728260654023
11	33	24.533859752002304
11	34	19.768737569519605
11	35	18.360524495068773
11	36	13.276638390856279
11	37	6.949670539307235
11	38	9.085334043030192
11	39	13.87195686439668
12	0	24.967643603630474
12	1	21.02119680378059
12	2	18.901605985094264
12	3	17.048672435578688
12	4	18.178664490701905
12	5	15.922012906936612
12	6	18.023633384301036
12	7	17.168094332040244
12	8	14.141207880932159
12	9	13.595109847258854
12	10	12.918197401744532
12	11	11.908153325519725
12	12	0.0
12	13	2.3874276877181386
12	14	7.814911158522311
12	15	6.839601600761618
12	16	4.940871561071679
12	17	7.848965994289792
12	18	8.586414195084938
12	19	11.668921555745106
12	20	20.088670441843853
12	21	16.673370716824067
12	22	17.518934381192516
12	23	15.142935934215371
12	24	15.237334498603817
12	25	17.955946398383873
12	26	12.79510984725885
12	27	30.383582263168282
12	28	26.599424659253437
12	29	27.05858457144442
12	30	22.80837608106183
12	31	20.725699309913395
12	32	27.312468137514305
12	33	36.18521654911055
12	34	31.42009436662785
12	35	30.011881292177023
12	36	24.927995187964527
12	37	18.601027336415484
12	38	20.73669084013844
12	39	25.523313661504925
13	0	22.580215915912333
13	1	18.633769116062453
13	2	16.514178297376127
13	3	14.661244747860549
13	4	15.791236802983764
13	5	13.534585219218473
13	6	15.636205696582897
13	7	14.780666644322105
13	8	11.75378019321402
13	9	11.207682159540715
13	10	10.530769714026393
13	11	9.520725637801586
13	12	2.3874276877181386
13	13	0.0
13	14	5.427483470804172
13	15	4.452173913043479
13	16	2.5534438733535407
13	17	5.461538306571653
13	18	6.198986507366799
13	19	9.281493868026967
13	20	17.701242754125715
13	21	14.28594302910593
13	22	15.131506693474378
13	23	12.755508246497232
13	24	12.849906810885678
13	25	15.568518710665732
13	26	10.40768215954071
13	27	27.99615457545014
13	28	24.211996971535296
13	29	24.671156883726283
13	30	20.420948393343693
13	31	18.338271622195258
13	32	24.925040449796164
13	33	33.797788861392405
13	34	29.03266667890971
13	35	27.624453604458882
13	36	22.540567500246386
13	37	16.213599648697343
13	38	18.3492631524203
13	39	23.135885973786785
14	0	26.762385099990105
14	1	22.815938300140225
14	2	20.6963474814539
14	3	18.843413931938322
14	4	19.973405987061536
14	5	17.716754403296243
14	6	19.81837488066067
14	7	18.962835828399875
14	8	15.935949377291792
14	9	15.389851343618487
14	10	14.712938898104165
14	11	13.702894821879358
14	12	7.814911158522311
14	13	5.427483470804172
14	14	0.0
14	15	0.9753095577606926
14	16	6.735613057431313
14	17	9.643707490649426
14	18	10.38115569144457
14	19	13.46366305210474
14	20	21.883411938203487
14	21	18.4681122131837
14	22	19.31367587755215
14	23	16.937677430575004
14	24	17.03207599496345
14	25	19.750687894743503
14	26	14.589851343618482
14	27	32.17832375952791
14	28	28.394166155613068
14	29	28.853326067804055
14	30	24.603117577421465
14	31	22.52044080627303
14	32	29.107209633873936
14	33	37.979958045470184
14	34	33.214835862987485
14	35	31.806622788536654
14	36	26.722736684324158
14	37	20.395768832775115
14	38	22.53143233649807
14	39	27.318055157864556
15	0	25.787075542229413
15	1	21.84062874237953
15	2	19.721037923693203
15	3	17.868104374177626
15	4	18.998096429300844
15	5	16.74144484553555
15	6	18.843065322899974
15	7	17.987526270639183
15	8	14.960639819531098
15	9	14.414541785857793
15	10	13.73762934034347
15	11	12.727585264118664
15	12	6.839601600761618
15	13	4.452173913043479
15	14	0.9753095577606926
15	15	0.0
15	16	5.76030349967062
15	17	8.668397932888732
15	18	9.405846133683877
15	19	12.488353494344047
15	20	20.90810238044279
15	21	17.492802655423006
15	22	18.338366319791454
15	23	15.96236787281431
15	24	16.056766437202754
15	25	18.77537833698281
15	26	13.614541785857789
15	27	31.20301420176722
15	28	27.418856597852376
15	29	27.87801651004336
15	30	23.62780801966077
15	31	21.545131248512334
15	32	28.131900076113244
15	33	37.00464848770949
15	34	32.23952630522679
15	35	30.83131323077596
15	36	25.747427126563466
15	37	19.420459275014423
15	38	21.55612277873738
15	39	26.342745600103864
16	0	20.026772042558793
16	1	16.080325242708913
16	2	13.960734424022583
16	3	12.107800874507006
16	4	13.237792929630224
16	5	10.98114134586493
16	6	13.082761823229355
16	7	12.227222770968563
16	8	9.20033631986048
16	9	8.654238286187173
16	10	7.977325840672852
16	11	6.967281764448045
16	12	4.940871561071679
16	13	2.5534438733535407
16	14	6.735613057431313
16	15	5.76030349967062
16	16	0.0
16	17	2.9080944332181127
16	18	3.6455426340132577
16	19	6.728049994673427
16	20	15.147798880772172
16	21	11.73249915575239
16	22	12.578062820120838
16	23	10.202064373143692
16	24	10.296462937532137
16	25	13.015074837312191
16	26	7.85423828618717
16	27	25.4427107020966
16	28	21.658553098181756
16	29	22.11771301037274
16	30	17.86750451999015
16	31	15.784827748841714
16	32	22.371596576442624
16	33	31.244344988038872
16	34	26.479222805556173
16	35	25.07100973110534
16	36	19.987123626892846
16	37	13.660155775343803
16	38	15.79581927906676
16	39	20.582442100433248
17	0	20.572533756371627
17	1	16.626086956521743
17	2	14.506496137835414
17	3	12.653562588319838
17	4	13.783554643443054
17	5	11.526903059677762
17	6	13.628523537042186
17	7	12.772984484781395
17	8	9.74609803367331
17	9	9.200000000000005
17	10	8.523087554485683
17	11	7.513043478260876
17	12	7.848965994289792
17	13	5.461538306571653
17	14	9.643707490649426
17	15	8.668397932888732
17	16	2.9080944332181127
17	17	0.0
17	18	4.1913043478260885
17	19	3.819955561455314
17	20	15.693560594585003
17	21	12.27826086956522
17	22	13.123824533933668
17	23	10.747826086956522
17	24	10.842224651344967
17	25	13.560836551125021
17	26	8.4
17	27	25.98847241590943
17	28	22.204314811994585
17	29	22.66347472418557
17	30	18.41326623380298
17	31	16.330589462654544
17	32	22.917358290255457
17	33	31.7901067018517
17	34	27.024984519369
17	35	25.61677144491817
17	36	20.532885340705676
17	37	14.205917489156633
17	38	16.34158099287959
17	39	21.128203814246074
18	0	16.381229408545536
18	1	12.434782608695654
18	2	10.315191790009326
18	3	8.46225824049375
18	4	9.592250295616966
18	5	7.335598711851674
18	6	9.437219189216098
18	7	8.581680136955306
18	8	5.554793685847221
18	9	5.008695652173916
18	10	4.331783206659594
18	11	3.3217391304347874
18	12	8.586414195084938
18	13	6.198986507366799
18	14	10.38115569144457
18	15	9.405846133683877
18	16	3.6455426340132577
18	17	4.1913043478260885
18	18	0.0
18	19	8.011259909281403
18	20	11.502256246758915
18	21	8.08695652173913
18	22	8.93252018610758
18	23	6.556521739130433
18	24	6.650920303518879
18	25	9.369532203298933
18	26	4.208695652173912
18	27	21.79716806808334
18	28	18.013010464168495
18	29	18.472170376359482
18	30	14.221961885976892
18	31	12.139285114828457
18	32	18.726053942429367
18	33	27.59880235402561
18	34	22.833680171542913
18	35	21.425467097092085
18	36	16.34158099287959
18	37	10.014613141330544
18	38	12.150276645053502
18	39	16.936899466419987
19	0	24.39248931782694
19	1	20.446042517977055
19	2	18.32645169929073
19	3	16.473518149775153
19	4	17.60351020489837
19	5	15.346858621133077
19	6	17.4484790984975
19	7	16.59294004623671
19	8	13.566053595128624
19	9	13.019955561455319
19	10	12.343043115940997
19	11	11.33299903971619
19	12	11.668921555745106
19	13	9.281493868026967
19	14	13.46366305210474
19	15	12.488353494344047
19	16	6.728049994673427
19	17	3.819955561455314
19	18	8.011259909281403
19	19	0.0
19	20	19.513516156040318
19	21	16.098216431020532
19	22	16.94378009538898
19	23	14.567781648411836
19	24	14.662180212800282
19	25	17.380792112580338
19	26	12.219955561455315
19	27	29.808427977364747
19	28	26.0242703734499
19	29	26.483430285640885
19	30	22.233221795258295
19	31	20.15054502410986
19	32	26.73731385171077
19	33	35.610062263307015
19	34	30.844940080824315
19	35	29.436727006373488
19	36	24.35284090216099
19	37	18.02587305061195
19	38	20.161536554334905
19	39	24.94815937570139
20	0	24.916476667510093
20	1	20.97002986766021
20	2	21.81744803676824
20	3	19.964514487252664
20	4	21.094506542375882
20	5	18.83785495861059
20	6	20.939475435975012
20	7	20.08393638371422
20	8	17.057049932606134
20	9	16.51095189893283
20	10	15.834039453418509
20	11	14.823995377193702
20	12	20.088670441843853
20	13	17.701242754125715
20	14	21.883411938203487
20	15	20.90810238044279
20	16	15.147798880772172
20	17	15.693560594585003
20	18	11.502256246758915
20	19	19.513516156040318
20	20	0.0
20	21	3.415299725019784
20	22	9.641304922368084
20	23	7.265306475390938
20	24	5.398594800715251
20	25	7.293560594585003
20	26	7.293560594585003
20	27	19.721196459369413
20	28	15.937038855454567
20	29	16.39619876764555
20	30	12.145990277262964
20	31	10.063313506114527
20	32	16.65008233371544
20	33	29.01520451619814
20	34	24.25008233371544
20	35	25.855707568362714
20	36	20.771821464150218
20	37	17.821435198098136
20	38	16.58051711632413
20	39	19.54540807585899
21	0	21.501176942490307
21	1	17.554730142640423
21	2	18.402148311748455
21	3	16.54921476223288
21	4	17.679206817356096
21	5	15.422555233590804
21	6	17.524175710955227
21	7	16.66863665869444
21	8	13.641750207586352
21	9	13.095652173913047
21	10	12.418739728398725
21	11	11.408695652173918
21	12	16.673370716824067
21	13	14.28594302910593
21	14	18.4681122131837
21	15	17.492802655423006
21	16	11.73249915575239
21	17	12.27826086956522
21	18	8.08695652173913
21	19	16.098216431020532
21	20	3.415299725019784
21	21	0.0
21	22	6.2260051973483
21	23	3.850006750371154
21	24	1.9832950756954666
21	25	3.878260869565219
21	26	3.878260869565219
21	27	16.305896734349627
21	28	12.521739130434783
21	29	12.980899042625769
21	30	8.730690552243178
21	31	6.648013781094743
21	32	13.234782608695653
21	33	25.599904791178353
21	34	20.834782608695654
21	35	22.440407843342932
21	36	17.356521739130436
21	37	14.40613547307835
21	38	13.165217391304349
21	39	16.130108350839205
22	0	22.346740606858756
22	1	18.40029380700887
22	2	19.247711976116904
22	3	17.394778426601327
22	4	18.524770481724545
22	5	16.268118897959255
22	6	18.369739375323675
22	7	17.514200323062887
22	8	14.4873138719548
22	9	13.941215838281495
22	10	13.264303392767173
22	11	12.254259316542367
22	12	17.518934381192516
22	13	15.131506693474378
22	14	19.31367587755215
22	15	18.338366319791454
22	16	12.578062820120838
22	17	13.123824533933668
22	18	8.93252018610758
22	19	16.94378009538898
22	20	9.641304922368084
22	21	6.2260051973483
22	22	0.0
22	23	2.375998446977146
22	24	4.242710121652833
22	25	6.961322021432887
22	26	4.7238245339336675
22	27	19.388957886217295
22	28	15.60480028230245
22	29	16.063960194493436
22	30	11.813751704110846
22	31	9.73107493296241
22	32	16.31784376056332
22	33	28.68296594304602
22	34	23.917843760563322
22	35	23.28597150771138
22	36	18.202085403498884
22	37	15.2516991374468
22	38	14.010781055672798
22	39	18.797403877039283
23	0	19.97074215988161
23	1	16.02429536003173
23	2	16.87171352913976
23	3	15.018779979624183
23	4	16.1487720347474
23	5	13.892120450982107
23	6	15.993740928346531
23	7	15.13820187608574
23	8	12.111315424977654
23	9	11.56521739130435
23	10	10.888304945790027
23	11	9.87826086956522
23	12	15.142935934215371
23	13	12.755508246497232
23	14	16.937677430575004
23	15	15.96236787281431
23	16	10.202064373143692
23	17	10.747826086956522
23	18	6.556521739130433
23	19	14.567781648411836
23	20	7.265306475390938
23	21	3.850006750371154
23	22	2.375998446977146
23	23	0.0
23	24	1.8667116746756873
23	25	4.585323574455741
23	26	2.3478260869565215
23	27	17.01295943924015
23	28	13.228801835325305
23	29	13.68796174751629
23	30	9.4377532571337
23	31	7.355076485985265
23	32	13.941845313586175
23	33	26.30696749606887
23	34	21.541845313586176
23	35	20.909973060734234
23	36	15.826086956521738
23	37	12.875700690469653
23	38	11.634782608695652
23	39	16.421405430062137
24	0	20.065140724270055
24	1	16.11869392442017
24	2	16.966112093528203
24	3	15.113178544012628
24	4	16.243170599135844
24	5	13.986519015370552
24	6	16.088139492734975
24	7	15.232600440474185
24	8	12.2057139893661
24	9	11.659615955692795
24	10	10.982703510178473
24	11	9.972659433953666
24	12	15.237334498603817
24	13	12.849906810885678
24	14	17.03207599496345
24	15	16.056766437202754
24	16	10.296462937532137
24	17	10.842224651344967
24	18	6.650920303518879
24	19	14.662180212800282
24	20	5.398594800715251
24	21	1.9832950756954666
24	22	4.242710121652833
24	23	1.8667116746756873
24	24	0.0
24	25	2.7186118997800537
24	26	2.442224651344967
24	27	15.146247764564464
24	28	11.362090160649618
24	29	11.821250072840602
24	30	7.571041582458014
24	31	5.488364811309578
24	32	12.075133638910488
24	33	24.440255821393187
24	34	19.675133638910488
24	35	21.00437162512268
24	36	15.920485520910184
24	37	12.970099254858098
24	38	11.729181173084097
24	39	14.970459381054038
25	0	22.78375262405011
25	1	18.83730582420023
25	2	19.68472399330826
25	3	17.831790443792684
25	4	18.9617824989159
25	5	16.705130915150605
25	6	18.806751392515032
25	7	17.951212340254237
25	8	14.924325889146154
25	9	14.378227855472849
25	10	13.701315409958527
25	11	12.69127133373372
25	12	17.955946398383873
25	13	15.568518710665732
25	14	19.750687894743503
25	15	18.77537833698281
25	16	13.015074837312191
25	17	13.560836551125021
25	18	9.369532203298933
25	19	17.380792112580338
25	20	7.293560594585003
25	21	3.878260869565219
25	22	6.961322021432887
25	23	4.585323574455741
25	24	2.7186118997800537
25	25	0.0
25	26	5.160836551125021
25	27	12.42763586478441
25	28	8.643478260869564
25	29	9.102638173060548
25	30	4.85242968267796
25	31	2.7697529115295243
25	32	9.356521739130434
25	33	21.721643921613136
25	34	16.956521739130437
25	35	20.12491061583365
25	36	15.041024511621153
25	37	15.688711154638153
25	38	14.447793072864151
25	39	12.251847481273984
26	0	17.622916072925086
26	1	13.676469273075206
26	2	14.523887442183238
26	3	12.670953892667661
26	4	13.800945947790877
26	5	11.544294364025586
26	6	13.64591484139001
26	7	12.790375789129218
26	8	9.763489338021133
26	9	9.217391304347828
26	10	8.540478858833506
26	11	7.530434782608699
26	12	12.79510984725885
26	13	10.40768215954071
26	14	14.589851343618482
26	15	13.614541785857789
26	16	7.85423828618717
26	17	8.4
26	18	4.208695652173912
26	19	12.219955561455315
26	20	7.293560594585003
26	21	3.878260869565219
26	22	4.7238245339336675
26	23	2.3478260869565215
26	24	2.442224651344967
26	25	5.160836551125021
26	26	0.0
26	27	17.58847241590943
26	28	13.804314811994585
26	29	14.26347472418557
26	30	10.01326623380298
26	31	7.930589462654545
26	32	14.517358290255455
26	33	24.73548223071124
26	34	19.970360048228542
26	35	18.562146973777715
26	36	13.478260869565217
26	37	10.527874603513132
26	38	9.28695652173913
26	39	14.073579343105617
27	0	25.93159374925545
27	1	21.985146949405564
27	2	29.520140484272854
27	3	27.667206934757278
27	4	28.797198989880492
27	5	26.5405474061152
27	6	28.642167883479623
27	7	27.786628831218835
27	8	24.759742380110747
27	9	24.21364434643744
27	10	26.128951274742935
27	11	25.11890719851813
27	12	30.383582263168282
27	13	27.99615457545014
27	14	32.17832375952791
27	15	31.20301420176722
27	16	25.4427107020966
27	17	25.98847241590943
27	18	21.79716806808334
27	19	29.808427977364747
27	20	19.721196459369413
27	21	16.305896734349627
27	22	19.388957886217295
27	23	17.01295943924015
27	24	15.146247764564464
27	25	12.42763586478441
27	26	17.58847241590943
27	27	0.0
27	28	3.7841576039148452
27	29	15.825670442123519
27	30	11.57546195174093
27	31	10.389671712230767
27	32	9.018940212610497
27	33	21.384062395093196
27	34	16.618940212610497
27	35	19.78732908931371
27	36	14.703442985101216
27	37	18.836552279843488
27	38	16.700888776120532
27	39	11.914265954754047
28	0	22.147436145340603
28	1	18.20098934549072
28	2	25.73598288035801
28	3	23.883049330842432
28	4	25.013041385965646
28	5	22.756389802200353
28	6	24.858010279564777
28	7	24.00247122730399
28	8	20.975584776195902
28	9	20.429486742522595
28	10	22.34479367082809
28	11	21.334749594603284
28	12	26.599424659253437
28	13	24.211996971535296
28	14	28.394166155613068
28	15	27.418856597852376
28	16	21.658553098181756
28	17	22.204314811994585
28	18	18.013010464168495
28	19	26.0242703734499
28	20	15.937038855454567
28	21	12.521739130434783
28	22	15.60480028230245
28	23	13.228801835325305
28	24	11.362090160649618
28	25	8.643478260869564
28	26	13.804314811994585
28	27	3.7841576039148452
28	28	0.0
28	29	12.041512838208673
28	30	7.791304347826085
28	31	6.605514108315922
28	32	5.234782608695651
28	33	17.59990479117835
28	34	12.834782608695653
28	35	16.003171485398866
28	36	10.91928538118637
28	37	15.052394675928644
28	38	12.916731172205687
28	39	8.130108350839201
29	0	31.88639079711066
29	1	27.939943997260777
29	2	28.78736216636881
29	3	26.934428616853232
29	4	28.06442067197645
29	5	25.807769088211156
29	6	27.90938956557558
29	7	27.05385051331479
29	8	24.0269640622067
29	9	23.4808660285334
29	10	22.803953583019076
29	11	21.793909506794268
29	12	27.05858457144442
29	13	24.671156883726283
29	14	28.853326067804055
29	15	27.87801651004336
29	16	22.11771301037274
29	17	22.66347472418557
29	18	18.472170376359482
29	19	26.483430285640885
29	20	16.39619876764555
29	21	12.980899042625769
29	22	16.063960194493436
29	23	13.68796174751629
29	24	11.821250072840602
29	25	9.102638173060548
29	26	14.26347472418557
29	27	15.825670442123519
29	28	12.041512838208673
29	29	0.0
29	30	4.2502084903825885
29	31	6.3328852615310245
29	32	15.749919258526422
29	33	28.11504144100912
29	34	23.349919258526423
29	35	26.51830813522964
29	36	21.434422031017142
29	37	24.791349327698704
29	38	23.43186782203646
29	39	18.645245000669973
30	0	27.63618230672807
30	1	23.689735506878186
30	2	24.537153675986218
30	3	22.684220126470642
30	4	23.81421218159386
30	5	21.557560597828566
30	6	23.65918107519299
30	7	22.8036420229322
30	8	19.77675557182411
30	9	19.23065753815081
30	10	18.553745092636486
30	11	17.54370101641168
30	12	22.80837608106183
30	13	20.420948393343693
30	14	24.603117577421465
30	15	23.62780801966077
30	16	17.86750451999015
30	17	18.41326623380298
30	18	14.221961885976892
30	19	22.233221795258295
30	20	12.145990277262964
30	21	8.730690552243178
30	22	11.813751704110846
30	23	9.4377532571337
30	24	7.571041582458014
30	25	4.85242968267796
30	26	10.01326623380298
30	27	11.57546195174093
30	28	7.791304347826085
30	29	4.2502084903825885
30	30	0.0
30	31	2.082676771148436
30	32	11.499710768143835
30	33	23.864832950626536
30	34	19.099710768143837
30	35	22.26809964484705
30	36	17.184213540634552
30	37	20.541140837316114
30	38	19.181659331653872
30	39	14.395036510287385
31	0	25.553505535579635
31	1	21.60705873572975
31	2	22.454476904837783
31	3	20.601543355322207
31	4	21.731535410445424
31	5	19.47488382668013
31	6	21.576504304044555
31	7	20.720965251783763
31	8	17.694078800675676
31	9	17.147980767002373
31	10	16.47106832148805
31	11	15.461024245263244
31	12	20.725699309913395
31	13	18.338271622195258
31	14	22.52044080627303
31	15	21.545131248512334
31	16	15.784827748841714
31	17	16.330589462654544
31	18	12.139285114828457
31	19	20.15054502410986
31	20	10.063313506114527
31	21	6.648013781094743
31	22	9.73107493296241
31	23	7.355076485985265
31	24	5.488364811309578
31	25	2.7697529115295243
31	26	7.930589462654545
31	27	10.389671712230767
31	28	6.605514108315922
31	29	6.3328852615310245
31	30	2.082676771148436
31	31	0.0
31	32	9.417033996995398
31	33	21.7821561794781
31	34	17.0170339969954
31	35	20.185422873698613
31	36	15.101536769486117
31	37	18.45846406616768
31	38	17.098982560505434
31	39	12.312359739138948
32	0	16.912653536644953
32	1	12.966206736795067
32	2	20.50120027166236
32	3	18.648266722146783
32	4	19.778258777269997
32	5	17.521607193504703
32	6	19.623227670869127
32	7	18.76768861860834
32	8	15.74080216750025
32	9	15.194704133826944
32	10	17.777326682765036
32	11	16.76728260654023
32	12	27.312468137514305
32	13	24.925040449796164
32	14	29.107209633873936
32	15	28.131900076113244
32	16	22.371596576442624
32	17	22.917358290255457
32	18	18.726053942429367
32	19	26.73731385171077
32	20	16.65008233371544
32	21	13.234782608695653
32	22	16.31784376056332
32	23	13.941845313586175
32	24	12.075133638910488
32	25	9.356521739130434
32	26	14.517358290255455
32	27	9.018940212610497
32	28	5.234782608695651
32	29	15.749919258526422
32	30	11.499710768143835
32	31	9.417033996995398
32	32	0.0
32	33	12.365122182482699
32	34	7.600000000000001
32	35	10.768388876703217
32	36	5.684502772490719
32	37	9.817612067232993
32	38	7.681948563510037
32	39	2.8953257421435503
33	0	24.679230682107026
33	1	20.73278388225714
33	2	28.26777741712443
33	3	26.414843867608855
33	4	27.54483592273207
33	5	25.288184338966776
33	6	27.3898048163312
33	7	26.534265764070412
33	8	23.507379312962325
33	9	22.961281279289018
33	10	25.54390382822711
33	11	24.533859752002304
33	12	36.18521654911055
33	13	33.797788861392405
33	14	37.979958045470184
33	15	37.00464848770949
33	16	31.244344988038872
33	17	31.7901067018517
33	18	27.59880235402561
33	19	35.610062263307015
33	20	29.01520451619814
33	21	25.599904791178353
33	22	28.68296594304602
33	23	26.30696749606887
33	24	24.440255821393187
33	25	21.721643921613136
33	26	24.73548223071124
33	27	21.384062395093196
33	28	17.59990479117835
33	29	28.11504144100912
33	30	23.864832950626536
33	31	21.7821561794781
33	32	12.365122182482699
33	33	0.0
33	34	4.765122182482697
33	35	18.022921330173457
33	36	12.939035225960959
33	37	17.584189212695065
33	38	15.44852570897211
33	39	10.661902887605624
34	0	19.914108499624326
34	1	15.967661699774442
34	2	23.502655234641733
34	3	21.649721685126156
34	4	22.77971374024937
34	5	20.523062156484077
34	6	22.6246826338485
34	7	21.769143581587713
34	8	18.742257130479626
34	9	18.19615909680632
34	10	20.77878164574441
34	11	19.768737569519605
34	12	31.42009436662785
34	13	29.03266667890971
34	14	33.214835862987485
34	15	32.23952630522679
34	16	26.479222805556173
34	17	27.024984519369
34	18	22.833680171542913
34	19	30.844940080824315
34	20	24.25008233371544
34	21	20.834782608695654
34	22	23.917843760563322
34	23	21.541845313586176
34	24	19.675133638910488
34	25	16.956521739130437
34	26	19.970360048228542
34	27	16.618940212610497
34	28	12.834782608695653
34	29	23.349919258526423
34	30	19.099710768143837
34	31	17.0170339969954
34	32	7.600000000000001
34	33	4.765122182482697
34	34	0.0
34	35	13.257799147690758
34	36	8.173913043478262
34	37	12.81906703021237
34	38	10.683403526489412
34	39	5.896780705122926
35	0	18.5058954251735
35	1	14.559448625323615
35	2	22.0944421601909
35	3	20.241508610675325
35	4	21.371500665798543
35	5	19.11484908203325
35	6	21.216469559397673
35	7	20.360930507136885
35	8	17.334044056028795
35	9	16.78794602235549
35	10	19.370568571293582
35	11	18.360524495068773
35	12	30.011881292177023
35	13	27.624453604458882
35	14	31.806622788536654
35	15	30.83131323077596
35	16	25.07100973110534
35	17	25.61677144491817
35	18	21.425467097092085
35	19	29.436727006373488
35	20	25.855707568362714
35	21	22.440407843342932
35	22	23.28597150771138
35	23	20.909973060734234
35	24	21.00437162512268
35	25	20.12491061583365
35	26	18.562146973777715
35	27	19.78732908931371
35	28	16.003171485398866
35	29	26.51830813522964
35	30	22.26809964484705
35	31	20.185422873698613
35	32	10.768388876703217
35	33	18.022921330173457
35	34	13.257799147690758
35	35	0.0
35	36	5.083886104212497
35	37	11.41085395576154
35	38	9.275190452038583
35	39	7.873063134559666
36	0	13.422009320961001
36	1	9.475562521111119
36	2	17.010556055978405
36	3	15.15762250646283
36	4	16.287614561586047
36	5	14.030962977820753
36	6	16.132583455185177
36	7	15.277044402924387
36	8	12.2501579518163
36	9	11.704059918142995
36	10	14.286682467081086
36	11	13.276638390856279
36	12	24.927995187964527
36	13	22.540567500246386
36	14	26.722736684324158
36	15	25.747427126563466
36	16	19.987123626892846
36	17	20.532885340705676
36	18	16.34158099287959
36	19	24.35284090216099
36	20	20.771821464150218
36	21	17.356521739130436
36	22	18.202085403498884
36	23	15.826086956521738
36	24	15.920485520910184
36	25	15.041024511621153
36	26	13.478260869565217
36	27	14.703442985101216
36	28	10.91928538118637
36	29	21.434422031017142
36	30	17.184213540634552
36	31	15.101536769486117
36	32	5.684502772490719
36	33	12.939035225960959
36	34	8.173913043478262
36	35	5.083886104212497
36	36	0.0
36	37	6.326967851549044
36	38	4.191304347826087
36	39	2.789177030347169
37	0	7.095041469411957
37	1	3.1485946695620743
37	2	10.683588204429363
37	3	8.830654654913786
37	4	9.960646710037
37	5	7.703995126271709
37	6	9.80561560363613
37	7	8.950076551375343
37	8	5.923190100267257
37	9	5.377092066593951
37	10	7.959714615532041
37	11	6.949670539307235
37	12	18.601027336415484
37	13	16.213599648697343
37	14	20.395768832775115
37	15	19.420459275014423
37	16	13.660155775343803
37	17	14.205917489156633
37	18	10.014613141330544
37	19	18.02587305061195
37	20	17.821435198098136
37	21	14.40613547307835
37	22	15.2516991374468
37	23	12.875700690469653
37	24	12.970099254858098
37	25	15.688711154638153
37	26	10.527874603513132
37	27	18.836552279843488
37	28	15.052394675928644
37	29	24.791349327698704
37	30	20.541140837316114
37	31	18.45846406616768
37	32	9.817612067232993
37	33	17.584189212695065
37	34	12.81906703021237
37	35	11.41085395576154
37	36	6.326967851549044
37	37	0.0
37	38	2.135663503722957
37	39	6.922286325089443
38	0	9.230704973134914
38	1	5.284258173285032
38	2	12.81925170815232
38	3	10.966318158636744
38	4	12.096310213759958
38	5	9.839658629994666
38	6	11.941279107359088
38	7	11.0857400550983
38	8	8.058853603990213
38	9	7.512755570316909
38	10	10.095378119254999
38	11	9.085334043030192
38	12	20.73669084013844
38	13	18.3492631524203
38	14	22.53143233649807
38	15	21.55612277873738
38	16	15.79581927906676
38	17	16.34158099287959
38	18	12.150276645053502
38	19	20.161536554334905
38	20	16.58051711632413
38	21	13.165217391304349
38	22	14.010781055672798
38	23	11.634782608695652
38	24	11.729181173084097
38	25	14.447793072864151
38	26	9.28695652173913
38	27	16.700888776120532
38	28	12.916731172205687
38	29	23.43186782203646
38	30	19.181659331653872
38	31	17.098982560505434
38	32	7.681948563510037
38	33	15.44852570897211
38	34	10.683403526489412
38	35	9.275190452038583
38	36	4.191304347826087
38	37	2.135663503722957
38	38	0.0
38	39	4.786622821366486
39	0	14.017327794501401
39	1	10.070880994651517
39	2	17.605874529518807
39	3	15.752940980003231
39	4	16.882933035126445
39	5	14.626281451361152
39	6	16.727901928725576
39	7	15.872362876464788
39	8	12.8454764253567
39	9	12.299378391683394
39	10	14.882000940621484
39	11	13.87195686439668
39	12	25.523313661504925
39	13	23.135885973786785
39	14	27.318055157864556
39	15	26.342745600103864
39	16	20.582442100433248
39	17	21.128203814246074
39	18	16.936899466419987
39	19	24.94815937570139
39	20	19.54540807585899
39	21	16.130108350839205
39	22	18.797403877039283
39	23	16.421405430062137
39	24	14.970459381054038
39	25	12.251847481273984
39	26	14.073579343105617
39	27	11.914265954754047
39	28	8.130108350839201
39	29	18.645245000669973
39	30	14.395036510287385
39	31	12.312359739138948
39	32	2.8953257421435503
39	33	10.661902887605624
39	34	5.896780705122926
39	35	7.873063134559666
39	36	2.789177030347169
39	37	6.922286325089443
39	38	4.786622821366486
39	39	0.0
;