VERTICES = 55
;

DISTANCE_MATRIX = 
0	0	0
0	1	83.86894538504703
0	2	56.302753041036986
0	3	83.0
0	4	85.7962703152066
0	5	186.6815470259447
0	6	170.85666507338834
0	7	98.90224176341994
0	8	76.22761188620827
0	9	127.10215414239988
0	10	141.52349955359813
0	11	162.40411257141923
0	12	96.23657682411715
0	13	221.90937693356176
0	14	225.93842248906998
0	15	234.41765940167116
0	16	276.52466594452574
0	17	298.76826157445583
0	18	358.60971877596455
0	19	428.9565867038621
0	20	364.15939247154313
0	21	345.2870749729079
0	22	457.11684238451954
0	23	533.9613485006493
0	24	460.0210358378803
0	25	460.34129635681256
0	26	570.9613485006493
0	27	616.9613485006493
0	28	575.7345456490601
0	29	584.9613485006493
0	30	702.1258951148361
0	31	741.4964841050239
0	32	559.3443873611969
0	33	524.2160512206964
0	34	571.2636570988408
0	35	549.1277134776622
0	36	601.9172834249392
0	37	562.9044650186769
0	38	813.0560038739695
0	39	780.9156865139933
0	40	550.0073040720032
0	41	499.6783859433567
0	42	536.0210358378803
0	43	521.4865010573902
0	44	440.2645828333049
0	45	412.211447578479
0	46	512.0210358378803
0	47	405.49504786686936
0	48	507.76491916233005
0	49	617.7107293726908
0	50	841.5313678138594
0	51	765.2555525117599
0	52	747.2175809941102
0	53	670.0554140986685
0	54	667.2535109464131
1	0	83.86894538504703
1	1	0
1	2	46.0
1	3	55.97320787662612
1	4	169.64963896218583
1	5	178.2806775845324
1	6	189.21416437465774
1	7	15.033296378372908
1	8	65.92485884517127
1	9	100.07536201902602
1	10	114.49670743022425
1	11	135.37732044804534
1	12	180.08994547109637
1	13	213.50850749214948
1	14	244.29592179033938
1	15	252.77515870294056
1	16	294.88216524579514
1	17	317.12576087572523
1	18	376.96721807723395
1	19	447.3140860051315
1	20	382.5168917728125
1	21	363.6445742741773
1	22	475.47434168578894
1	23	552.3188478019187
1	24	478.3785351391497
1	25	478.69879565808196
1	26	589.3188478019187
1	27	635.3188478019187
1	28	594.0920449503295
1	29	603.3188478019187
1	30	720.4833944161055
1	31	759.8539834062933
1	32	577.7018866624663
1	33	542.5735505219658
1	34	589.6211564001102
1	35	567.4852127789316
1	36	620.2747827262086
1	37	581.2619643199463
1	38	831.4135031752389
1	39	799.2731858152627
1	40	568.3648033732726
1	41	518.0358852446261
1	42	554.3785351391497
1	43	539.8440003586596
1	44	458.6220821345743
1	45	430.5689468797484
1	46	530.3785351391497
1	47	423.85254716813876
1	48	526.1224184635995
1	49	636.0682286739602
1	50	859.8888671151288
1	51	783.6130518130293
1	52	765.5750802953796
1	53	688.4129133999379
1	54	685.6110102476825
2	0	56.302753041036986
2	1	46.0
2	2	0
2	3	83.09632964216891
2	4	137.6117727521886
2	5	148.12157169028418
2	6	148.94965592440957
2	7	61.03329637837291
2	8	19.924858845171276
2	9	127.1984837845688
2	10	141.61982919576704
2	11	162.50044221358814
2	12	148.05207926109915
2	13	183.34940159790125
2	14	204.0314133400912
2	15	212.5106502526924
2	16	254.617656795547
2	17	276.86125242547706
2	18	336.7027096269858
2	19	407.04957755488334
2	20	342.25238332256436
2	21	323.3800658239291
2	22	435.20983323554077
2	23	512.0543393516705
2	24	438.1140266889015
2	25	438.4342872078338
2	26	549.0543393516705
2	27	595.0543393516705
2	28	553.8275365000814
2	29	563.0543393516705
2	30	680.2188859658573
2	31	719.5894749560453
2	32	537.4373782122182
2	33	502.3090420717176
2	34	549.356647949862
2	35	527.2207043286834
2	36	580.0102742759605
2	37	540.9974558696981
2	38	791.1489947249909
2	39	759.0086773650144
2	40	528.1002949230244
2	41	477.77137679437794
2	42	514.1140266889015
2	43	499.57949190841146
2	44	418.35757368432616
2	45	390.30443842950024
2	46	490.1140266889015
2	47	383.5880387178906
2	48	485.8579100133513
2	49	595.803720223712
2	50	819.6243586648807
2	51	743.3485433627811
2	52	725.3105718451314
2	53	648.1484049496897
2	54	645.3465017974344
3	0	83.0
3	1	55.97320787662612
3	2	83.09632964216891
3	3	0
3	4	158.24032355881985
3	5	229.19205919926634
3	6	231.68297304722245
3	7	71.00650425499903
3	8	103.02118848734018
3	9	44.10215414239989
3	10	58.52349955359813
3	11	79.40411257141923
3	12	168.6806300677304
3	13	264.41988910688343
3	14	286.7647304629041
3	15	295.24396737550524
3	16	337.35097391835984
3	17	359.5945695482899
3	18	419.4360267497986
3	19	489.78289467769616
3	20	424.9857004453771
3	21	406.1133829467419
3	22	517.9431503583536
3	23	594.7876564744832
3	24	520.8473438117143
3	25	521.1676043306466
3	26	631.7876564744832
3	27	677.7876564744832
3	28	636.5608536228941
3	29	645.7876564744832
3	30	762.9522030886701
3	31	802.3227920788579
3	32	620.1706953350309
3	33	585.0423591945304
3	34	632.0899650726748
3	35	609.9540214514961
3	36	662.7435913987732
3	37	623.7307729925109
3	38	873.8823118478035
3	39	841.7419944878272
3	40	610.8336120458372
3	41	560.5046939171907
3	42	596.8473438117143
3	43	582.3128090312242
3	44	501.0908908071389
3	45	473.037755552313
3	46	572.8473438117143
3	47	466.3213558407034
3	48	568.5912271361641
3	49	678.5370373465248
3	50	902.3576757876934
3	51	826.0818604855939
3	52	808.0438889679442
3	53	730.8817220725025
3	54	728.0798189202471
4	0	85.7962703152066
4	1	169.64963896218583
4	2	137.6117727521886
4	3	158.24032355881985
4	4	0
4	5	231.0
4	6	194.3733520830466
4	7	184.68293534055874
4	8	157.5366315973599
4	9	202.34247770121974
4	10	216.76382311241798
4	11	237.6444361302391
4	12	10.44030650891055
4	13	266.2278299076171
4	14	249.45510949872823
4	15	257.93434641132944
4	16	300.04135295418405
4	17	322.2849485841141
4	18	382.1264057856228
4	19	452.47327371352037
4	20	387.6760794812013
4	21	368.80376198256613
4	22	480.6335293941778
4	23	557.4780355103074
4	24	483.5377228475385
4	25	483.8579833664708
4	26	594.4780355103074
4	27	640.4780355103074
4	28	599.2512326587183
4	29	608.4780355103074
4	30	725.6425821244943
4	31	765.0131711146821
4	32	582.8610743708551
4	33	547.7327382303546
4	34	594.780344108499
4	35	572.6444004873204
4	36	625.4339704345974
4	37	586.4211520283351
4	38	836.5726908836277
4	39	804.4323735236514
4	40	573.5239910816614
4	41	523.1950729530149
4	42	559.5377228475385
4	43	545.0031880670484
4	44	463.7812698429631
4	45	435.7281345881372
4	46	535.5377228475385
4	47	429.0117348765276
4	48	531.2816061719883
4	49	641.227416382349
4	50	865.0480548235176
4	51	788.7722395214181
4	52	770.7342680037684
4	53	693.5721011083267
4	54	690.7701979560713
5	0	186.6815470259447
5	1	178.2806775845324
5	2	148.12157169028418
5	3	229.19205919926634
5	4	231.0
5	5	0
5	6	57.982756057296896
5	7	193.31397396290532
5	8	168.04643053545547
5	9	273.29421334166625
5	10	287.71555875286447
5	11	308.59617177068554
5	12	241.44030650891054
5	13	35.22782990761707
5	14	113.06451347297855
5	15	121.54375038557971
5	16	163.6507569284343
5	17	185.8943525583644
5	18	245.73580975987312
5	19	316.0826776877707
5	20	251.28548345545167
5	21	232.41316595681644
5	22	344.2429333684281
5	23	421.08743948455776
5	24	347.1471268217888
5	25	347.46738734072113
5	26	458.08743948455776
5	27	504.08743948455776
5	28	462.86063663296864
5	29	472.08743948455776
5	30	589.2519860987446
5	31	628.6225750889325
5	32	446.4704783451055
5	33	411.3421422046049
5	34	458.3897480827493
5	35	436.25380446157067
5	36	489.0433744088478
5	37	450.03055600258546
5	38	700.1820948578782
5	39	668.0417774979016
5	40	437.1333950559117
5	41	386.8044769272652
5	42	423.1471268217888
5	43	408.61259204129874
5	44	327.39067381721344
5	45	299.3375385623875
5	46	399.1471268217888
5	47	292.6211388507779
5	48	394.8910101462386
5	49	504.83682035659933
5	50	728.657458797768
5	51	652.3816434956684
5	52	634.3436719780187
5	53	557.181505082577
5	54	554.3796019303217
6	0	170.85666507338834
6	1	189.21416437465774
6	2	148.94965592440957
6	3	231.68297304722245
6	4	194.3733520830466
6	5	57.982756057296896
6	6	0
6	7	204.24746075303065
6	8	168.87451476958086
6	9	275.78512718962236
6	10	290.2064726008206
6	11	311.08708561864165
6	12	204.81365859195714
6	13	93.21058596491397
6	14	55.08175741568164
6	15	63.56099432828282
6	16	105.66800087113742
6	17	127.91159650106749
6	18	187.7530537025762
6	19	258.0999216304738
6	20	193.30272739815476
6	21	174.43040989951953
6	22	286.2601773111312
6	23	363.10468342726085
6	24	289.1643707644919
6	25	289.4846312834242
6	26	400.10468342726085
6	27	446.10468342726085
6	28	404.8778805756717
6	29	414.10468342726085
6	30	531.2692300414477
6	31	570.6398190316356
6	32	388.4877222878086
6	33	353.359386147308
6	34	400.4069920254524
6	35	378.27104840427376
6	36	431.0606183515509
6	37	392.04779994528855
6	38	642.1993388005812
6	39	610.0590214406047
6	40	379.1506389986148
6	41	328.8217208699683
6	42	365.1643707644919
6	43	350.62983598400183
6	44	269.40791775991653
6	45	241.3547825050906
6	46	341.1643707644919
6	47	234.63838279348101
6	48	336.9082540889417
6	49	446.8540642993024
6	50	670.674702740471
6	51	594.3988874383715
6	52	576.3609159207218
6	53	499.1987490252801
6	54	496.3968458730248
7	0	98.90224176341994
7	1	15.033296378372908
7	2	61.03329637837291
7	3	71.00650425499903
7	4	184.68293534055874
7	5	193.31397396290532
7	6	204.24746075303065
7	7	0
7	8	80.95815522354418
7	9	115.10865839739893
7	10	129.53000380859714
7	11	150.41061682641825
7	12	195.12324184946928
7	13	228.5418038705224
7	14	259.3292181687123
7	15	267.80845508131347
7	16	309.9154616241681
7	17	332.1590572540981
7	18	392.00051445560683
7	19	462.3473823835044
7	20	397.55018815118535
7	21	378.67787065255015
7	22	490.5076380641618
7	23	567.3521441802915
7	24	493.4118315175225
7	25	493.73209203645484
7	26	604.3521441802915
7	27	650.3521441802915
7	28	609.1253413287023
7	29	618.3521441802915
7	30	735.5166907944783
7	31	774.8872797846661
7	32	592.7351830408392
7	33	557.6068469003386
7	34	604.654452778483
7	35	582.5185091573044
7	36	635.3080791045815
7	37	596.2952606983191
7	38	846.4467995536118
7	39	814.3064821936355
7	40	583.3980997516454
7	41	533.0691816229989
7	42	569.4118315175225
7	43	554.8772967370325
7	44	473.65537851294715
7	45	445.60224325812123
7	46	545.4118315175225
7	47	438.88584354651164
7	48	541.1557148419723
7	49	651.101525052333
7	50	874.9221634935017
7	51	798.6463481914021
7	52	780.6083766737524
7	53	703.4462097783107
7	54	700.6443066260554
8	0	76.22761188620827
8	1	65.92485884517127
8	2	19.924858845171276
8	3	103.02118848734018
8	4	157.5366315973599
8	5	168.04643053545547
8	6	168.87451476958086
8	7	80.95815522354418
8	8	0
8	9	147.12334262974008
8	10	161.5446880409383
8	11	182.4253010587594
8	12	167.97693810627044
8	13	203.27426044307254
8	14	223.9562721852625
8	15	232.43550909786367
8	16	274.54251564071825
8	17	296.78611127064835
8	18	356.62756847215707
8	19	426.9744364000546
8	20	362.1772421677356
8	21	343.3049246691004
8	22	455.13469208071206
8	23	531.9791981968417
8	24	458.03888553407273
8	25	458.3591460530051
8	26	568.9791981968417
8	27	614.9791981968417
8	28	573.7523953452526
8	29	582.9791981968417
8	30	700.1437448110286
8	31	739.5143338012165
8	32	557.3622370573894
8	33	522.2339009168888
8	34	569.2815067950332
8	35	547.1455631738546
8	36	599.9351331211317
8	37	560.9223147148693
8	38	811.0738535701621
8	39	778.9335362101856
8	40	548.0251537681957
8	41	497.6962356395492
8	42	534.0388855340727
8	43	519.5043507535827
8	44	438.2824325294974
8	45	410.22929727467147
8	46	510.03888553407273
8	47	403.51289756306187
8	48	505.78276885852256
8	49	615.7285790688833
8	50	839.5492175100519
8	51	763.2734022079524
8	52	745.2354306903027
8	53	668.073263794861
8	54	665.2713606426056
9	0	127.10215414239988
9	1	100.07536201902602
9	2	127.1984837845688
9	3	44.10215414239989
9	4	202.34247770121974
9	5	273.29421334166625
9	6	275.78512718962236
9	7	115.10865839739893
9	8	147.12334262974008
9	9	0
9	10	23.323807579381203
9	11	44.2044205972023
9	12	212.78278421013027
9	13	308.52204324928334
9	14	330.866884605304
9	15	339.3461215179052
9	16	381.4531280607598
9	17	403.69672369068985
9	18	463.53818089219857
9	19	533.8850488200961
9	20	469.0878545877771
9	21	450.2155370891419
9	22	562.0453045007536
9	23	638.8898106168832
9	24	564.9494979541142
9	25	565.2697584730465
9	26	675.8898106168832
9	27	721.8898106168832
9	28	680.6630077652941
9	29	689.8898106168832
9	30	807.0543572310701
9	31	846.4249462212579
9	32	664.2728494774309
9	33	629.1445133369303
9	34	676.1921192150747
9	35	654.0561755938961
9	36	706.8457455411732
9	37	667.8329271349108
9	38	917.9844659902035
9	39	885.8441486302272
9	40	654.935766188237
9	41	604.6068480595907
9	42	640.9494979541142
9	43	626.4149631736241
9	44	545.1930449495388
9	45	517.139909694713
9	46	616.9494979541142
9	47	510.4235099831034
9	48	612.6933812785641
9	49	722.6391914889248
9	50	946.4598299300934
9	51	870.1840146279939
9	52	852.1460431103442
9	53	774.9838762149025
9	54	772.1819730626471
10	0	141.52349955359813
10	1	114.49670743022425
10	2	141.61982919576704
10	3	58.52349955359813
10	4	216.76382311241798
10	5	287.71555875286447
10	6	290.2064726008206
10	7	129.53000380859714
10	8	161.5446880409383
10	9	23.323807579381203
10	10	0
10	11	20.8806130178211
10	12	227.20412962132852
10	13	322.94338866048156
10	14	345.2882300165022
10	15	353.7674669291034
10	16	395.874473471958
10	17	418.11806910188807
10	18	477.9595263033968
10	19	548.3063942312943
10	20	483.5091999989753
10	21	464.6368825003401
10	22	576.4666499119518
10	23	653.3111560280814
10	24	579.3708433653125
10	25	579.6911038842447
10	26	690.3111560280814
10	27	736.3111560280814
10	28	695.0843531764923
10	29	704.3111560280814
10	30	821.4757026422683
10	31	860.8462916324561
10	32	678.6941948886291
10	33	643.5658587481286
10	34	690.613464626273
10	35	668.4775210050943
10	36	721.2670909523714
10	37	682.2542725461091
10	38	932.4058114014017
10	39	900.2654940414254
10	40	669.3571115994353
10	41	619.0281934707889
10	42	655.3708433653125
10	43	640.8363085848223
10	44	559.614390360737
10	45	531.5612551059112
10	46	631.3708433653125
10	47	524.8448553943016
10	48	627.1147266897623
10	49	737.060536900123
10	50	960.8811753412916
10	51	884.6053600391921
10	52	866.5673885215424
10	53	789.4052216261007
10	54	786.6033184738453
11	0	162.40411257141923
11	1	135.37732044804534
11	2	162.50044221358814
11	3	79.40411257141923
11	4	237.6444361302391
11	5	308.59617177068554
11	6	311.08708561864165
11	7	150.41061682641825
11	8	182.4253010587594
11	9	44.2044205972023
11	10	20.8806130178211
11	11	0
11	12	248.08474263914962
11	13	343.82400167830264
11	14	366.1688430343233
11	15	374.6480799469245
11	16	416.7550864897791
11	17	438.9986821197092
11	18	498.8401393212179
11	19	569.1870072491155
11	20	504.38981301679644
11	21	485.51749551816124
11	22	597.3472629297729
11	23	674.1917690459026
11	24	600.2514563831336
11	25	600.5717169020659
11	26	711.1917690459026
11	27	757.1917690459026
11	28	715.9649661943134
11	29	725.1917690459026
11	30	842.3563156600894
11	31	881.7269046502772
11	32	699.5748079064502
11	33	664.4464717659497
11	34	711.4940776440941
11	35	689.3581340229155
11	36	742.1477039701925
11	37	703.1348855639302
11	38	953.2864244192228
11	39	921.1461070592466
11	40	690.2377246172564
11	41	639.90880648861
11	42	676.2514563831336
11	43	661.7169216026434
11	44	580.4950033785582
11	45	552.4418681237323
11	46	652.2514563831336
11	47	545.7254684121227
11	48	647.9953397075834
11	49	757.9411499179441
11	50	981.7617883591128
11	51	905.4859730570132
11	52	887.4480015393635
11	53	810.2858346439218
11	54	807.4839314916665
12	0	96.23657682411715
12	1	180.08994547109637
12	2	148.05207926109915
12	3	168.6806300677304
12	4	10.44030650891055
12	5	241.44030650891054
12	6	204.81365859195714
12	7	195.12324184946928
12	8	167.97693810627044
12	9	212.78278421013027
12	10	227.20412962132852
12	11	248.08474263914962
12	12	0
12	13	276.6681364165276
12	14	259.8954160076388
12	15	268.37465292023995
12	16	310.48165946309456
12	17	332.72525509302466
12	18	392.5667122945334
12	19	462.91358022243094
12	20	398.1163859901119
12	21	379.2440684914767
12	22	491.07383590308837
12	23	567.918342019218
12	24	493.97802935644904
12	25	494.2982898753814
12	26	604.918342019218
12	27	650.918342019218
12	28	609.6915391676289
12	29	618.918342019218
12	30	736.0828886334049
12	31	775.4534776235928
12	32	593.3013808797657
12	33	558.1730447392652
12	34	605.2206506174095
12	35	583.0847069962309
12	36	635.874276943508
12	37	596.8614585372457
12	38	847.0129973925384
12	39	814.8726800325619
12	40	583.964297590572
12	41	533.6353794619255
12	42	569.978029356449
12	43	555.443494575959
12	44	474.2215763518737
12	45	446.1684410970478
12	46	545.978029356449
12	47	439.4520413854382
12	48	541.7219126808989
12	49	651.6677228912596
12	50	875.4883613324282
12	51	799.2125460303287
12	52	781.174574512679
12	53	704.0124076172373
12	54	701.2105044649819
13	0	221.90937693356176
13	1	213.50850749214948
13	2	183.34940159790125
13	3	264.41988910688343
13	4	266.2278299076171
13	5	35.22782990761707
13	6	93.21058596491397
13	7	228.5418038705224
13	8	203.27426044307254
13	9	308.52204324928334
13	10	322.94338866048156
13	11	343.82400167830264
13	12	276.6681364165276
13	13	0
13	14	148.2923433805956
13	15	156.7715802931968
13	16	198.8785868360514
13	17	221.12218246598147
13	18	280.9636396674902
13	19	351.3105075953878
13	20	286.51331336306873
13	21	267.6409958644335
13	22	379.4707632760452
13	23	456.31526939217486
13	24	382.3749567294059
13	25	382.6952172483382
13	26	493.31526939217486
13	27	539.3152693921749
13	28	498.0884665405857
13	29	507.31526939217486
13	30	624.4798160063617
13	31	663.8504049965495
13	32	481.6983082527226
13	33	446.569972112222
13	34	493.6175779903664
13	35	471.48163436918776
13	36	524.2712043164648
13	37	485.25838591020255
13	38	735.4099247654951
13	39	703.2696074055189
13	40	472.3612249635288
13	41	422.0323068348823
13	42	458.3749567294059
13	43	443.84042194891583
13	44	362.61850372483053
13	45	334.5653684700046
13	46	434.3749567294059
13	47	327.84896875839496
13	48	430.1188400538557
13	49	540.0646502642164
13	50	763.885288705385
13	51	687.6094734032855
13	52	669.5715018856358
13	53	592.4093349901941
13	54	589.6074318379387
14	0	225.93842248906998
14	1	244.29592179033938
14	2	204.0314133400912
14	3	286.7647304629041
14	4	249.45510949872823
14	5	113.06451347297855
14	6	55.08175741568164
14	7	259.3292181687123
14	8	223.9562721852625
14	9	330.866884605304
14	10	345.2882300165022
14	11	366.1688430343233
14	12	259.8954160076388
14	13	148.2923433805956
14	14	0
14	15	29.154759474226502
14	16	71.2617660170811
14	17	93.50536164701117
14	18	153.3468188485199
14	19	223.69368677641745
14	20	158.89649254409844
14	21	140.0241750454632
14	22	251.8539424570749
14	23	328.6984485732046
14	24	254.75813591043558
14	25	255.07839642936787
14	26	365.6984485732046
14	27	411.6984485732046
14	28	370.47164572161546
14	29	379.6984485732046
14	30	496.8629951873914
14	31	536.2335841775794
14	32	354.08148743375233
14	33	318.9531512932517
14	34	366.0007571713961
14	35	343.86481355021743
14	36	396.65438349749456
14	37	357.6415650912322
14	38	607.793103946525
14	39	575.6527865865485
14	40	344.7444041445585
14	41	294.415486015912
14	42	330.7581359104356
14	43	316.2236011299455
14	44	235.0016829058602
14	45	206.9485476510343
14	46	306.7581359104356
14	47	200.2321479394247
14	48	302.5020192348854
14	49	412.44782944524616
14	50	636.2684678864148
14	51	559.9926525843152
14	52	541.9546810666656
14	53	464.79251417122384
14	54	461.99061101896854
15	0	234.41765940167116
15	1	252.77515870294056
15	2	212.5106502526924
15	3	295.24396737550524
15	4	257.93434641132944
15	5	121.54375038557971
15	6	63.56099432828282
15	7	267.80845508131347
15	8	232.43550909786367
15	9	339.3461215179052
15	10	353.7674669291034
15	11	374.6480799469245
15	12	268.37465292023995
15	13	156.7715802931968
15	14	29.154759474226502
15	15	0
15	16	42.1070065428546
15	17	64.35060217278468
15	18	124.1920593742934
15	19	194.53892730219096
15	20	129.74173306987194
15	21	110.86941557123671
15	22	222.6991829828484
15	23	299.54368909897806
15	24	225.6033764362091
15	25	225.92363695514138
15	26	336.54368909897806
15	27	382.54368909897806
15	28	341.3168862473889
15	29	350.54368909897806
15	30	467.70823571316487
15	31	507.0788247033528
15	32	324.92672795952586
15	33	289.79839181902526
15	34	336.84599769716954
15	35	314.7100540759909
15	36	367.4996240232681
15	37	328.48680561700576
15	38	578.6383444722983
15	39	546.498027112322
15	40	315.589644670332
15	41	265.26072654168553
15	42	301.6033764362091
15	43	287.06884165571904
15	44	205.84692343163374
15	45	177.7937881768078
15	46	277.6033764362091
15	47	171.0773884651982
15	48	273.34725976065886
15	49	383.2930699710196
15	50	607.1137084121883
15	51	530.8378931100888
15	52	512.799921592439
15	53	435.63775469699726
15	54	432.835851544742
16	0	276.52466594452574
16	1	294.88216524579514
16	2	254.617656795547
16	3	337.35097391835984
16	4	300.04135295418405
16	5	163.6507569284343
16	6	105.66800087113742
16	7	309.9154616241681
16	8	274.54251564071825
16	9	381.4531280607598
16	10	395.874473471958
16	11	416.7550864897791
16	12	310.48165946309456
16	13	198.8785868360514
16	14	71.2617660170811
16	15	42.1070065428546
16	16	0
16	17	42.190046219457976
16	18	102.0315034209667
16	19	172.37837134886425
16	20	107.58117711654523
16	21	88.70885961791001
16	22	200.5386270295217
16	23	277.38313314565136
16	24	203.44282048288238
16	25	203.76308100181467
16	26	314.38313314565136
16	27	360.38313314565136
16	28	319.1563302940622
16	29	328.38313314565136
16	30	445.54767975983816
16	31	484.9182687500261
16	32	302.76617200619916
16	33	267.63783586569855
16	34	314.68544174384283
16	35	292.5494981226642
16	36	345.3390680699414
16	37	306.32624966367905
16	38	556.4777885189717
16	39	524.3374711589952
16	40	293.4290887170053
16	41	243.10017058835882
16	42	279.4428204828824
16	43	264.90828570239233
16	44	183.68636747830703
16	45	155.6332322234811
16	46	255.44282048288238
16	47	148.9168325118715
16	48	251.18670380733218
16	49	361.13251401769287
16	50	584.9531524588616
16	51	508.67733715676206
16	52	490.63936563911227
16	53	413.47719874367056
16	54	410.6752955914153
17	0	298.76826157445583
17	1	317.12576087572523
17	2	276.86125242547706
17	3	359.5945695482899
17	4	322.2849485841141
17	5	185.8943525583644
17	6	127.91159650106749
17	7	332.1590572540981
17	8	296.78611127064835
17	9	403.69672369068985
17	10	418.11806910188807
17	11	438.9986821197092
17	12	332.72525509302466
17	13	221.12218246598147
17	14	93.50536164701117
17	15	64.35060217278468
17	16	42.190046219457976
17	17	0
17	18	59.841457201508724
17	19	130.18832512940628
17	20	65.39113089708727
17	21	46.51881339845203
17	22	158.34858081006374
17	23	235.1930869261934
17	24	161.2527742634244
17	25	161.5730347823567
17	26	272.19308692619336
17	27	318.19308692619336
17	28	276.96628407460423
17	29	286.19308692619336
17	30	403.35763354038016
17	31	442.7282225305681
17	32	260.57612578674116
17	33	225.44778964624055
17	34	272.4953955243849
17	35	250.35945190320626
17	36	303.1490218504834
17	37	264.13620344422105
17	38	514.2877422995136
17	39	482.1474249395373
17	40	251.2390424975473
17	41	200.91012436890082
17	42	237.2527742634244
17	43	222.71823948293434
17	44	141.49632125884904
17	45	113.44318600402312
17	46	213.2527742634244
17	47	106.72678629241351
17	48	208.9966575878742
17	49	318.94246779823493
17	50	542.7631062394036
17	51	466.487290937304
17	52	448.44931941965433
17	53	371.2871525242126
17	54	368.4852493719573
18	0	358.60971877596455
18	1	376.96721807723395
18	2	336.7027096269858
18	3	419.4360267497986
18	4	382.1264057856228
18	5	245.73580975987312
18	6	187.7530537025762
18	7	392.00051445560683
18	8	356.62756847215707
18	9	463.53818089219857
18	10	477.9595263033968
18	11	498.8401393212179
18	12	392.5667122945334
18	13	280.9636396674902
18	14	153.3468188485199
18	15	124.1920593742934
18	16	102.0315034209667
18	17	59.841457201508724
18	18	0
18	19	71.06335201775947
18	20	16.0312195418814
18	21	34.48187929913333
18	22	99.22360769841691
18	23	176.06811381454656
18	24	102.1278011517776
18	25	102.4480616707099
18	26	213.06811381454656
18	27	259.06811381454656
18	28	217.8413109629574
18	29	227.06811381454656
18	30	344.23266042873337
18	31	383.6032494189213
18	32	201.45115267509436
18	33	166.32281653459376
18	34	213.37042241273812
18	35	191.23447879155947
18	36	244.02404873883657
18	37	205.01123033257426
18	38	455.1627691878669
18	39	423.0224518278905
18	40	201.87913114234146
18	41	151.550213013695
18	42	178.1278011517776
18	43	173.3583281277285
18	44	92.13640990364318
18	45	64.08327464881725
18	46	154.1278011517776
18	47	94.68985219309481
18	48	149.87168447622741
18	49	259.81749468658813
18	50	483.63813312775676
18	51	407.3623178256572
18	52	389.32434630800753
18	53	312.1621794125658
18	54	309.3602762603105
19	0	428.9565867038621
19	1	447.3140860051315
19	2	407.04957755488334
19	3	489.78289467769616
19	4	452.47327371352037
19	5	316.0826776877707
19	6	258.0999216304738
19	7	462.3473823835044
19	8	426.9744364000546
19	9	533.8850488200961
19	10	548.3063942312943
19	11	569.1870072491155
19	12	462.91358022243094
19	13	351.3105075953878
19	14	223.69368677641745
19	15	194.53892730219096
19	16	172.37837134886425
19	17	130.18832512940628
19	18	71.06335201775947
19	19	0
19	20	72.53275122315436
19	21	92.04890004774636
19	22	28.160255680657446
19	23	105.00476179678711
19	24	31.064449134018133
19	25	31.38470965295043
19	26	142.0047617967871
19	27	188.0047617967871
19	28	146.77795894519795
19	29	156.0047617967871
19	30	273.16930841097394
19	31	312.53989740116185
19	32	130.38780065733488
19	33	95.25946451683427
19	34	142.30707039497864
19	35	120.17112677379998
19	36	172.96069672107708
19	37	133.94787831481477
19	38	384.0994171701074
19	39	351.959099810131
19	40	187.8419212410357
19	41	181.26687497037472
19	42	107.06444913401813
19	43	229.85985980900145
19	44	148.63794158491615
19	45	120.58480633009022
19	46	83.06444913401813
19	47	152.25687294170783
19	48	78.80833245846793
19	49	188.75414266882865
19	50	412.57478110999733
19	51	336.2989658078978
19	52	318.26099429024805
19	53	241.09882739480634
19	54	238.29692424255103
20	0	364.15939247154313
20	1	382.5168917728125
20	2	342.25238332256436
20	3	424.9857004453771
20	4	387.6760794812013
20	5	251.28548345545167
20	6	193.30272739815476
20	7	397.55018815118535
20	8	362.1772421677356
20	9	469.0878545877771
20	10	483.5091999989753
20	11	504.38981301679644
20	12	398.1163859901119
20	13	286.51331336306873
20	14	158.89649254409844
20	15	129.74173306987194
20	16	107.58117711654523
20	17	65.39113089708727
20	18	16.0312195418814
20	19	72.53275122315436
20	20	0
20	21	49.39635614091387
20	22	100.6930069038118
20	23	177.53751301994146
20	24	103.5972003571725
20	25	103.9174608761048
20	26	214.53751301994146
20	27	260.53751301994146
20	28	219.3107101683523
20	29	228.53751301994146
20	30	345.70205963412826
20	31	385.0726486243162
20	32	202.92055188048926
20	33	167.79221573998865
20	34	214.83982161813302
20	35	192.70387799695436
20	36	245.49344794423146
20	37	206.48062953796915
20	38	456.6321683932618
20	39	424.4918510332854
20	40	185.84791160046007
20	41	135.5189934718136
20	42	179.59720035717248
20	43	157.3271085858471
20	44	76.10519036176179
20	45	48.05205510693585
20	46	155.59720035717248
20	47	109.60432903487535
20	48	151.3410836816223
20	49	261.286893891983
20	50	485.10753233315165
20	51	408.8317170310521
20	52	390.7937455134024
20	53	313.6315786179607
20	54	310.8296754657054
21	0	345.2870749729079
21	1	363.6445742741773
21	2	323.3800658239291
21	3	406.1133829467419
21	4	368.80376198256613
21	5	232.41316595681644
21	6	174.43040989951953
21	7	378.67787065255015
21	8	343.3049246691004
21	9	450.2155370891419
21	10	464.6368825003401
21	11	485.51749551816124
21	12	379.2440684914767
21	13	267.6409958644335
21	14	140.0241750454632
21	15	110.86941557123671
21	16	88.70885961791001
21	17	46.51881339845203
21	18	34.48187929913333
21	19	92.04890004774636
21	20	49.39635614091387
21	21	0
21	22	120.2091557284038
21	23	197.05366184453345
21	24	123.11334918176449
21	25	123.43360970069679
21	26	234.05366184453345
21	27	280.05366184453345
21	28	238.8268589929443
21	29	248.05366184453345
21	30	365.21820845872026
21	31	404.58879744890817
21	32	222.43670070508125
21	33	187.30836456458064
21	34	234.355970442725
21	35	212.22002682154636
21	36	265.0095967688235
21	37	225.99677836256114
21	38	476.14831721785373
21	39	444.00799985787734
21	40	235.24426774137393
21	41	184.91534961272745
21	42	199.11334918176448
21	43	206.72346472676097
21	44	125.50154650267567
21	45	97.44841124784972
21	46	175.11334918176448
21	47	60.207972893961475
21	48	170.8572325062143
21	49	280.803042716575
21	50	504.6236811577437
21	51	428.34786585564416
21	52	410.30989433799436
21	53	333.14772744255265
21	54	330.3458242902974
22	0	457.11684238451954
22	1	475.47434168578894
22	2	435.20983323554077
22	3	517.9431503583536
22	4	480.6335293941778
22	5	344.2429333684281
22	6	286.2601773111312
22	7	490.5076380641618
22	8	455.13469208071206
22	9	562.0453045007536
22	10	576.4666499119518
22	11	597.3472629297729
22	12	491.07383590308837
22	13	379.4707632760452
22	14	251.8539424570749
22	15	222.6991829828484
22	16	200.5386270295217
22	17	158.34858081006374
22	18	99.22360769841691
22	19	28.160255680657446
22	20	100.6930069038118
22	21	120.2091557284038
22	22	0
22	23	77.10382610480494
22	24	20.09975124224178
22	25	26.832815729997478
22	26	114.10382610480494
22	27	160.10382610480494
22	28	118.87702325321578
22	29	128.10382610480494
22	30	245.26837271899177
22	31	284.6389617091796
22	32	119.42310276555851
22	33	84.29476662505792
22	34	131.34237250320228
22	35	109.20642888202363
22	36	161.99599882930076
22	37	122.98318042303843
22	38	356.19848147812525
22	39	324.05816411814885
22	40	176.87722334925934
22	41	170.3021770785984
22	42	96.09975124224178
22	43	230.74223002364468
22	44	176.7981972655736
22	45	148.74506201074766
22	46	72.09975124224178
22	47	180.41712862236528
22	48	74.25643853551497
22	49	160.85320697684648
22	50	384.67384541801516
22	51	308.3980301159156
22	52	290.3600585982659
22	53	213.19789170282417
22	54	210.39598855056886
23	0	533.9613485006493
23	1	552.3188478019187
23	2	512.0543393516705
23	3	594.7876564744832
23	4	557.4780355103074
23	5	421.08743948455776
23	6	363.10468342726085
23	7	567.3521441802915
23	8	531.9791981968417
23	9	638.8898106168832
23	10	653.3111560280814
23	11	674.1917690459026
23	12	567.918342019218
23	13	456.31526939217486
23	14	328.6984485732046
23	15	299.54368909897806
23	16	277.38313314565136
23	17	235.1930869261934
23	18	176.06811381454656
23	19	105.00476179678711
23	20	177.53751301994146
23	21	197.05366184453345
23	22	77.10382610480494
23	23	0
23	24	80.60397012554654
23	25	93.30058949438637
23	26	37.0
23	27	83.0
23	28	41.773197148410844
23	29	51.0
23	30	168.1645466141868
23	31	207.53513560437472
23	32	179.92732164886326
23	33	144.79898550836268
23	34	191.84659138650704
23	35	169.7106477653284
23	36	222.50021771260552
23	37	183.4873993063432
23	38	279.0946553733203
23	39	246.95433801334391
23	40	237.3814422325641
23	41	230.80639596190315
23	42	156.60397012554654
23	43	291.24644890694947
23	44	253.64270338170326
23	45	225.5895681268773
23	46	132.60397012554654
23	47	257.26163473849493
23	48	140.72421229990388
23	49	83.74938087204156
23	50	307.5700193132102
23	51	231.29420401111068
23	52	213.2562324934609
23	53	136.09406559801923
23	54	133.29216244576395
24	0	460.0210358378803
24	1	478.3785351391497
24	2	438.1140266889015
24	3	520.8473438117143
24	4	483.5377228475385
24	5	347.1471268217888
24	6	289.1643707644919
24	7	493.4118315175225
24	8	458.03888553407273
24	9	564.9494979541142
24	10	579.3708433653125
24	11	600.2514563831336
24	12	493.97802935644904
24	13	382.3749567294059
24	14	254.75813591043558
24	15	225.6033764362091
24	16	203.44282048288238
24	17	161.2527742634244
24	18	102.1278011517776
24	19	31.064449134018133
24	20	103.5972003571725
24	21	123.11334918176449
24	22	20.09975124224178
24	23	80.60397012554654
24	24	0
24	25	45.12205669071391
24	26	117.60397012554654
24	27	163.60397012554654
24	28	122.37716727395738
24	29	131.60397012554654
24	30	248.76851673973334
24	31	288.13910572992125
24	32	99.32335152331673
24	33	64.19501538281614
24	34	111.2426212609605
24	35	89.10667763978185
24	36	141.89624758705898
24	37	102.88342918079665
24	38	359.6986254988668
24	39	327.5583081388904
24	40	156.77747210701756
24	41	150.2024258363566
24	42	76.0
24	43	210.6424787814029
24	44	179.70239071893428
24	45	151.64925546410836
24	46	52.0
24	47	183.32132207572596
24	48	92.54567949623141
24	49	164.3533509975881
24	50	388.17398943875673
24	51	311.8981741366572
24	52	293.86020261900745
24	53	216.69803572356577
24	54	213.8961325713105
25	0	460.34129635681256
25	1	478.69879565808196
25	2	438.4342872078338
25	3	521.1676043306466
25	4	483.8579833664708
25	5	347.46738734072113
25	6	289.4846312834242
25	7	493.73209203645484
25	8	458.3591460530051
25	9	565.2697584730465
25	10	579.6911038842447
25	11	600.5717169020659
25	12	494.2982898753814
25	13	382.6952172483382
25	14	255.07839642936787
25	15	225.92363695514138
25	16	203.76308100181467
25	17	161.5730347823567
25	18	102.4480616707099
25	19	31.38470965295043
25	20	103.9174608761048
25	21	123.43360970069679
25	22	26.832815729997478
25	23	93.30058949438637
25	24	45.12205669071391
25	25	0
25	26	130.30058949438637
25	27	176.30058949438637
25	28	135.07378664279722
25	29	144.30058949438637
25	30	261.4651361085732
25	31	300.8357250987611
25	32	144.44540821403064
25	33	109.31707207353006
25	34	156.36467795167442
25	35	134.22873433049577
25	36	187.01830427777287
25	37	148.00548587151056
25	38	372.39524486770665
25	39	340.25492750773026
25	40	201.89952879773148
25	41	195.32448252707053
25	42	121.12205669071392
25	43	255.76453547211682
25	44	180.02265123786657
25	45	151.96951598304065
25	46	97.12205669071392
25	47	183.64158259465827
25	48	47.4236228055175
25	49	177.04997036642794
25	50	400.87060880759657
25	51	324.594793505497
25	52	306.5568219878473
25	53	229.3946550924056
25	54	226.59275194015032
26	0	570.9613485006493
26	1	589.3188478019187
26	2	549.0543393516705
26	3	631.7876564744832
26	4	594.4780355103074
26	5	458.08743948455776
26	6	400.10468342726085
26	7	604.3521441802915
26	8	568.9791981968417
26	9	675.8898106168832
26	10	690.3111560280814
26	11	711.1917690459026
26	12	604.918342019218
26	13	493.31526939217486
26	14	365.6984485732046
26	15	336.54368909897806
26	16	314.38313314565136
26	17	272.19308692619336
26	18	213.06811381454656
26	19	142.0047617967871
26	20	214.53751301994146
26	21	234.05366184453345
26	22	114.10382610480494
26	23	37.0
26	24	117.60397012554654
26	25	130.30058949438637
26	26	0
26	27	46.0
26	28	28.635642126552707
26	29	25.298221281347036
26	30	131.1645466141868
26	31	170.53513560437472
26	32	216.92732164886326
26	33	181.79898550836268
26	34	228.84659138650704
26	35	206.7106477653284
26	36	259.50021771260555
26	37	220.4873993063432
26	38	253.39287665466736
26	39	221.25255929469097
26	40	274.3814422325641
26	41	267.80639596190315
26	42	193.60397012554654
26	43	328.24644890694947
26	44	290.64270338170326
26	45	262.58956812687734
26	46	169.60397012554654
26	47	294.26163473849493
26	48	177.72421229990388
26	49	70.61182585018342
26	50	281.8682405945572
26	51	205.5924252924577
26	52	187.55445377480797
26	53	110.39228687936627
26	54	107.59038372711098
27	0	616.9613485006493
27	1	635.3188478019187
27	2	595.0543393516705
27	3	677.7876564744832
27	4	640.4780355103074
27	5	504.08743948455776
27	6	446.10468342726085
27	7	650.3521441802915
27	8	614.9791981968417
27	9	721.8898106168832
27	10	736.3111560280814
27	11	757.1917690459026
27	12	650.918342019218
27	13	539.3152693921749
27	14	411.6984485732046
27	15	382.54368909897806
27	16	360.38313314565136
27	17	318.19308692619336
27	18	259.06811381454656
27	19	188.0047617967871
27	20	260.53751301994146
27	21	280.05366184453345
27	22	160.10382610480494
27	23	83.0
27	24	163.60397012554654
27	25	176.30058949438637
27	26	46.0
27	27	0
27	28	59.0592922409336
27	29	44.94441010848846
27	30	85.16454661418682
27	31	124.53513560437472
27	32	262.92732164886326
27	33	227.79898550836268
27	34	274.84659138650704
27	35	252.7106477653284
27	36	305.50021771260555
27	37	266.4873993063432
27	38	273.03906548180873
27	39	240.89874812183237
27	40	320.3814422325641
27	41	313.80639596190315
27	42	239.60397012554654
27	43	374.24644890694947
27	44	336.64270338170326
27	45	308.58956812687734
27	46	215.60397012554654
27	47	340.26163473849493
27	48	223.72421229990388
27	49	101.03547596456431
27	50	284.8169030765437
27	51	208.54108777444418
27	52	207.20064260194937
27	53	130.03847570650768
27	54	127.2365725542524
28	0	575.7345456490601
28	1	594.0920449503295
28	2	553.8275365000814
28	3	636.5608536228941
28	4	599.2512326587183
28	5	462.86063663296864
28	6	404.8778805756717
28	7	609.1253413287023
28	8	573.7523953452526
28	9	680.6630077652941
28	10	695.0843531764923
28	11	715.9649661943134
28	12	609.6915391676289
28	13	498.0884665405857
28	14	370.47164572161546
28	15	341.3168862473889
28	16	319.1563302940622
28	17	276.96628407460423
28	18	217.8413109629574
28	19	146.77795894519795
28	20	219.3107101683523
28	21	238.8268589929443
28	22	118.87702325321578
28	23	41.773197148410844
28	24	122.37716727395738
28	25	135.07378664279722
28	26	28.635642126552707
28	27	59.0592922409336
28	28	0
28	29	53.85164807134504
28	30	144.22383885512042
28	31	183.5944278453083
28	32	221.70051879727413
28	33	186.57218265677352
28	34	233.6197885349179
28	35	211.48384491373923
28	36	264.27341486101636
28	37	225.26059645475402
28	38	281.9463034446653
28	39	249.80598608468895
28	40	279.1546393809749
28	41	272.57959311031397
28	42	198.37716727395738
28	43	333.0196460553603
28	44	295.4159005301141
28	45	267.36276527528815
28	46	174.37716727395738
28	47	299.03483188690575
28	48	182.49740944831473
28	49	41.97618372363071
28	50	310.42166738455524
28	51	234.14585208245572
28	52	216.10788056480595
28	53	138.94571366936427
28	54	136.143810517109
29	0	584.9613485006493
29	1	603.3188478019187
29	2	563.0543393516705
29	3	645.7876564744832
29	4	608.4780355103074
29	5	472.08743948455776
29	6	414.10468342726085
29	7	618.3521441802915
29	8	582.9791981968417
29	9	689.8898106168832
29	10	704.3111560280814
29	11	725.1917690459026
29	12	618.918342019218
29	13	507.31526939217486
29	14	379.6984485732046
29	15	350.54368909897806
29	16	328.38313314565136
29	17	286.19308692619336
29	18	227.06811381454656
29	19	156.0047617967871
29	20	228.53751301994146
29	21	248.05366184453345
29	22	128.10382610480494
29	23	51.0
29	24	131.60397012554654
29	25	144.30058949438637
29	26	25.298221281347036
29	27	44.94441010848846
29	28	53.85164807134504
29	29	0
29	30	130.1089567226753
29	31	160.00312496948303
29	32	230.92732164886326
29	33	195.79898550836268
29	34	242.84659138650704
29	35	220.7106477653284
29	36	273.50021771260555
29	37	234.4873993063432
29	38	228.0946553733203
29	39	195.95433801334391
29	40	288.3814422325641
29	41	281.80639596190315
29	42	207.60397012554654
29	43	342.24644890694947
29	44	304.64270338170326
29	45	276.58956812687734
29	46	183.60397012554654
29	47	308.26163473849493
29	48	191.72421229990388
29	49	95.82783179497575
29	50	256.5700193132102
29	51	180.29420401111068
29	52	162.2562324934609
29	53	85.09406559801923
29	54	82.29216244576394
30	0	702.1258951148361
30	1	720.4833944161055
30	2	680.2188859658573
30	3	762.9522030886701
30	4	725.6425821244943
30	5	589.2519860987446
30	6	531.2692300414477
30	7	735.5166907944783
30	8	700.1437448110286
30	9	807.0543572310701
30	10	821.4757026422683
30	11	842.3563156600894
30	12	736.0828886334049
30	13	624.4798160063617
30	14	496.8629951873914
30	15	467.70823571316487
30	16	445.54767975983816
30	17	403.35763354038016
30	18	344.23266042873337
30	19	273.16930841097394
30	20	345.70205963412826
30	21	365.21820845872026
30	22	245.26837271899177
30	23	168.1645466141868
30	24	248.76851673973334
30	25	261.4651361085732
30	26	131.1645466141868
30	27	85.16454661418682
30	28	144.22383885512042
30	29	130.1089567226753
30	30	0
30	31	62.48199740725323
30	32	348.0918682630501
30	33	312.9635321225495
30	34	360.0111380006939
30	35	337.8751943795152
30	36	390.66476432679235
30	37	351.65194592053
30	38	358.2036120959956
30	39	326.0632947360192
30	40	405.5459888467509
30	41	398.97094257608995
30	42	324.76851673973334
30	43	459.4109955211362
30	44	421.80724999589006
30	45	393.75411474106414
30	46	300.76851673973334
30	47	425.42618135268174
30	48	308.8887589140907
30	49	186.20002257875115
30	50	222.76376487942224
30	51	146.4879495773227
30	52	292.36518921613623
30	53	215.20302232069452
30	54	155.3313377387817
