VERTICES = 55
;

DISTANCE_MATRIX = 
0	0	0.0
0	1	2.6838062523215047
0	2	1.8016880973131832
0	3	2.6559999999999997
0	4	2.745480650086611
0	5	5.97380950483023
0	6	5.467413282348427
0	7	3.164871736429438
0	8	2.4392835803586648
0	9	4.067268932556797
0	10	4.5287519857151395
0	11	5.1969316022854155
0	12	3.079570458371749
0	13	7.101100061873977
0	14	7.230029519650241
0	15	7.501365100853478
0	16	8.848789310224825
0	17	9.560584370382587
0	18	11.475511000830867
0	19	13.726610774523586
0	20	11.65310055908938
0	21	11.049186399133053
0	22	14.627738956304626
0	23	17.086763152020776
0	24	14.720673146812166
0	25	14.730921483418001
0	26	18.270763152020773
0	27	19.742763152020775
0	28	18.42350546076992
0	29	18.718763152020774
0	30	22.468028643674753
0	31	23.727887491360764
0	32	17.8990203955583
0	33	16.774913639062284
0	34	18.280437027162904
0	35	17.572086831285187
0	36	19.261353069598055
0	37	18.01294288059766
0	38	26.017792123967027
0	39	24.98930196844778
0	40	17.6002337303041
0	41	15.989708350187417
0	42	17.152673146812166
0	43	16.687568033836488
0	44	14.088466650665758
0	45	13.190766322511328
0	46	16.38467314681217
0	47	12.975841531739821
0	48	16.24847741319456
0	49	19.7667433399261
0	50	26.929003770043504
0	51	24.488177680376317
0	52	23.910962591811522
0	53	21.44177325115739
0	54	21.35211235028522
1	0	2.6838062523215047
1	1	0.0
1	2	1.4720000000000004
1	3	1.7911426520520353
1	4	5.428788446789946
1	5	5.7049816827050375
1	6	6.054853259989048
1	7	0.4810654841079335
1	8	2.109595483045482
1	9	3.2024115846088317
1	10	3.663894637767175
1	11	4.332074254337451
1	12	5.762878255075084
1	13	6.832272239748784
1	14	7.817469497290862
1	15	8.088805078494099
1	16	9.436229287865446
1	17	10.148024348023208
1	18	12.062950978471488
1	19	14.314050752164206
1	20	12.24054053673
1	21	11.636626376773673
1	22	15.215178933945246
1	23	17.674203129661397
1	24	15.308113124452786
1	25	15.318361461058622
1	26	18.858203129661394
1	27	20.330203129661395
1	28	19.01094543841054
1	29	19.306203129661395
1	30	23.055468621315374
1	31	24.315327469001385
1	32	18.48646037319892
1	33	17.362353616702904
1	34	18.867877004803525
1	35	18.159526808925808
1	36	19.848793047238676
1	37	18.60038285823828
1	38	26.605232101607648
1	39	25.5767419460884
1	40	18.18767370794472
1	41	16.577148327828038
1	42	17.740113124452787
1	43	17.27500801147711
1	44	14.675906628306379
1	45	13.778206300151949
1	46	16.97211312445279
1	47	13.563281509380442
1	48	16.83591739083518
1	49	20.354183317566722
1	50	27.516443747684125
1	51	25.075617658016938
1	52	24.498402569452143
1	53	22.02921322879801
1	54	21.939552327925842
2	0	1.8016880973131832
2	1	1.4720000000000004
2	2	0.0
2	3	2.659082548549405
2	4	4.403576728070035
2	5	4.739890294089094
2	6	4.766388989581106
2	7	1.9530654841079338
2	8	0.6375954830454814
2	9	4.070351481106202
2	10	4.531834534264545
2	11	5.200014150834821
2	12	4.737666536355173
2	13	5.867180851132841
2	14	6.52900522688292
2	15	6.800340808086158
2	16	8.147765017457505
2	17	8.859560077615267
2	18	10.774486708063547
2	19	13.025586481756267
2	20	10.95207626632206
2	21	10.348162106365733
2	22	13.926714663537307
2	23	16.385738859253458
2	24	14.019648854044847
2	25	14.029897190650683
2	26	17.569738859253455
2	27	19.041738859253456
2	28	17.722481168002602
2	29	18.017738859253456
2	30	21.767004350907435
2	31	23.026863198593446
2	32	17.197996102790977
2	33	16.073889346294962
2	34	17.579412734395586
2	35	16.87106253851787
2	36	18.560328776830737
2	37	17.31191858783034
2	38	25.316767831199705
2	39	24.28827767568046
2	40	16.89920943753678
2	41	15.288684057420095
2	42	16.451648854044848
2	43	15.986543741069166
2	44	13.387442357898436
2	45	12.489742029744008
2	46	15.683648854044849
2	47	12.2748172389725
2	48	15.547453120427242
2	49	19.065719047158783
2	50	26.227979477276186
2	51	23.787153387609
2	52	23.209938299044204
2	53	20.74074895839007
2	54	20.651088057517903
3	0	2.6559999999999997
3	1	1.7911426520520353
3	2	2.659082548549405
3	3	0.0
3	4	5.063690353882235
3	5	7.334145894376522
3	6	7.413855137511117
3	7	2.2722081361599686
3	8	3.2966780315948867
3	9	1.4112689325567964
3	10	1.8727519857151398
3	11	2.5409316022854154
3	12	5.397780162167373
3	13	8.461436451420267
3	14	9.17647137481293
3	15	9.44780695601617
3	16	10.795231165387516
3	17	11.507026225545278
3	18	13.421952855993558
3	19	15.673052629686278
3	20	13.59954241425207
3	21	12.995628254295744
3	22	16.57418081146732
3	23	19.03320500718347
3	24	16.66711500197486
3	25	16.677363338580694
3	26	20.217205007183466
3	27	21.689205007183467
3	28	20.369947315932613
3	29	20.665205007183467
3	30	24.414470498837446
3	31	25.674329346523457
3	32	19.845462250720992
3	33	18.721355494224976
3	34	20.226878882325597
3	35	19.51852868644788
3	36	21.20779492476075
3	37	19.959384735760356
3	38	27.964233979129716
3	39	26.935743823610473
3	40	19.54667558546679
3	41	17.936150205350106
3	42	19.09911500197486
3	43	18.634009888999177
3	44	16.034908505828447
3	45	15.137208177674019
3	46	18.33111500197486
3	47	14.92228338690251
3	48	18.194919268357253
3	49	21.713185195088794
3	50	28.875445625206197
3	51	26.43461953553901
3	52	25.857404446974215
3	53	23.388215106320082
3	54	23.298554205447914
4	0	2.745480650086611
4	1	5.428788446789946
4	2	4.403576728070035
4	3	5.063690353882235
4	4	0.0
4	5	7.3919999999999995
4	6	6.219947266657491
4	7	5.90985393089788
4	8	5.041172211115516
4	9	6.474959286439031
4	10	6.936442339597375
4	11	7.604621956167651
4	12	0.3340898082851379
4	13	8.519290557043746
4	14	7.982563503959305
4	15	8.253899085162542
4	16	9.60132329453389
4	17	10.313118354691651
4	18	12.228044985139931
4	19	14.47914475883265
4	20	12.405634543398444
4	21	11.801720383442117
4	22	15.38027294061369
4	23	17.83929713632984
4	24	15.47320713112123
4	25	15.483455467727065
4	26	19.023297136329838
4	27	20.49529713632984
4	28	19.176039445078985
4	29	19.471297136329838
4	30	23.220562627983817
4	31	24.48042147566983
4	32	18.65155437986736
4	33	17.527447623371344
4	34	19.032971011471968
4	35	18.32462081559425
4	36	20.01388705390712
4	37	18.765476864906724
4	38	26.770326108276087
4	39	25.741835952756844
4	40	18.352767714613165
4	41	16.74224233449648
4	42	17.90520713112123
4	43	17.440102018145552
4	44	14.841000634974822
4	45	13.943300306820392
4	46	17.13720713112123
4	47	13.728375516048885
4	48	17.001011397503625
4	49	20.519277324235166
4	50	27.68153775435257
4	51	25.24071166468538
4	52	24.663496576120586
4	53	22.194307235466454
4	54	22.104646334594285
5	0	5.97380950483023
5	1	5.7049816827050375
5	2	4.739890294089094
5	3	7.334145894376522
5	4	7.3919999999999995
5	5	0.0
5	6	1.8554481938335
5	7	6.186047166812971
5	8	5.377485777134575
5	9	8.745414826933319
5	10	9.206897880091661
5	11	9.875077496661937
5	12	7.7260898082851375
5	13	1.1272905570437464
5	14	3.618064431135314
5	15	3.8894000123385517
5	16	5.236824221709899
5	17	5.948619281867661
5	18	7.8635459123159395
5	19	10.11464568600866
5	20	8.041135470574453
5	21	7.437221310618125
5	22	11.0157738677897
5	23	13.474798063505851
5	24	11.10870805829724
5	25	11.118956394903076
5	26	14.658798063505849
5	27	16.13079806350585
5	28	14.811540372254997
5	29	15.106798063505849
5	30	18.856063555159828
5	31	20.11592240284584
5	32	14.287055307043374
5	33	13.162948550547357
5	34	14.66847193864798
5	35	13.960121742770262
5	36	15.649387981083128
5	37	14.400977792082735
5	38	22.4058270354521
5	39	21.377336879932855
5	40	13.988268641789173
5	41	12.377743261672489
5	42	13.540708058297241
5	43	13.07560294532156
5	44	10.47650156215083
5	45	9.578801233996401
5	46	12.772708058297242
5	47	9.363876443224893
5	48	12.636512324679636
5	49	16.15477825141118
5	50	23.31703868152858
5	51	20.876212591861393
5	52	20.298997503296597
5	53	17.829808162642465
5	54	17.740147261770296
6	0	5.467413282348427
6	1	6.054853259989048
6	2	4.766388989581106
6	3	7.413855137511117
6	4	6.219947266657491
6	5	1.8554481938335
6	6	0.0
6	7	6.535918744096981
6	8	5.403984472626587
6	9	8.825124070067913
6	10	9.286607123226258
6	11	9.954786739796534
6	12	6.554037074942629
6	13	2.982738750877246
6	14	1.7626162373018142
6	15	2.033951818505052
6	16	3.3813760278763985
6	17	4.093171088034161
6	18	6.00809771848244
6	19	8.259197492175161
6	20	6.185687276740953
6	21	5.581773116784626
6	22	9.160325673956201
6	23	11.619349869672352
6	24	9.253259864463741
6	25	9.263508201069577
6	26	12.80334986967235
6	27	14.27534986967235
6	28	12.956092178421498
6	29	13.25134986967235
6	30	17.00061536132633
6	31	18.26047420901234
6	32	12.431607113209875
6	33	11.307500356713858
6	34	12.81302374481448
6	35	12.104673548936763
6	36	13.793939787249629
6	37	12.545529598249235
6	38	20.550378841618603
6	39	19.521888686099356
6	40	12.132820447955673
6	41	10.52229506783899
6	42	11.685259864463742
6	43	11.22015475148806
6	44	8.62105336831733
6	45	7.723353040162902
6	46	10.917259864463743
6	47	7.508428249391393
6	48	10.781064130846136
6	49	14.29933005757768
6	50	21.46159048769508
6	51	19.020764398027893
6	52	18.443549309463098
6	53	15.974359968808965
6	54	15.884699067936797
7	0	3.164871736429438
7	1	0.4810654841079335
7	2	1.9530654841079338
7	3	2.2722081361599686
7	4	5.90985393089788
7	5	6.186047166812971
7	6	6.535918744096981
7	7	0.0
7	8	2.5906609671534153
7	9	3.683477068716765
7	10	4.144960121875108
7	11	4.8131397384453845
7	12	6.243943739183018
7	13	7.313337723856717
7	14	8.298534981398795
7	15	8.569870562602032
7	16	9.91729477197338
7	17	10.629089832131141
7	18	12.544016462579421
7	19	14.79511623627214
7	20	12.721606020837934
7	21	12.117691860881607
7	22	15.69624441805318
7	23	18.15526861376933
7	24	15.78917860856072
7	25	15.799426945166555
7	26	19.339268613769327
7	27	20.81126861376933
7	28	19.492010922518475
7	29	19.787268613769328
7	30	23.536534105423307
7	31	24.79639295310932
7	32	18.96752585730685
7	33	17.843419100810834
7	34	19.348942488911458
7	35	18.64059229303374
7	36	20.32985853134661
7	37	19.081448342346214
7	38	27.086297585715577
7	39	26.057807430196334
7	40	18.668739192052655
7	41	17.05821381193597
7	42	18.22117860856072
7	43	17.756073495585042
7	44	15.156972112414312
7	45	14.259271784259882
7	46	17.45317860856072
7	47	14.044346993488375
7	48	17.316982874943115
7	49	20.835248801674656
7	50	27.99750923179206
7	51	25.55668314212487
7	52	24.979468053560076
7	53	22.510278712905944
7	54	22.420617812033775
8	0	2.4392835803586648
8	1	2.109595483045482
8	2	0.6375954830454814
8	3	3.2966780315948867
8	4	5.041172211115516
8	5	5.377485777134575
8	6	5.403984472626587
8	7	2.5906609671534153
8	8	0.0
8	9	4.707946964151683
8	10	5.1694300173100265
8	11	5.8376096338803025
8	12	5.375262019400654
8	13	6.504776334178322
8	14	7.166600709928401
8	15	7.4379362911316385
8	16	8.785360500502986
8	17	9.497155560660747
8	18	11.412082191109027
8	19	13.663181964801748
8	20	11.58967174936754
8	21	10.985757589411213
8	22	14.564310146582788
8	23	17.023334342298938
8	24	14.657244337090328
8	25	14.667492673696163
8	26	18.207334342298935
8	27	19.679334342298937
8	28	18.360076651048082
8	29	18.655334342298936
8	30	22.404599833952915
8	31	23.664458681638926
8	32	17.835591585836458
8	33	16.711484829340442
8	34	18.217008217441066
8	35	17.50865802156335
8	36	19.197924259876217
8	37	17.94951407087582
8	38	25.954363314245185
8	39	24.925873158725942
8	40	17.53680492058226
8	41	15.926279540465575
8	42	17.089244337090328
8	43	16.624139224114646
8	44	14.025037840943916
8	45	13.127337512789488
8	46	16.321244337090327
8	47	12.91241272201798
8	48	16.185048603472723
8	49	19.703314530204263
8	50	26.865574960321666
8	51	24.42474887065448
8	52	23.847533782089684
8	53	21.37834444143555
8	54	21.288683540563383
9	0	4.067268932556797
9	1	3.2024115846088317
9	2	4.070351481106202
9	3	1.4112689325567964
9	4	6.474959286439031
9	5	8.745414826933319
9	6	8.825124070067913
9	7	3.683477068716765
9	8	4.707946964151683
9	9	0.0
9	10	0.7463618425401976
9	11	1.4145414591104732
9	12	6.809049094724169
9	13	9.872705383977065
9	14	10.587740307369728
9	15	10.859075888572965
9	16	12.206500097944312
9	17	12.918295158102074
9	18	14.833221788550354
9	19	17.084321562243073
9	20	15.010811346808866
9	21	14.40689718685254
9	22	17.985449744024113
9	23	20.444473939740263
9	24	18.078383934531654
9	25	18.088632271137488
9	26	21.62847393974026
9	27	23.10047393974026
9	28	21.781216248489407
9	29	22.07647393974026
9	30	25.82573943139424
9	31	27.08559827908025
9	32	21.256731183277786
9	33	20.13262442678177
9	34	21.63814781488239
9	35	20.929797619004674
9	36	22.619063857317546
9	37	21.37065366831715
9	38	29.37550291168651
9	39	28.347012756167267
9	40	20.957944518023588
9	41	19.347419137906904
9	42	20.510383934531653
9	43	20.045278821555975
9	44	17.446177438385245
9	45	16.548477110230817
9	46	19.742383934531656
9	47	16.333552319459308
9	48	19.606188200914048
9	49	23.12445412764559
9	50	30.28671455776299
9	51	27.845888468095804
9	52	27.26867337953101
9	53	24.799484038876876
9	54	24.709823138004708
10	0	4.5287519857151395
10	1	3.663894637767175
10	2	4.531834534264545
10	3	1.8727519857151398
10	4	6.936442339597375
10	5	9.206897880091661
10	6	9.286607123226258
10	7	4.144960121875108
10	8	5.1694300173100265
10	9	0.7463618425401976
10	10	0.0
10	11	0.6681796165702757
10	12	7.270532147882513
10	13	10.334188437135408
10	14	11.049223360528071
10	15	11.32055894173131
10	16	12.667983151102657
10	17	13.379778211260419
10	18	15.294704841708699
10	19	17.54580461540142
10	20	15.472294399967211
10	21	14.868380240010884
10	22	18.44693279718246
10	23	20.90595699289861
10	24	18.53986698769
10	25	18.550115324295835
10	26	22.089956992898607
10	27	23.561956992898608
10	28	22.242699301647754
10	29	22.537956992898607
10	30	26.287222484552586
10	31	27.547081332238598
10	32	21.718214236436133
10	33	20.594107479940117
10	34	22.099630868040737
10	35	21.39128067216302
10	36	23.080546910475892
10	37	21.832136721475496
10	38	29.836985964844857
10	39	28.808495809325613
10	40	21.41942757118193
10	41	19.808902191065247
10	42	20.97186698769
10	43	20.506761874714318
10	44	17.907660491543588
10	45	17.00996016338916
10	46	20.203866987690002
10	47	16.79503537261765
10	48	20.067671254072394
10	49	23.585937180803935
10	50	30.748197610921338
10	51	28.30737152125415
10	52	27.730156432689355
10	53	25.260967092035223
10	54	25.171306191163055
11	0	5.1969316022854155
11	1	4.332074254337451
11	2	5.200014150834821
11	3	2.5409316022854154
11	4	7.604621956167651
11	5	9.875077496661937
11	6	9.954786739796534
11	7	4.8131397384453845
11	8	5.8376096338803025
11	9	1.4145414591104732
11	10	0.6681796165702757
11	11	0.0
11	12	7.938711764452789
11	13	11.002368053705684
11	14	11.717402977098347
11	15	11.988738558301586
11	16	13.336162767672933
11	17	14.047957827830695
11	18	15.962884458278975
11	19	18.213984231971693
11	20	16.140474016537485
11	21	15.53655985658116
11	22	19.115112413752733
11	23	21.574136609468884
11	24	19.208046604260275
11	25	19.21829494086611
11	26	22.75813660946888
11	27	24.230136609468882
11	28	22.910878918218028
11	29	23.20613660946888
11	30	26.95540210112286
11	31	28.215260948808872
11	32	22.386393853006407
11	33	21.26228709651039
11	34	22.76781048461101
11	35	22.059460288733295
11	36	23.748726527046166
11	37	22.50031633804577
11	38	30.505165581415135
11	39	29.476675425895888
11	40	22.087607187752205
11	41	20.47708180763552
11	42	21.640046604260277
11	43	21.174941491284592
11	44	18.575840108113862
11	45	17.678139779959434
11	46	20.872046604260277
11	47	17.46321498918793
11	48	20.73585087064267
11	49	24.25411679737421
11	50	31.416377227491612
11	51	28.975551137824425
11	52	28.39833604925963
11	53	25.929146708605497
11	54	25.83948580773333
12	0	3.079570458371749
12	1	5.762878255075084
12	2	4.737666536355173
12	3	5.397780162167373
12	4	0.3340898082851379
12	5	7.7260898082851375
12	6	6.554037074942629
12	7	6.243943739183018
12	8	5.375262019400654
12	9	6.809049094724169
12	10	7.270532147882513
12	11	7.938711764452789
12	12	0.0
12	13	8.853380365328883
12	14	8.316653312244444
12	15	8.587988893447681
12	16	9.935413102819028
12	17	10.64720816297679
12	18	12.56213479342507
12	19	14.813234567117789
12	20	12.739724351683583
12	21	12.135810191727256
12	22	15.714362748898829
12	23	18.17338694461498
12	24	15.807296939406369
12	25	15.817545276012204
12	26	19.357386944614976
12	27	20.829386944614978
12	28	19.510129253364124
12	29	19.805386944614977
12	30	23.554652436268956
12	31	24.814511283954968
12	32	18.985644188152502
12	33	17.861537431656487
12	34	19.367060819757107
12	35	18.65871062387939
12	36	20.347976862192258
12	37	19.099566673191863
12	38	27.10441591656123
12	39	26.075925761041983
12	40	18.686857522898304
12	41	17.07633214278162
12	42	18.23929693940637
12	43	17.77419182643069
12	44	15.175090443259961
12	45	14.277390115105531
12	46	17.471296939406372
12	47	14.062465324334024
12	48	17.335101205788764
12	49	20.853367132520304
12	50	28.015627562637707
12	51	25.57480147297052
12	52	24.997586384405725
12	53	22.528397043751593
12	54	22.438736142879424
13	0	7.101100061873977
13	1	6.832272239748784
13	2	5.867180851132841
13	3	8.461436451420267
13	4	8.519290557043746
13	5	1.1272905570437464
13	6	2.982738750877246
13	7	7.313337723856717
13	8	6.504776334178322
13	9	9.872705383977065
13	10	10.334188437135408
13	11	11.002368053705684
13	12	8.853380365328883
13	13	0.0
13	14	4.74535498817906
13	15	5.016690569382298
13	16	6.364114778753645
13	17	7.075909838911407
13	18	8.990836469359687
13	19	11.241936243052407
13	20	9.1684260276182
13	21	8.564511867661873
13	22	12.143064424833447
13	23	14.602088620549598
13	24	12.235998615340987
13	25	12.246246951946823
13	26	15.786088620549595
13	27	17.258088620549596
13	28	15.938830929298744
13	29	16.234088620549596
13	30	19.983354112203575
13	31	21.243212959889586
13	32	15.414345864087121
13	33	14.290239107591104
13	34	15.795762495691726
13	35	15.087412299814009
13	36	16.776678538126877
13	37	15.528268349126481
13	38	23.53311759249585
13	39	22.5046274369766
13	40	15.11555919883292
13	41	13.505033818716235
13	42	14.667998615340988
13	43	14.202893502365306
13	44	11.603792119194576
13	45	10.706091791040148
13	46	13.899998615340989
13	47	10.49116700026864
13	48	13.763802881723382
13	49	17.282068808454927
13	50	24.444329238572326
13	51	22.00350314890514
13	52	21.426288060340344
13	53	18.95709871968621
13	54	18.867437818814043
14	0	7.230029519650241
14	1	7.817469497290862
14	2	6.52900522688292
14	3	9.17647137481293
14	4	7.982563503959305
14	5	3.618064431135314
14	6	1.7626162373018142
14	7	8.298534981398795
14	8	7.166600709928401
14	9	10.587740307369728
14	10	11.049223360528071
14	11	11.717402977098347
14	12	8.316653312244444
14	13	4.74535498817906
14	14	0.0
14	15	0.9329523031752489
14	16	2.280376512546596
14	17	2.9921715727043576
14	18	4.9070982031526365
14	19	7.158197976845357
14	20	5.08468776141115
14	21	4.480773601454822
14	22	8.059326158626396
14	23	10.518350354342548
14	24	8.152260349133938
14	25	8.162508685739772
14	26	11.702350354342546
14	27	13.174350354342547
14	28	11.855092663091694
14	29	12.150350354342546
14	30	15.899615845996525
14	31	17.159474693682537
14	32	11.330607597880071
14	33	10.206500841384054
14	34	11.712024229484676
14	35	11.00367403360696
14	36	12.692940271919825
14	37	11.444530082919432
14	38	19.4493793262888
14	39	18.420889170769552
14	40	11.031820932625871
14	41	9.421295552509186
14	42	10.584260349133938
14	43	10.119155236158258
14	44	7.520053852987528
14	45	6.622353524833098
14	46	9.81626034913394
14	47	6.40742873406159
14	48	9.680064615516331
14	49	13.198330542247877
14	50	20.360590972365276
14	51	17.91976488269809
14	52	17.342549794133294
14	53	14.873360453479162
14	54	14.783699552606993
15	0	7.501365100853478
15	1	8.088805078494099
15	2	6.800340808086158
15	3	9.44780695601617
15	4	8.253899085162542
15	5	3.8894000123385517
15	6	2.033951818505052
15	7	8.569870562602032
15	8	7.4379362911316385
15	9	10.859075888572965
15	10	11.32055894173131
15	11	11.988738558301586
15	12	8.587988893447681
15	13	5.016690569382298
15	14	0.9329523031752489
15	15	0.0
15	16	1.3474242093713467
15	17	2.059219269529109
15	18	3.9741458999773878
15	19	6.225245673670108
15	20	4.151735458235901
15	21	3.5478212982795734
15	22	7.126373855451147
15	23	9.5853980511673
15	24	7.219308045958688
15	25	7.229556382564523
15	26	10.769398051167297
15	27	12.241398051167298
15	28	10.922140359916446
15	29	11.217398051167297
15	30	14.966663542821276
15	31	16.226522390507288
15	32	10.397655294704819
15	33	9.273548538208804
15	34	10.779071926309426
15	35	10.070721730431709
15	36	11.759987968744577
15	37	10.511577779744183
15	38	18.51642702311355
15	39	17.487936867594303
15	40	10.098868629450623
15	41	8.488343249333937
15	42	9.651308045958688
15	43	9.18620293298301
15	44	6.587101549812279
15	45	5.68940122165785
15	46	8.883308045958689
15	47	5.474476430886341
15	48	8.747112312341082
15	49	12.265378239072628
15	50	19.427638669190028
15	51	16.98681257952284
15	52	16.409597490958046
15	53	13.940408150303913
15	54	13.850747249431745
16	0	8.848789310224825
16	1	9.436229287865446
16	2	8.147765017457505
16	3	10.795231165387516
16	4	9.60132329453389
16	5	5.236824221709899
16	6	3.3813760278763985
16	7	9.91729477197338
16	8	8.785360500502986
16	9	12.206500097944312
16	10	12.667983151102657
16	11	13.336162767672933
16	12	9.935413102819028
16	13	6.364114778753645
16	14	2.280376512546596
16	15	1.3474242093713467
16	16	0.0
16	17	1.3500814790226545
16	18	3.2650081094709336
16	19	5.516107883163654
16	20	3.442597667729446
16	21	2.838683507773119
16	22	6.417236064944693
16	23	8.876260260660844
16	24	6.510170255452234
16	25	6.520418592058069
16	26	10.060260260660842
16	27	11.532260260660843
16	28	10.21300256940999
16	29	10.508260260660842
16	30	14.25752575231482
16	31	15.517384600000835
16	32	9.688517504198366
16	33	8.56441074770235
16	34	10.06993413580297
16	35	9.361583939925254
16	36	11.050850178238122
16	37	9.802439989237728
16	38	17.807289232607094
16	39	16.778799077087847
16	40	9.389730838944168
16	41	7.779205458827482
16	42	8.942170255452234
16	43	8.477065142476555
16	44	5.877963759305824
16	45	4.9802634311513945
16	46	8.174170255452236
16	47	4.765338640379887
16	48	8.037974521834629
16	49	11.556240448566173
16	50	18.718500878683574
16	51	16.277674789016388
16	52	15.700459700451592
16	53	13.231270359797458
16	54	13.141609458925291
17	0	9.560584370382587
17	1	10.148024348023208
17	2	8.859560077615267
17	3	11.507026225545278
17	4	10.313118354691651
17	5	5.948619281867661
17	6	4.093171088034161
17	7	10.629089832131141
17	8	9.497155560660747
17	9	12.918295158102074
17	10	13.379778211260419
17	11	14.047957827830695
17	12	10.64720816297679
17	13	7.075909838911407
17	14	2.9921715727043576
17	15	2.059219269529109
17	16	1.3500814790226545
17	17	0.0
17	18	1.914926630448279
17	19	4.166026404140999
17	20	2.092516188706792
17	21	1.4886020287504647
17	22	5.067154585922038
17	23	7.5261787816381895
17	24	5.160088776429579
17	25	5.170337113035414
17	26	8.710178781638188
17	27	10.18217878163819
17	28	8.862921090387335
17	29	9.158178781638187
17	30	12.907444273292167
17	31	14.167303120978179
17	32	8.338436025175712
17	33	7.214329268679696
17	34	8.719852656780317
17	35	8.0115024609026
17	36	9.700768699215468
17	37	8.452358510215074
17	38	16.457207753584438
17	39	15.428717598065191
17	40	8.039649359921512
17	41	6.429123979804827
17	42	7.59208877642958
17	43	7.126983663453899
17	44	4.527882280283169
17	45	3.6301819521287406
17	46	6.824088776429581
17	47	3.415257161357232
17	48	6.687893042811973
17	49	10.206158969543518
17	50	17.368419399660915
17	51	14.92759330999373
17	52	14.350378221428937
17	53	11.881188880774802
17	54	11.791527979902636
18	0	11.475511000830867
18	1	12.062950978471488
18	2	10.774486708063547
18	3	13.421952855993558
18	4	12.228044985139931
18	5	7.8635459123159395
18	6	6.00809771848244
18	7	12.544016462579421
18	8	11.412082191109027
18	9	14.833221788550354
18	10	15.294704841708699
18	11	15.962884458278975
18	12	12.56213479342507
18	13	8.990836469359687
18	14	4.9070982031526365
18	15	3.9741458999773878
18	16	3.2650081094709336
18	17	1.914926630448279
18	18	0.0
18	19	2.2740272645683017
18	20	0.5129990253402035
18	21	1.1034201375722676
18	22	3.1751554463493408
18	23	5.634179642065492
18	24	3.268089636856882
18	25	3.2783379734627163
18	26	6.818179642065489
18	27	8.29017964206549
18	28	6.970921950814637
18	29	7.26617964206549
18	30	11.015445133719467
18	31	12.275303981405482
18	32	6.446436885603014
18	33	5.322330129106998
18	34	6.827853517207621
18	35	6.119503321329903
18	36	7.808769559642771
18	37	6.560359370642376
18	38	14.565208614011741
18	39	13.536718458492494
18	40	6.460132196554925
18	41	4.849606816438239
18	42	5.700089636856882
18	43	5.547466500087312
18	44	2.948365116916581
18	45	2.050664788762152
18	46	4.932089636856883
18	47	3.030075270179035
18	48	4.795893903239277
18	49	8.31415982997082
18	50	15.476420260088219
18	51	13.035594170421033
18	52	12.45837908185624
18	53	9.989189741202106
18	54	9.899528840329939
19	0	13.726610774523586
19	1	14.314050752164206
19	2	13.025586481756267
19	3	15.673052629686278
19	4	14.47914475883265
19	5	10.11464568600866
19	6	8.259197492175161
19	7	14.79511623627214
19	8	13.663181964801748
19	9	17.084321562243073
19	10	17.54580461540142
19	11	18.213984231971693
19	12	14.813234567117789
19	13	11.241936243052407
19	14	7.158197976845357
19	15	6.225245673670108
19	16	5.516107883163654
19	17	4.166026404140999
19	18	2.2740272645683017
19	19	0.0
19	20	2.3210480391409374
19	21	2.9455648015278824
19	22	0.901128181781039
19	23	3.36015237749719
19	24	0.9940623722885803
19	25	1.0043107088944148
19	26	4.544152377497188
19	27	6.016152377497189
19	28	4.696894686246336
19	29	4.992152377497188
19	30	8.741417869151167
19	31	10.001276716837179
19	32	4.1724096210347135
19	33	3.0483028645386967
19	34	4.553826252639318
19	35	3.845476056761601
19	36	5.534742295074469
19	37	4.286332106074075
19	38	12.29118134944344
19	39	11.262691193924194
19	40	6.010941479713143
19	41	5.80053999905199
19	42	3.426062372288581
19	43	7.3555155138880455
19	44	4.756414130717316
19	45	3.858713802562886
19	46	2.658062372288582
19	47	4.87221993413465
19	48	2.521866638670975
19	49	6.0401325654025175
19	50	13.202392995519917
19	51	10.761566905852732
19	52	10.184351817287938
19	53	7.715162476633804
19	54	7.6255015757616365
20	0	11.65310055908938
20	1	12.24054053673
20	2	10.95207626632206
20	3	13.59954241425207
20	4	12.405634543398444
20	5	8.041135470574453
20	6	6.185687276740953
20	7	12.721606020837934
20	8	11.58967174936754
20	9	15.010811346808866
20	10	15.472294399967211
20	11	16.140474016537485
20	12	12.739724351683583
20	13	9.1684260276182
20	14	5.08468776141115
20	15	4.151735458235901
20	16	3.442597667729446
20	17	2.092516188706792
20	18	0.5129990253402035
20	19	2.3210480391409374
20	20	0.0
20	21	1.5806833965092437
20	22	3.2221762209219764
20	23	5.681200416638127
20	24	3.315110411429518
20	25	3.3253587480353524
20	26	6.865200416638125
20	27	8.337200416638126
20	28	7.017942725387273
20	29	7.313200416638125
20	30	11.062465908292104
20	31	12.322324755978116
20	32	6.49345766017565
20	33	5.369350903679634
20	34	6.874874291780256
20	35	6.166524095902538
20	36	7.855790334215407
20	37	6.6073801452150125
20	38	14.612229388584376
20	39	13.583739233065131
20	40	5.9471331712147215
20	41	4.336607791098036
20	42	5.747110411429518
20	43	5.0344674747471085
20	44	2.4353660915763777
20	45	1.5376657634219486
20	46	4.979110411429519
20	47	3.5073385291160113
20	48	4.842914677811912
20	49	8.361180604543454
20	50	15.523441034660854
20	51	13.082614944993669
20	52	12.505399856428875
20	53	10.03621051577474
20	54	9.946549614902573
21	0	11.049186399133053
21	1	11.636626376773673
21	2	10.348162106365733
21	3	12.995628254295744
21	4	11.801720383442117
21	5	7.437221310618125
21	6	5.581773116784626
21	7	12.117691860881607
21	8	10.985757589411213
21	9	14.40689718685254
21	10	14.868380240010884
21	11	15.53655985658116
21	12	12.135810191727256
21	13	8.564511867661873
21	14	4.480773601454822
21	15	3.5478212982795734
21	16	2.838683507773119
21	17	1.4886020287504647
21	18	1.1034201375722676
21	19	2.9455648015278824
21	20	1.5806833965092437
21	21	0.0
21	22	3.8466929833089214
21	23	6.305717179025073
21	24	3.9396271738164628
21	25	3.949875510422297
21	26	7.48971717902507
21	27	8.961717179025072
21	28	7.642459487774218
21	29	7.93771717902507
21	30	11.68698267067905
21	31	12.946841518365062
21	32	7.117974422562596
21	33	5.9938676660665795
21	34	7.499391054167201
21	35	6.791040858289483
21	36	8.48030709660235
21	37	7.231896907601957
21	38	15.236746150971321
21	39	14.208255995452074
21	40	7.527816567723965
21	41	5.91729118760728
21	42	6.371627173816464
21	43	6.615150871256352
21	44	4.0160494880856215
21	45	3.118349159931192
21	46	5.603627173816465
21	47	1.9266551326067676
21	48	5.467431440198856
21	49	8.9856973669304
21	50	16.1479577970478
21	51	13.707131707380613
21	52	13.12991661881582
21	53	10.660727278161685
21	54	10.571066377289519
22	0	14.627738956304626
22	1	15.215178933945246
22	2	13.926714663537307
22	3	16.57418081146732
22	4	15.38027294061369
22	5	11.0157738677897
22	6	9.160325673956201
22	7	15.69624441805318
22	8	14.564310146582788
22	9	17.985449744024113
22	10	18.44693279718246
22	11	19.115112413752733
22	12	15.714362748898829
22	13	12.143064424833447
22	14	8.059326158626396
22	15	7.126373855451147
22	16	6.417236064944693
22	17	5.067154585922038
22	18	3.1751554463493408
22	19	0.901128181781039
22	20	3.2221762209219764
22	21	3.8466929833089214
22	22	0.0
22	23	2.4673224353537604
22	24	0.6431920397517358
22	25	0.85865010335992
22	26	3.651322435353758
22	27	5.123322435353759
22	28	3.804064744102906
22	29	4.099322435353757
22	30	7.8485879270077366
22	31	9.10844677469375
22	32	3.8215392884978683
22	33	2.697432532001852
22	34	4.2029559201024735
22	35	3.494605724224756
22	36	5.183871962537625
22	37	3.93546177353723
22	38	11.398351407300009
22	39	10.369861251780762
22	40	5.660071147176298
22	41	5.449669666515145
22	42	3.075192039751736
22	43	7.383751360756628
22	44	5.657542312498354
22	45	4.759841984343925
22	46	2.307192039751737
22	47	5.773348115915689
22	48	2.37620603313648
22	49	5.147302623259089
22	50	12.309563053376486
22	51	9.868736963709301
22	52	9.291521875144507
22	53	6.822332534490373
22	54	6.732671633618206
23	0	17.086763152020776
23	1	17.674203129661397
23	2	16.385738859253458
23	3	19.03320500718347
23	4	17.83929713632984
23	5	13.474798063505851
23	6	11.619349869672352
23	7	18.15526861376933
23	8	17.023334342298938
23	9	20.444473939740263
23	10	20.90595699289861
23	11	21.574136609468884
23	12	18.17338694461498
23	13	14.602088620549598
23	14	10.518350354342548
23	15	9.5853980511673
23	16	8.876260260660844
23	17	7.5261787816381895
23	18	5.634179642065492
23	19	3.36015237749719
23	20	5.681200416638127
23	21	6.305717179025073
23	22	2.4673224353537604
23	23	0.0
23	24	2.5793270440174916
23	25	2.9856188638203665
23	26	1.1839999999999975
23	27	2.655999999999999
23	28	1.3367423087491457
23	29	1.6319999999999975
23	30	5.381265491653976
23	31	6.6411243393399895
23	32	5.757674292763624
23	33	4.633567536267607
23	34	6.13909092436823
23	35	5.4307407284905125
23	36	7.1200069668033805
23	37	5.871596777802986
23	38	8.93102897194625
23	39	7.902538816427003
23	40	7.596206151442054
23	41	7.385804670780901
23	42	5.0113270440174915
23	43	9.319886365022384
23	44	8.116566508214504
23	45	7.2188661800600755
23	46	4.243327044017493
23	47	8.23237231163184
23	48	4.503174793596926
23	49	2.679980187905328
23	50	9.842240618022727
23	51	7.4014145283555415
23	52	6.824199439790748
23	53	4.355010099136614
23	54	4.265349198264445
24	0	14.720673146812166
24	1	15.308113124452786
24	2	14.019648854044847
24	3	16.66711500197486
24	4	15.47320713112123
24	5	11.10870805829724
24	6	9.253259864463741
24	7	15.78917860856072
24	8	14.657244337090328
24	9	18.078383934531654
24	10	18.53986698769
24	11	19.208046604260275
24	12	15.807296939406369
24	13	12.235998615340987
24	14	8.152260349133938
24	15	7.219308045958688
24	16	6.510170255452234
24	17	5.160088776429579
24	18	3.268089636856882
24	19	0.9940623722885803
24	20	3.315110411429518
24	21	3.9396271738164628
24	22	0.6431920397517358
24	23	2.5793270440174916
24	24	0.0
24	25	1.4439058141028447
24	26	3.763327044017489
24	27	5.23532704401749
24	28	3.9160693527666375
24	29	4.211327044017489
24	30	7.960592535671467
24	31	9.220451383357481
24	32	3.1783472487461326
24	33	2.0542404922501163
24	34	3.5597638803507383
24	35	2.8514136844730205
24	36	4.5406799227858885
24	37	3.2922697337854943
24	38	11.51035601596374
24	39	10.481865860444493
24	40	5.016879107424563
24	41	4.80647762676341
24	42	2.4320000000000004
24	43	6.740559321004893
24	44	5.7504765030058955
24	45	4.852776174851466
24	46	1.6640000000000015
24	47	5.86628230642323
24	48	2.9614617438794046
24	49	5.25930723192282
24	50	12.421567662040218
24	51	9.980741572373033
24	52	9.403526483808239
24	53	6.934337143154105
24	54	6.844676242281937
25	0	14.730921483418001
25	1	15.318361461058622
25	2	14.029897190650683
25	3	16.677363338580694
25	4	15.483455467727065
25	5	11.118956394903076
25	6	9.263508201069577
25	7	15.799426945166555
25	8	14.667492673696163
25	9	18.088632271137488
25	10	18.550115324295835
25	11	19.21829494086611
25	12	15.817545276012204
25	13	12.246246951946823
25	14	8.162508685739772
25	15	7.229556382564523
25	16	6.520418592058069
25	17	5.170337113035414
25	18	3.2783379734627163
25	19	1.0043107088944148
25	20	3.3253587480353524
25	21	3.949875510422297
25	22	0.85865010335992
25	23	2.9856188638203665
25	24	1.4439058141028447
25	25	0.0
25	26	4.169618863820364
25	27	5.641618863820366
25	28	4.322361172569512
25	29	4.617618863820364
25	30	8.366884355474344
25	31	9.626743203160355
25	32	4.622253062848977
25	33	3.498146306352961
25	34	5.003669694453583
25	35	4.295319498575865
25	36	5.984585736888733
25	37	4.7361755478883385
25	38	11.916647835766616
25	39	10.888157680247371
25	40	6.460784921527408
25	41	6.250383440866255
25	42	3.875905814102845
25	43	8.184465135107738
25	44	5.76072483961173
25	45	4.863024511457301
25	46	3.107905814102846
25	47	5.8765306430290645
25	48	1.51755592977656
25	49	5.665599051725694
25	50	12.827859481843094
25	51	10.387033392175908
25	52	9.809818303611115
25	53	7.3406289629569805
25	54	7.250968062084812
26	0	18.270763152020773
26	1	18.858203129661394
26	2	17.569738859253455
26	3	20.217205007183466
26	4	19.023297136329838
26	5	14.658798063505849
26	6	12.80334986967235
26	7	19.339268613769327
26	8	18.207334342298935
26	9	21.62847393974026
26	10	22.089956992898607
26	11	22.75813660946888
26	12	19.357386944614976
26	13	15.786088620549595
26	14	11.702350354342546
26	15	10.769398051167297
26	16	10.060260260660842
26	17	8.710178781638188
26	18	6.818179642065489
26	19	4.544152377497188
26	20	6.865200416638125
26	21	7.48971717902507
26	22	3.651322435353758
26	23	1.1839999999999975
26	24	3.763327044017489
26	25	4.169618863820364
26	26	0.0
26	27	1.4720000000000013
26	28	0.9163405480496875
26	29	0.8095430810031042
26	30	4.197265491653979
26	31	5.457124339339992
26	32	6.941674292763621
26	33	5.817567536267605
26	34	7.323090924368228
26	35	6.61474072849051
26	36	8.304006966803378
26	37	7.055596777802983
26	38	8.108572052949356
26	39	7.0800818974301105
26	40	8.780206151442052
26	41	8.569804670780899
26	42	6.195327044017489
26	43	10.503886365022382
26	44	9.300566508214501
26	45	8.402866180060073
26	46	5.42732704401749
26	47	9.416372311631838
26	48	5.687174793596924
26	49	2.2595784272058697
26	50	9.019783699025833
26	51	6.578957609358648
26	52	6.001742520793854
26	53	3.5325531801397205
26	54	3.4428922792675527
27	0	19.742763152020775
27	1	20.330203129661395
27	2	19.041738859253456
27	3	21.689205007183467
27	4	20.49529713632984
27	5	16.13079806350585
27	6	14.27534986967235
27	7	20.81126861376933
27	8	19.679334342298937
27	9	23.10047393974026
27	10	23.561956992898608
27	11	24.230136609468882
27	12	20.829386944614978
27	13	17.258088620549596
27	14	13.174350354342547
27	15	12.241398051167298
27	16	11.532260260660843
27	17	10.18217878163819
27	18	8.29017964206549
27	19	6.016152377497189
27	20	8.337200416638126
27	21	8.961717179025072
27	22	5.123322435353759
27	23	2.655999999999999
27	24	5.23532704401749
27	25	5.641618863820366
27	26	1.4720000000000013
27	27	0.0
27	28	1.889897351709877
27	29	1.4382211234716311
27	30	2.7252654916539774
27	31	3.9851243393399907
27	32	8.413674292763623
27	33	7.289567536267606
27	34	8.795090924368228
27	35	8.086740728490511
27	36	9.776006966803378
27	37	8.527596777802984
27	38	8.737250095417883
27	39	7.708759939898637
27	40	10.252206151442053
27	41	10.0418046707809
27	42	7.66732704401749
27	43	11.975886365022383
27	44	10.772566508214503
27	45	9.874866180060074
27	46	6.899327044017491
27	47	10.888372311631839
27	48	7.159174793596925
27	49	3.2331352308660595
27	50	9.1141408984494
27	51	6.673314808782214
27	52	6.630420563262382
27	53	4.161231222608247
27	54	4.071570321736079
28	0	18.42350546076992
28	1	19.01094543841054
28	2	17.722481168002602
28	3	20.369947315932613
28	4	19.176039445078985
28	5	14.811540372254997
28	6	12.956092178421498
28	7	19.492010922518475
28	8	18.360076651048082
28	9	21.781216248489407
28	10	22.242699301647754
28	11	22.910878918218028
28	12	19.510129253364124
28	13	15.938830929298744
28	14	11.855092663091694
28	15	10.922140359916446
28	16	10.21300256940999
28	17	8.862921090387335
28	18	6.970921950814637
28	19	4.696894686246336
28	20	7.017942725387273
28	21	7.642459487774218
28	22	3.804064744102906
28	23	1.3367423087491457
28	24	3.9160693527666375
28	25	4.322361172569512
28	26	0.9163405480496875
28	27	1.889897351709877
28	28	0.0
28	29	1.7232527382830412
28	30	4.615162843363854
28	31	5.875021691049867
28	32	7.09441660151277
28	33	5.970309845016754
28	34	7.475833233117376
28	35	6.767483037239658
28	36	8.456749275552525
28	37	7.208339086552131
28	38	9.022281710229294
28	39	7.993791554710047
28	40	8.9329484601912
28	41	8.722546979530048
28	42	6.348069352766638
28	43	10.65662867377153
28	44	9.45330881696365
28	45	8.555608488809222
28	46	5.580069352766639
28	47	9.569114620380986
28	48	5.839917102346073
28	49	1.3432378791561823
28	50	9.933493356305771
28	51	7.492667266638585
28	52	6.9154521780737905
28	53	4.446262837419657
28	54	4.35660193654749
29	0	18.718763152020774
29	1	19.306203129661395
29	2	18.017738859253456
29	3	20.665205007183467
29	4	19.471297136329838
29	5	15.106798063505849
29	6	13.25134986967235
29	7	19.787268613769328
29	8	18.655334342298936
29	9	22.07647393974026
29	10	22.537956992898607
29	11	23.20613660946888
29	12	19.805386944614977
29	13	16.234088620549596
29	14	12.150350354342546
29	15	11.217398051167297
29	16	10.508260260660842
29	17	9.158178781638187
29	18	7.26617964206549
29	19	4.992152377497188
29	20	7.313200416638125
29	21	7.93771717902507
29	22	4.099322435353757
29	23	1.6319999999999975
29	24	4.211327044017489
29	25	4.617618863820364
29	26	0.8095430810031042
29	27	1.4382211234716311
29	28	1.7232527382830412
29	29	0.0
29	30	4.163486615125608
29	31	5.1200999990234575
29	32	7.389674292763622
29	33	6.265567536267605
29	34	7.771090924368227
29	35	7.0627407284905095
29	36	8.752006966803377
29	37	7.503596777802983
29	38	7.299028971946251
29	39	6.270538816427006
29	40	9.228206151442052
29	41	9.0178046707809
29	42	6.643327044017489
29	43	10.951886365022382
29	44	9.748566508214502
29	45	8.850866180060073
29	46	5.8753270440174905
29	47	9.864372311631838
29	48	6.135174793596924
29	49	3.0664906174392232
29	50	8.210240618022729
29	51	5.769414528355544
29	52	5.19219943979075
29	53	2.723010099136616
29	54	2.6333491982644484
30	0	22.468028643674753
30	1	23.055468621315374
30	2	21.767004350907435
30	3	24.414470498837446
30	4	23.220562627983817
30	5	18.856063555159828
30	6	17.00061536132633
30	7	23.536534105423307
30	8	22.404599833952915
30	9	25.82573943139424
30	10	26.287222484552586
30	11	26.95540210112286
30	12	23.554652436268956
30	13	19.983354112203575
30	14	15.899615845996525
30	15	14.966663542821276
30	16	14.25752575231482
30	17	12.907444273292167
30	18	11.015445133719467
30	19	8.741417869151167
30	20	11.062465908292104
30	21	11.68698267067905
30	22	7.8485879270077366
30	23	5.381265491653976
30	24	7.960592535671467
30	25	8.366884355474344
30	26	4.197265491653979
30	27	2.7252654916539774
30	28	4.615162843363854
30	29	4.163486615125608
30	30	0.0
30	31	1.999423917032104
30	32	11.138939784417598
30	33	10.014833027921583
30	34	11.520356416022207
30	35	10.81200622014449
30	36	12.501272458457356
30	37	11.252862269456962
30	38	11.46251558707186
