VERTICES = 55
;

DISTANCE_MATRIX = 
0	0	0.0
0	1	3.220567502785805
0	2	2.16202571677582
0	3	3.187199999999999
0	4	3.294576780103934
0	5	7.168571405796277
0	6	6.560895938818112
0	7	3.797846083715325
0	8	2.9271402964303963
0	9	4.880722719068155
0	10	5.776356930116392
0	11	6.578172470000721
0	12	3.695484550046096
0	13	8.521320074248772
0	14	8.676035423580288
0	15	9.786495938818112
0	16	11.403404990063729
0	17	13.023502764890916
0	18	15.32141472142885
0	19	18.050247438910816
0	20	15.937013551837097
0	21	15.404302764890916
0	22	19.13160125704806
0	23	22.09238817947257
0	24	19.70144743891082
0	25	19.701447438910815
0	26	23.51318817947257
0	27	25.27958817947257
0	28	24.35798817947257
0	29	24.484639876676297
0	30	28.54990676945734
0	31	30.667039876676295
0	32	23.889353295165357
0	33	22.540425187370133
0	34	24.97325123679497
0	35	24.12323100174171
0	36	25.571248506067064
0	37	24.07315627926659
0	38	33.80469200638255
0	39	32.57050381975946
0	40	24.07762765841645
0	41	22.144997202276425
0	42	22.619847438910817
0	43	22.0383188620813
0	44	18.919397202276425
0	45	17.78221246794343
0	46	21.69824743891082
0	47	17.71628892401904
0	48	21.522514554642687
0	49	25.96987363445999
0	50	34.34115796073973
0	51	31.412166653139103
0	52	30.86526708546126
0	53	27.902239876676298
0	54	27.64465891459363
1	0	3.220567502785805
1	1	0.0
1	2	1.7664
1	3	2.726399999999999
1	4	6.5151442828897395
1	5	9.6768
1	6	9.6768
1	7	0.5772785809295202
1	8	2.5315145796545764
1	9	4.419922719068155
1	10	5.315556930116392
1	11	6.117372470000721
1	12	6.916052052831901
1	13	11.029548668452495
1	14	11.791939484762175
1	15	12.9024
1	16	14.519309051245617
1	17	16.139406826072804
1	18	18.43731878261074
1	19	21.166151500092703
1	20	19.052917613018987
1	21	18.520206826072805
1	22	22.247505318229948
1	23	25.20829224065446
1	24	22.817351500092705
1	25	22.817351500092702
1	26	26.629092240654458
1	27	28.395492240654455
1	28	27.473892240654457
1	29	27.600543937858184
1	30	31.665810830639227
1	31	33.78294393785818
1	32	27.005257356347244
1	33	25.65632924855202
1	34	28.089155297976856
1	35	27.239135062923598
1	36	28.68715256724895
1	37	27.189060340448478
1	38	36.92059606756444
1	39	35.686407880941346
1	40	27.19353171959834
1	41	25.260901263458315
1	42	25.735751500092704
1	43	25.15422292326319
1	44	22.035301263458315
1	45	20.89811652912532
1	46	24.814151500092706
1	47	20.832192985200926
1	48	24.638418615824573
1	49	29.085777695641877
1	50	37.457062021921615
1	51	34.52807071432099
1	52	33.98117114664314
1	53	31.018143937858184
1	54	30.760562975775517
2	0	2.16202571677582
2	1	1.7664
2	2	0.0
2	3	4.492799999999999
2	4	5.4566024968797535
2	5	7.910400000000001
2	6	7.910399999999999
2	7	2.34367858092952
2	8	0.7651145796545764
2	9	6.186322719068155
2	10	7.081956930116392
2	11	7.8837724700007215
2	12	5.857510266821915
2	13	9.263148668452496
2	14	10.025539484762174
2	15	11.136
2	16	12.752909051245616
2	17	14.373006826072803
2	18	16.670918782610737
2	19	19.3997515000927
2	20	17.286517613018987
2	21	16.753806826072804
2	22	20.481105318229947
2	23	23.441892240654457
2	24	21.0509515000927
2	25	21.0509515000927
2	26	24.862692240654457
2	27	26.629092240654455
2	28	25.70749224065446
2	29	25.834143937858183
2	30	29.899410830639226
2	31	32.01654393785818
2	32	25.23885735634724
2	33	23.889929248552015
2	34	26.32275529797685
2	35	25.472735062923594
2	36	26.920752567248947
2	37	25.422660340448473
2	38	35.15419606756444
2	39	33.92000788094135
2	40	25.42713171959834
2	41	23.494501263458314
2	42	23.9693515000927
2	43	23.38782292326319
2	44	20.268901263458314
2	45	19.13171652912532
2	46	23.0477515000927
2	47	19.065792985200925
2	48	22.872018615824572
2	49	27.31937769564188
2	50	35.69066202192161
2	51	32.76167071432099
2	52	32.214771146643145
2	53	29.251743937858183
2	54	28.994162975775517
3	0	3.187199999999999
3	1	2.726399999999999
3	2	4.492799999999999
3	3	0.0
3	4	6.481776780103933
3	5	10.355771405796276
3	6	9.74809593881811
3	7	3.3036785809295193
3	8	5.257914579654575
3	9	1.693522719068156
3	10	2.5891569301163933
3	11	3.3909724700007224
3	12	6.882684550046095
3	13	11.70852007424877
3	14	11.863235423580285
3	15	12.97369593881811
3	16	14.590604990063728
3	17	16.210702764890915
3	18	18.50861472142885
3	19	21.237447438910813
3	20	19.124213551837098
3	21	18.591502764890915
3	22	22.318801257048058
3	23	25.27958817947257
3	24	22.888647438910816
3	25	22.888647438910812
3	26	26.70038817947257
3	27	28.466788179472566
3	28	27.545188179472568
3	29	27.671839876676295
3	30	31.737106769457338
3	31	33.85423987667629
3	32	27.076553295165354
3	33	25.72762518737013
3	34	28.160451236794966
3	35	27.31043100174171
3	36	28.75844850606706
3	37	27.26035627926659
3	38	36.99189200638255
3	39	35.757703819759456
3	40	27.26482765841645
3	41	25.332197202276426
3	42	25.807047438910814
3	43	25.2255188620813
3	44	22.106597202276426
3	45	20.96941246794343
3	46	24.885447438910816
3	47	20.903488924019037
3	48	24.709714554642684
3	49	29.157073634459987
3	50	37.528357960739726
3	51	34.5993666531391
3	52	34.05246708546125
3	53	31.089439876676295
3	54	30.831858914593628
4	0	3.294576780103934
4	1	6.5151442828897395
4	2	5.4566024968797535
4	3	6.481776780103933
4	4	0.0
4	5	8.870400000000002
4	6	8.8704
4	7	7.09242286381926
4	8	6.22171707653433
4	9	8.17529949917209
4	10	9.070933710220327
4	11	9.872749250104656
4	12	0.400907769942162
4	13	10.223148668452497
4	14	10.985539484762175
4	15	12.096
4	16	13.712909051245617
4	17	15.333006826072804
4	18	17.63091878261074
4	19	20.359751500092703
4	20	18.246517613018987
4	21	17.713806826072805
4	22	21.441105318229948
4	23	24.40189224065446
4	24	22.010951500092702
4	25	22.010951500092702
4	26	25.822692240654458
4	27	27.589092240654455
4	28	26.66749224065446
4	29	26.794143937858184
4	30	30.859410830639227
4	31	32.97654393785818
4	32	26.19885735634724
4	33	24.849929248552016
4	34	27.282755297976852
4	35	26.432735062923594
4	36	27.880752567248948
4	37	26.382660340448474
4	38	36.11419606756444
4	39	34.88000788094135
4	40	26.38713171959834
4	41	24.454501263458315
4	42	24.9293515000927
4	43	24.34782292326319
4	44	21.228901263458315
4	45	20.09171652912532
4	46	24.007751500092702
4	47	20.025792985200926
4	48	23.832018615824573
4	49	28.27937769564188
4	50	36.65066202192161
4	51	33.72167071432099
4	52	33.174771146643145
4	53	30.211743937858184
4	54	29.954162975775517
5	0	7.168571405796277
5	1	9.6768
5	2	7.910400000000001
5	3	10.355771405796276
5	4	8.870400000000002
5	5	0.0
5	6	3.1487999999999996
5	7	10.25407858092952
5	8	8.675514579654578
5	9	12.049294124864431
5	10	12.94492833591267
5	11	13.746743875796998
5	12	9.271307769942164
5	13	1.3527486684524952
5	14	5.263939484762175
5	15	6.3744
5	16	7.991309051245616
5	17	9.611406826072802
5	18	11.909318782610736
5	19	14.638151500092702
5	20	12.524917613018983
5	21	11.992206826072803
5	22	15.719505318229947
5	23	18.68029224065446
5	24	16.289351500092703
5	25	16.2893515000927
5	26	20.10109224065446
5	27	21.867492240654457
5	28	20.94589224065446
5	29	21.072543937858185
5	30	25.13781083063923
5	31	27.254943937858183
5	32	20.477257356347238
5	33	19.128329248552014
5	34	21.56115529797685
5	35	20.711135062923592
5	36	22.159152567248945
5	37	20.661060340448472
5	38	30.39259606756444
5	39	29.15840788094135
5	40	20.665531719598338
5	41	18.732901263458313
5	42	19.2077515000927
5	43	18.62622292326319
5	44	15.507301263458311
5	45	14.370116529125319
5	46	18.2861515000927
5	47	14.304192985200924
5	48	18.11041861582457
5	49	22.557777695641878
5	50	30.929062021921617
5	51	28.00007071432099
5	52	27.453171146643147
5	53	24.490143937858186
5	54	24.23256297577552
6	0	6.560895938818112
6	1	9.6768
6	2	7.910399999999999
6	3	9.74809593881811
6	4	8.8704
6	5	3.1487999999999996
6	6	0.0
6	7	10.25407858092952
6	8	8.675514579654575
6	9	11.441618657886266
6	10	12.337252868934504
6	11	13.139068408818833
6	12	9.271307769942162
6	13	4.501548668452495
6	14	2.1151394847621754
6	15	3.2256
6	16	4.842509051245616
6	17	6.462606826072802
6	18	8.760518782610736
6	19	11.489351500092702
6	20	9.376117613018984
6	21	8.843406826072803
6	22	12.570705318229948
6	23	15.531492240654458
6	24	13.140551500092704
6	25	13.140551500092702
6	26	16.952292240654458
6	27	18.718692240654455
6	28	17.797092240654457
6	29	17.923743937858184
6	30	21.989010830639227
6	31	24.10614393785818
6	32	17.32845735634724
6	33	15.979529248552018
6	34	18.412355297976852
6	35	17.562335062923594
6	36	19.010352567248948
6	37	17.512260340448474
6	38	27.24379606756444
6	39	26.00960788094135
6	40	17.516731719598337
6	41	15.584101263458315
6	42	16.058951500092704
6	43	15.477422923263187
6	44	12.358501263458312
6	45	11.22131652912532
6	46	15.137351500092702
6	47	11.155392985200924
6	48	14.961618615824573
6	49	19.408977695641877
6	50	27.780262021921615
6	51	24.85127071432099
6	52	24.304371146643145
6	53	21.341343937858184
6	54	21.083762975775517
7	0	3.797846083715325
7	1	0.5772785809295202
7	2	2.34367858092952
7	3	3.3036785809295193
7	4	7.09242286381926
7	5	10.25407858092952
7	6	10.25407858092952
7	7	0.0
7	8	3.1087931605840966
7	9	4.997201299997675
7	10	5.892835511045912
7	11	6.694651050930242
7	12	7.493330633761421
7	13	11.606827249382015
7	14	12.369218065691694
7	15	13.47967858092952
7	16	15.096587632175137
7	17	16.716685407002323
7	18	19.014597363540258
7	19	21.743430081022222
7	20	19.630196193948507
7	21	19.097485407002324
7	22	22.824783899159467
7	23	25.785570821583978
7	24	23.39463008102222
7	25	23.39463008102222
7	26	27.206370821583977
7	27	28.972770821583975
7	28	28.05117082158398
7	29	28.177822518787703
7	30	32.24308941156875
7	31	34.3602225187877
7	32	27.58253593727676
7	33	26.233607829481535
7	34	28.66643387890637
7	35	27.816413643853114
7	36	29.264431148178467
7	37	27.766338921377994
7	38	37.49787464849396
7	39	36.26368646187087
7	40	27.77081030052786
7	41	25.838179844387835
7	42	26.31303008102222
7	43	25.73150150419271
7	44	22.612579844387835
7	45	21.47539511005484
7	46	25.39143008102222
7	47	21.409471566130446
7	48	25.215697196754093
7	49	29.6630562765714
7	50	38.03434060285113
7	51	35.10534929525051
7	52	34.558449727572665
7	53	31.595422518787704
7	54	31.337841556705037
8	0	2.9271402964303963
8	1	2.5315145796545764
8	2	0.7651145796545764
8	3	5.257914579654575
8	4	6.22171707653433
8	5	8.675514579654578
8	6	8.675514579654575
8	7	3.1087931605840966
8	8	0.0
8	9	6.951437298722731
8	10	7.847071509770968
8	11	8.648887049655297
8	12	6.622624846476492
8	13	10.028263248107073
8	14	10.79065406441675
8	15	11.901114579654575
8	16	13.518023630900192
8	17	15.138121405727379
8	18	17.436033362265313
8	19	20.164866079747277
8	20	18.051632192673562
8	21	17.51892140572738
8	22	21.246219897884522
8	23	24.207006820309033
8	24	21.81606607974728
8	25	21.816066079747277
8	26	25.627806820309033
8	27	27.39420682030903
8	28	26.472606820309032
8	29	26.59925851751276
8	30	30.664525410293802
8	31	32.78165851751275
8	32	26.003971936001818
8	33	24.655043828206594
8	34	27.08786987763143
8	35	26.237849642578173
8	36	27.685867146903526
8	37	26.187774920103053
8	38	35.919310647219014
8	39	34.68512246059592
8	40	26.192246299252915
8	41	24.25961584311289
8	42	24.73446607974728
8	43	24.152937502917766
8	44	21.03401584311289
8	45	19.896831108779896
8	46	23.81286607974728
8	47	19.8309075648555
8	48	23.637133195479148
8	49	28.08449227529645
8	50	36.45577660157619
8	51	33.526785293975564
8	52	32.97988572629772
8	53	30.01685851751276
8	54	29.759277555430092
9	0	4.880722719068155
9	1	4.419922719068155
9	2	6.186322719068155
9	3	1.693522719068156
9	4	8.17529949917209
9	5	12.049294124864431
9	6	11.441618657886266
9	7	4.997201299997675
9	8	6.951437298722731
9	9	0.0
9	10	0.8956342110482371
9	11	1.6974497509325663
9	12	8.576207269114251
9	13	13.402042793316927
9	14	13.556758142648441
9	15	14.667218657886266
9	16	16.284127709131884
9	17	17.90422548395907
9	18	20.202137440497005
9	19	22.93097015797897
9	20	20.817736270905254
9	21	20.28502548395907
9	22	24.012323976116214
9	23	26.973110898540725
9	24	24.58217015797897
9	25	24.582170157978968
9	26	28.393910898540724
9	27	30.160310898540722
9	28	29.238710898540724
9	29	29.36536259574445
9	30	33.4306294885255
9	31	35.547762595744445
9	32	28.77007601423351
9	33	27.421147906438286
9	34	29.853973955863122
9	35	29.003953720809864
9	36	30.451971225135217
9	37	28.953878998334744
9	38	38.685414725450705
9	39	37.45122653882761
9	40	28.958350377484606
9	41	27.02571992134458
9	42	27.50057015797897
9	43	26.919041581149457
9	44	23.80011992134458
9	45	22.662935187011588
9	46	26.578970157978972
9	47	22.597011643087193
9	48	26.40323727371084
9	49	30.850596353528143
9	50	39.22188067980788
9	51	36.29288937220726
9	52	35.74598980452941
9	53	32.78296259574445
9	54	32.52538163366179
10	0	5.776356930116392
10	1	5.315556930116392
10	2	7.081956930116392
10	3	2.5891569301163933
10	4	9.070933710220327
10	5	12.94492833591267
10	6	12.337252868934504
10	7	5.892835511045912
10	8	7.847071509770968
10	9	0.8956342110482371
10	10	0.0
10	11	0.8018155398843292
10	12	9.471841480162489
10	13	14.297677004365164
10	14	14.452392353696679
10	15	15.562852868934504
10	16	17.17976192018012
10	17	18.799859695007306
10	18	21.09777165154524
10	19	23.826604369027205
10	20	21.71337048195349
10	21	21.180659695007307
10	22	24.90795818716445
10	23	27.86874510958896
10	24	25.477804369027204
10	25	25.477804369027204
10	26	29.28954510958896
10	27	31.055945109588958
10	28	30.134345109588963
10	29	30.260996806792686
10	30	34.32626369957373
10	31	36.443396806792684
10	32	29.665710225281742
10	33	28.316782117486518
10	34	30.749608166911354
10	35	29.899587931858097
10	36	31.34760543618345
10	37	29.849513209382977
10	38	39.58104893649894
10	39	38.346860749875844
10	40	29.853984588532843
10	41	27.921354132392818
10	42	28.396204369027203
10	43	27.814675792197693
10	44	24.695754132392818
10	45	23.558569398059824
10	46	27.474604369027205
10	47	23.49264585413543
10	48	27.298871484759076
10	49	31.746230564576383
10	50	40.117514890856114
10	51	37.188523583255495
10	52	36.64162401557764
10	53	33.67859680679268
10	54	33.42101584471002
11	0	6.578172470000721
11	1	6.117372470000721
11	2	7.8837724700007215
11	3	3.3909724700007224
11	4	9.872749250104656
11	5	13.746743875796998
11	6	13.139068408818833
11	7	6.694651050930242
11	8	8.648887049655297
11	9	1.6974497509325663
11	10	0.8018155398843292
11	11	0.0
11	12	10.273657020046818
11	13	15.099492544249493
11	14	15.254207893581007
11	15	16.364668408818833
11	16	17.98157746006445
11	17	19.601675234891637
11	18	21.89958719142957
11	19	24.628419908911535
11	20	22.51518602183782
11	21	21.982475234891638
11	22	25.70977372704878
11	23	28.67056064947329
11	24	26.279619908911535
11	25	26.279619908911535
11	26	30.09136064947329
11	27	31.85776064947329
11	28	30.936160649473294
11	29	31.062812346677017
11	30	35.12807923945806
11	31	37.245212346677015
11	32	30.467525765166073
11	33	29.11859765737085
11	34	31.551423706795685
11	35	30.701403471742427
11	36	32.14942097606778
11	37	30.651328749267307
11	38	40.38286447638327
11	39	39.148676289760175
11	40	30.655800128417173
11	41	28.723169672277148
11	42	29.198019908911533
11	43	28.616491332082024
11	44	25.497569672277148
11	45	24.360384937944154
11	46	28.276419908911535
11	47	24.29446139401976
11	48	28.100687024643406
11	49	32.54804610446072
11	50	40.919330430740445
11	51	37.990339123139826
11	52	37.44343955546197
11	53	34.480412346677014
11	54	34.22283138459435
12	0	3.695484550046096
12	1	6.916052052831901
12	2	5.857510266821915
12	3	6.882684550046095
12	4	0.400907769942162
12	5	9.271307769942164
12	6	9.271307769942162
12	7	7.493330633761421
12	8	6.622624846476492
12	9	8.576207269114251
12	10	9.471841480162489
12	11	10.273657020046818
12	12	0.0
12	13	10.624056438394659
12	14	11.386447254704336
12	15	12.496907769942162
12	16	14.113816821187779
12	17	15.733914596014966
12	18	18.0318265525529
12	19	20.760659270034864
12	20	18.64742538296115
12	21	18.114714596014966
12	22	21.84201308817211
12	23	24.80280001059662
12	24	22.411859270034867
12	25	22.411859270034864
12	26	26.22360001059662
12	27	27.990000010596617
12	28	27.06840001059662
12	29	27.195051707800346
12	30	31.26031860058139
12	31	33.37745170780035
12	32	26.599765126289405
12	33	25.25083701849418
12	34	27.683663067919017
12	35	26.83364283286576
12	36	28.281660337191113
12	37	26.78356811039064
12	38	36.5151038375066
12	39	35.28091565088351
12	40	26.788039489540502
12	41	24.855409033400477
12	42	25.330259270034865
12	43	24.748730693205353
12	44	21.629809033400477
12	45	20.492624299067483
12	46	24.408659270034867
12	47	20.426700755143088
12	48	24.232926385766735
12	49	28.68028546558404
12	50	37.05156979186378
12	51	34.12257848426315
12	52	33.575678916585304
12	53	30.612651707800346
12	54	30.35507074571768
13	0	8.521320074248772
13	1	11.029548668452495
13	2	9.263148668452496
13	3	11.70852007424877
13	4	10.223148668452497
13	5	1.3527486684524952
13	6	4.501548668452495
13	7	11.606827249382015
13	8	10.028263248107073
13	9	13.402042793316927
13	10	14.297677004365164
13	11	15.099492544249493
13	12	10.624056438394659
13	13	0.0
13	14	6.61668815321467
13	15	7.727148668452495
13	16	9.344057719698112
13	17	10.964155494525299
13	18	13.262067451063233
13	19	15.990900168545199
13	20	13.87766628147148
13	21	13.3449554945253
13	22	17.072253986682444
13	23	20.033040909106955
13	24	17.6421001685452
13	25	17.6421001685452
13	26	21.453840909106955
13	27	23.220240909106952
13	28	22.298640909106958
13	29	22.42529260631068
13	30	26.490559499091724
13	31	28.60769260631068
13	32	21.830006024799737
13	33	20.481077917004512
13	34	22.91390396642935
13	35	22.06388373137609
13	36	23.511901235701444
13	37	22.01380900890097
13	38	31.74534473601694
13	39	30.511156549393846
13	40	22.018280388050833
13	41	20.08564993191081
13	42	20.560500168545197
13	43	19.978971591715684
13	44	16.860049931910808
13	45	15.722865197577816
13	46	19.6389001685452
13	47	15.656941653653421
13	48	19.46316728427707
13	49	23.910526364094377
13	50	32.28181069037411
13	51	29.352819382773486
13	52	28.805919815095642
13	53	25.84289260631068
13	54	25.585311644228014
14	0	8.676035423580288
14	1	11.791939484762175
14	2	10.025539484762174
14	3	11.863235423580285
14	4	10.985539484762175
14	5	5.263939484762175
14	6	2.1151394847621754
14	7	12.369218065691694
14	8	10.79065406441675
14	9	13.556758142648441
14	10	14.452392353696679
14	11	15.254207893581007
14	12	11.386447254704336
14	13	6.61668815321467
14	14	0.0
14	15	1.1195427638102977
14	16	2.736451815055914
14	17	4.3565495898831
14	18	6.654461546421034
14	19	9.383294263903
14	20	7.2700603768292815
14	21	6.737349589883101
14	22	10.464648082040245
14	23	13.425435004464756
14	24	11.034494263903001
14	25	11.034494263903
14	26	14.846235004464756
14	27	16.612635004464753
14	28	15.691035004464757
14	29	15.817686701668482
14	30	19.882953594449525
14	31	22.00008670166848
14	32	15.22240012015754
14	33	13.873472012362315
14	34	16.30629806178715
14	35	15.456277826733892
14	36	16.904295331059245
14	37	15.406203104258772
14	38	25.13773883137474
14	39	23.903550644751647
14	40	15.410674483408634
14	41	13.478044027268613
14	42	13.952894263903001
14	43	13.371365687073485
14	44	10.25244402726861
14	45	9.115259292935617
14	46	13.031294263903
14	47	9.049335749011222
14	48	12.855561379634871
14	49	17.302920459452178
14	50	25.67420478573191
14	51	22.745213478131287
14	52	22.198313910453443
14	53	19.235286701668482
14	54	18.977705739585815
15	0	9.786495938818112
15	1	12.9024
15	2	11.136
15	3	12.97369593881811
15	4	12.096
15	5	6.3744
15	6	3.2256
15	7	13.47967858092952
15	8	11.901114579654575
15	9	14.667218657886266
15	10	15.562852868934504
15	11	16.364668408818833
15	12	12.496907769942162
15	13	7.727148668452495
15	14	1.1195427638102977
15	15	0.0
15	16	1.6169090512456166
15	17	3.2370068260728027
15	18	5.534918782610736
15	19	8.263751500092702
15	20	6.150517613018984
15	21	5.617806826072803
15	22	9.345105318229947
15	23	12.305892240654458
15	24	9.914951500092704
15	25	9.914951500092702
15	26	13.726692240654458
15	27	15.493092240654455
15	28	14.57149224065446
15	29	14.698143937858184
15	30	18.763410830639227
15	31	20.88054393785818
15	32	14.102857356347242
15	33	12.753929248552017
15	34	15.18675529797685
15	35	14.336735062923594
15	36	15.784752567248947
15	37	14.286660340448474
15	38	24.01819606756444
15	39	22.78400788094135
15	40	14.291131719598337
15	41	12.358501263458315
15	42	12.833351500092704
15	43	12.251822923263187
15	44	9.132901263458312
15	45	7.995716529125319
15	46	11.911751500092702
15	47	7.929792985200924
15	48	11.736018615824573
15	49	16.18337769564188
15	50	24.554662021921615
15	51	21.62567071432099
15	52	21.078771146643145
15	53	18.115743937858184
15	54	17.858162975775517
16	0	11.403404990063729
16	1	14.519309051245617
16	2	12.752909051245616
16	3	14.590604990063728
16	4	13.712909051245617
16	5	7.991309051245616
16	6	4.842509051245616
16	7	15.096587632175137
16	8	13.518023630900192
16	9	16.284127709131884
16	10	17.17976192018012
16	11	17.98157746006445
16	12	14.113816821187779
16	13	9.344057719698112
16	14	2.736451815055914
16	15	1.6169090512456166
16	16	0.0
16	17	1.620097774827186
16	18	3.91800973136512
16	19	6.646842448847085
16	20	4.5336085617733675
16	21	4.000897774827187
16	22	7.72819626698433
16	23	10.688983189408841
16	24	8.298042448847086
16	25	8.298042448847085
16	26	12.10978318940884
16	27	13.876183189408838
16	28	12.954583189408842
16	29	13.081234886612567
16	30	17.14650177939361
16	31	19.263634886612564
16	32	12.485948305101624
16	33	11.1370201973064
16	34	13.569846246731233
16	35	12.719826011677977
16	36	14.16784351600333
16	37	12.669751289202857
16	38	22.401287016318825
16	39	21.167098829695732
16	40	12.674222668352721
16	41	10.741592212212698
16	42	11.216442448847086
16	43	10.634913872017572
16	44	7.515992212212696
16	45	6.378807477879703
16	46	10.294842448847085
16	47	6.312883933955308
16	48	10.119109564578956
16	49	14.566468644396261
16	50	22.937752970675994
16	51	20.008761663075372
16	52	19.461862095397528
16	53	16.498834886612567
16	54	16.2412539245299
17	0	13.023502764890916
17	1	16.139406826072804
17	2	14.373006826072803
17	3	16.210702764890915
17	4	15.333006826072804
17	5	9.611406826072802
17	6	6.462606826072802
17	7	16.716685407002323
17	8	15.138121405727379
17	9	17.90422548395907
17	10	18.799859695007306
17	11	19.601675234891637
17	12	15.733914596014966
17	13	10.964155494525299
17	14	4.3565495898831
17	15	3.2370068260728027
17	16	1.620097774827186
17	17	0.0
17	18	2.297911956537934
17	19	5.026744674019899
17	20	2.913510786946181
17	21	2.3808000000000007
17	22	6.108098492157144
17	23	9.068885414581656
17	24	6.6779446740199
17	25	6.677944674019899
17	26	10.489685414581656
17	27	12.256085414581653
17	28	11.334485414581657
17	29	11.461137111785382
17	30	15.526404004566425
17	31	17.643537111785378
17	32	10.865850530274438
17	33	9.516922422479213
17	34	11.949748471904046
17	35	11.09972823685079
17	36	12.547745741176143
17	37	11.04965351437567
17	38	20.78118924149164
17	39	19.547001054868545
17	40	11.054124893525534
17	41	9.121494437385511
17	42	9.5963446740199
17	43	9.014816097190385
17	44	5.895894437385509
17	45	4.758709703052516
17	46	8.674744674019898
17	47	4.692786159128122
17	48	8.499011789751771
17	49	12.946370869569076
17	50	21.317655195848815
17	51	18.38866388824819
17	52	17.84176432057034
17	53	14.878737111785382
17	54	14.621156149702717
18	0	15.32141472142885
18	1	18.43731878261074
18	2	16.670918782610737
18	3	18.50861472142885
18	4	17.63091878261074
18	5	11.909318782610736
18	6	8.760518782610736
18	7	19.014597363540258
18	8	17.436033362265313
18	9	20.202137440497005
18	10	21.09777165154524
18	11	21.89958719142957
18	12	18.0318265525529
18	13	13.262067451063233
18	14	6.654461546421034
18	15	5.534918782610736
18	16	3.91800973136512
18	17	2.297911956537934
18	18	0.0
18	19	2.7288327174819655
18	20	0.6155988304082475
18	21	1.324104165086719
18	22	3.81018653561921
18	23	6.770973458043722
18	24	4.380032717481967
18	25	4.380032717481965
18	26	8.191773458043722
18	27	9.958173458043719
18	28	9.036573458043723
18	29	9.163225155247448
18	30	13.22849204802849
18	31	15.345625155247445
18	32	8.567938573736505
18	33	7.219010465941281
18	34	9.651836515366114
18	35	8.801816280312856
18	36	10.249833784638211
18	37	8.751741557837738
18	38	18.483277284953704
18	39	17.24908909833061
18	40	8.756212936987602
18	41	6.823582480847578
18	42	7.298432717481967
18	43	6.716904140652452
18	44	3.597982480847576
18	45	2.460797746514583
18	46	6.376832717481966
18	47	3.63609032421484
18	48	6.201099833213837
18	49	10.648458913031142
18	50	19.019743239310877
18	51	16.090751931710255
18	52	15.543852364032409
18	53	12.580825155247448
18	54	12.323244193164783
19	0	18.050247438910816
19	1	21.166151500092703
19	2	19.3997515000927
19	3	21.237447438910813
19	4	20.359751500092703
19	5	14.638151500092702
19	6	11.489351500092702
19	7	21.743430081022222
19	8	20.164866079747277
19	9	22.93097015797897
19	10	23.826604369027205
19	11	24.628419908911535
19	12	20.760659270034864
19	13	15.990900168545199
19	14	9.383294263903
19	15	8.263751500092702
19	16	6.646842448847085
19	17	5.026744674019899
19	18	2.7288327174819655
19	19	0.0
19	20	3.344431547890213
19	21	4.052936882568685
19	22	1.0813538181372448
19	23	4.042140740561756
19	24	1.6512000000000011
19	25	1.6511999999999993
19	26	5.462940740561756
19	27	7.229340740561753
19	28	6.307740740561757
19	29	6.434392437765481
19	30	10.499659330546525
19	31	12.61679243776548
19	32	5.839105856254539
19	33	4.490177748459315
19	34	6.923003797884148
19	35	6.072983562830891
19	36	7.521001067156245
19	37	6.022908840355772
19	38	15.754444567471738
19	39	14.520256380848647
19	40	7.6714549289094744
19	41	8.5632
19	42	4.569600000000001
19	43	9.445736858134417
19	44	6.326815198329541
19	45	5.189630463996548
19	46	3.6479999999999997
19	47	6.364923041696806
19	48	3.472267115731871
19	49	7.919626195549176
19	50	16.290910521828913
19	51	13.361919214228287
19	52	12.815019646550443
19	53	9.851992437765482
19	54	9.594411475682815
20	0	15.937013551837097
20	1	19.052917613018987
20	2	17.286517613018987
20	3	19.124213551837098
20	4	18.246517613018987
20	5	12.524917613018983
20	6	9.376117613018984
20	7	19.630196193948507
20	8	18.051632192673562
20	9	20.817736270905254
20	10	21.71337048195349
20	11	22.51518602183782
20	12	18.64742538296115
20	13	13.87766628147148
20	14	7.2700603768292815
20	15	6.150517613018984
20	16	4.5336085617733675
20	17	2.913510786946181
20	18	0.6155988304082475
20	19	3.344431547890213
20	20	0.0
20	21	1.9397029954949665
20	22	4.4257853660274575
20	23	7.386572288451969
20	24	4.9956315478902145
20	25	4.995631547890213
20	26	8.807372288451969
20	27	10.573772288451966
20	28	9.65217228845197
20	29	9.778823985655695
20	30	13.844090878436738
20	31	15.961223985655693
20	32	9.183537404144753
20	33	7.834609296349528
20	34	10.267435345774361
20	35	9.417415110721105
20	36	10.865432615046458
20	37	9.367340388245985
20	38	19.098876115361954
20	39	17.86468792873886
20	40	8.140614106579353
20	41	6.20798365043933
20	42	7.914031547890215
20	43	6.1013053102442045
20	44	2.982383650439328
20	45	1.8451989161063354
20	46	6.992431547890213
20	47	4.251689154623088
20	48	6.816698663622084
20	49	11.26405774343939
20	50	19.635342069719123
20	51	16.7063507621185
20	52	16.159451194440656
20	53	13.196423985655695
20	54	12.938843023573028
21	0	15.404302764890916
21	1	18.520206826072805
21	2	16.753806826072804
21	3	18.591502764890915
21	4	17.713806826072805
21	5	11.992206826072803
21	6	8.843406826072803
21	7	19.097485407002324
21	8	17.51892140572738
21	9	20.28502548395907
21	10	21.180659695007307
21	11	21.982475234891638
21	12	18.114714596014966
21	13	13.3449554945253
21	14	6.737349589883101
21	15	5.617806826072803
21	16	4.000897774827187
21	17	2.3808000000000007
21	18	1.324104165086719
21	19	4.052936882568685
21	20	1.9397029954949665
21	21	0.0
21	22	5.13429070070593
21	23	8.095077623130441
21	24	5.704136882568686
21	25	5.704136882568684
21	26	9.515877623130441
21	27	11.282277623130438
21	28	10.360677623130442
21	29	10.487329320334167
21	30	14.55259621311521
21	31	16.669729320334163
21	32	9.892042738823223
21	33	8.543114631027999
21	34	10.975940680452833
21	35	10.125920445399576
21	36	11.573937949724929
21	37	10.075845722924456
21	38	19.807381450040424
21	39	18.57319326341733
21	40	10.08031710207432
21	41	8.147686645934296
21	42	8.622536882568685
21	43	8.04100830573917
21	44	4.922086645934295
21	45	3.7849019116013016
21	46	7.700936882568684
21	47	2.3119861591281214
21	48	7.525203998300556
21	49	11.972563078117862
21	50	20.3438474043976
21	51	17.414856096796974
21	52	16.867956529119127
21	53	13.904929320334167
21	54	13.647348358251502
22	0	19.13160125704806
22	1	22.247505318229948
22	2	20.481105318229947
22	3	22.318801257048058
22	4	21.441105318229948
22	5	15.719505318229947
22	6	12.570705318229948
22	7	22.824783899159467
22	8	21.246219897884522
22	9	24.012323976116214
22	10	24.90795818716445
22	11	25.70977372704878
22	12	21.84201308817211
22	13	17.072253986682444
22	14	10.464648082040245
22	15	9.345105318229947
22	16	7.72819626698433
22	17	6.108098492157144
22	18	3.81018653561921
22	19	1.0813538181372448
22	20	4.4257853660274575
22	21	5.13429070070593
22	22	0.0
22	23	2.960786922424511
22	24	0.771830447702085
22	25	1.0303801240319024
22	26	4.3815869224245105
22	27	6.147986922424508
22	28	5.226386922424512
22	29	5.353038619628236
22	30	9.41830551240928
22	31	11.535438619628234
22	32	4.959736303956623
22	33	3.6108081961613987
22	34	6.043634245586231
22	35	5.193614010532975
22	36	6.641631514858329
22	37	5.143539288057855
22	38	14.673090749334493
22	39	13.438902562711402
22	40	6.792085376611558
22	41	7.683830447702084
22	42	3.690230447702085
22	43	10.004728480791862
22	44	7.408169016466786
22	45	6.270984282133793
22	46	2.7686304477020833
22	47	7.446276859834051
22	48	2.8514472397637745
22	49	6.838272377411931
22	50	15.209556703691666
22	51	12.280565396091042
22	52	11.733665828413198
22	53	8.770638619628237
22	54	8.51305765754557
23	0	22.09238817947257
23	1	25.20829224065446
23	2	23.441892240654457
23	3	25.27958817947257
23	4	24.40189224065446
23	5	18.68029224065446
23	6	15.531492240654458
23	7	25.785570821583978
23	8	24.207006820309033
23	9	26.973110898540725
23	10	27.86874510958896
23	11	28.67056064947329
23	12	24.80280001059662
23	13	20.033040909106955
23	14	13.425435004464756
23	15	12.305892240654458
23	16	10.688983189408841
23	17	9.068885414581656
23	18	6.770973458043722
23	19	4.042140740561756
23	20	7.386572288451969
23	21	8.095077623130441
23	22	2.960786922424511
23	23	0.0
23	24	3.6479999999999997
23	25	3.9911670464564137
23	26	1.4207999999999998
23	27	3.187199999999997
23	28	2.265600000000001
23	29	2.392251697203725
23	30	6.457518589984769
23	31	8.574651697203723
23	32	7.835905856254538
23	33	6.486977748459314
23	34	8.919803797884146
23	35	8.069783562830889
23	36	9.517801067156244
23	37	8.01970884035577
23	38	11.71230382690998
23	39	10.47811564028689
23	40	9.668254928909473
23	41	10.559999999999999
23	42	6.5664
23	43	12.880898033089776
23	44	10.368955938891297
23	45	9.231771204558305
23	46	5.644799999999998
23	47	10.407063782258563
23	48	5.812234162188286
23	49	3.8774854549874203
23	50	12.248769781267155
23	51	9.319778473666531
23	52	8.772878905988685
23	53	5.809851697203725
23	54	5.552270735121059
24	0	19.70144743891082
24	1	22.817351500092705
24	2	21.0509515000927
24	3	22.888647438910816
24	4	22.010951500092702
24	5	16.289351500092703
24	6	13.140551500092704
24	7	23.39463008102222
24	8	21.81606607974728
24	9	24.58217015797897
24	10	25.477804369027204
24	11	26.279619908911535
24	12	22.411859270034867
24	13	17.6421001685452
24	14	11.034494263903001
24	15	9.914951500092704
24	16	8.298042448847086
24	17	6.6779446740199
24	18	4.380032717481967
24	19	1.6512000000000011
24	20	4.9956315478902145
24	21	5.704136882568686
24	22	0.771830447702085
24	23	3.6479999999999997
24	24	0.0
24	25	1.8022105717339874
24	26	5.0687999999999995
24	27	6.835199999999997
24	28	5.913600000000001
24	29	6.040251697203725
24	30	10.105518589984769
24	31	12.222651697203723
24	32	4.187905856254538
24	33	2.838977748459314
24	34	5.2718037978841465
24	35	4.42178356283089
24	36	5.869801067156244
24	37	4.371708840355771
24	38	15.360303826909982
24	39	14.12611564028689
24	40	6.020254928909473
24	41	6.911999999999999
24	42	2.9184
24	43	9.232898033089777
24	44	7.978015198329543
24	45	6.84083046399655
24	46	1.9967999999999986
24	47	8.016123041696808
24	48	3.623277687465859
24	49	7.52548545498742
24	50	15.896769781267155
24	51	12.967778473666531
24	52	12.420878905988687
24	53	9.457851697203726
24	54	9.200270735121059
25	0	19.701447438910815
25	1	22.817351500092702
25	2	21.0509515000927
25	3	22.888647438910812
25	4	22.010951500092702
25	5	16.2893515000927
25	6	13.140551500092702
25	7	23.39463008102222
25	8	21.816066079747277
25	9	24.582170157978968
25	10	25.477804369027204
25	11	26.279619908911535
25	12	22.411859270034864
25	13	17.6421001685452
25	14	11.034494263903
25	15	9.914951500092702
25	16	8.298042448847085
25	17	6.677944674019899
25	18	4.380032717481965
25	19	1.6511999999999993
25	20	4.995631547890213
25	21	5.704136882568684
25	22	1.0303801240319024
25	23	3.9911670464564137
25	24	1.8022105717339874
25	25	0.0
25	26	5.411967046456414
25	27	7.178367046456411
25	28	6.256767046456415
25	29	6.383418743660139
25	30	10.448685636441184
25	31	12.565818743660136
25	32	5.990116427988525
25	33	4.641188320193301
25	34	7.074014369618134
25	35	6.223994134564878
25	36	7.672011638890231
25	37	6.173919412089758
25	38	15.703470873366395
25	39	14.469282686743302
25	40	7.82246550064346
25	41	8.714210571733986
25	42	4.720610571733987
25	43	11.035108604823764
25	44	7.978015198329541
25	45	6.840830463996548
25	46	3.799010571733986
25	47	8.016123041696805
25	48	1.8210671157318719
25	49	7.868652501443834
25	50	16.239936827723568
25	51	13.310945520122946
25	52	12.7640459524451
25	53	9.801018743660139
25	54	9.543437781577474
26	0	23.51318817947257
26	1	26.629092240654458
26	2	24.862692240654457
26	3	26.70038817947257
26	4	25.822692240654458
26	5	20.10109224065446
26	6	16.952292240654458
26	7	27.206370821583977
26	8	25.627806820309033
26	9	28.393910898540724
26	10	29.28954510958896
26	11	30.09136064947329
26	12	26.22360001059662
26	13	21.453840909106955
26	14	14.846235004464756
26	15	13.726692240654458
26	16	12.10978318940884
26	17	10.489685414581656
26	18	8.191773458043722
26	19	5.462940740561756
26	20	8.807372288451969
26	21	9.515877623130441
26	22	4.3815869224245105
26	23	1.4207999999999998
26	24	5.0687999999999995
26	25	5.411967046456414
26	26	0.0
26	27	1.7663999999999973
26	28	1.0996086576596245
26	29	0.9714516972037253
26	30	5.036718589984769
26	31	7.153851697203723
26	32	9.256705856254538
26	33	7.9077777484593135
26	34	10.340603797884146
26	35	9.490583562830889
26	36	10.938601067156243
26	37	9.44050884035577
26	38	10.291503826909981
26	39	9.05731564028689
26	40	11.089054928909473
26	41	11.980799999999999
26	42	7.9872
26	43	14.301698033089776
26	44	11.789755938891297
26	45	10.652571204558305
26	46	7.065599999999998
26	47	11.827863782258563
26	48	7.233034162188286
26	49	2.7114941126470438
26	50	10.827969781267155
26	51	7.898978473666532
26	52	7.3520789059886855
26	53	4.389051697203725
26	54	4.131470735121059
27	0	25.27958817947257
27	1	28.395492240654455
27	2	26.629092240654455
27	3	28.466788179472566
27	4	27.589092240654455
27	5	21.867492240654457
27	6	18.718692240654455
27	7	28.972770821583975
27	8	27.39420682030903
27	9	30.160310898540722
27	10	31.055945109588958
27	11	31.85776064947329
27	12	27.990000010596617
27	13	23.220240909106952
27	14	16.612635004464753
27	15	15.493092240654455
27	16	13.876183189408838
27	17	12.256085414581653
27	18	9.958173458043719
27	19	7.229340740561753
27	20	10.573772288451966
27	21	11.282277623130438
27	22	6.147986922424508
27	23	3.187199999999997
27	24	6.835199999999997
27	25	7.178367046456411
27	26	1.7663999999999973
27	27	0.0
27	28	2.8660086576596218
27	29	2.380799999999999
27	30	3.2703185899847718
27	31	5.644799999999998
27	32	11.023105856254535
27	33	9.67417774845931
27	34	12.107003797884143
27	35	11.256983562830886
27	36	12.70500106715624
27	37	11.206908840355768
27	38	11.700852129706256
27	39	10.466663943083162
27	40	12.85545492890947
27	41	13.747199999999996
27	42	9.753599999999997
27	43	16.068098033089775
27	44	13.556155938891294
27	45	12.418971204558302
27	46	8.831999999999995
27	47	13.59426378225856
27	48	8.999434162188283
27	49	4.477894112647041
27	50	11.837791307600618
27	51	8.908799999999994
27	52	8.76142720878496
27	53	5.798399999999999
27	54	5.540819037917333
28	0	24.35798817947257
28	1	27.473892240654457
28	2	25.70749224065446
28	3	27.545188179472568
28	4	26.66749224065446
28	5	20.94589224065446
28	6	17.797092240654457
28	7	28.05117082158398
28	8	26.472606820309032
28	9	29.238710898540724
28	10	30.134345109588963
28	11	30.936160649473294
28	12	27.06840001059662
28	13	22.298640909106958
28	14	15.691035004464757
28	15	14.57149224065446
28	16	12.954583189408842
28	17	11.334485414581657
28	18	9.036573458043723
28	19	6.307740740561757
28	20	9.65217228845197
28	21	10.360677623130442
28	22	5.226386922424512
28	23	2.265600000000001
28	24	5.913600000000001
28	25	6.256767046456415
28	26	1.0996086576596245
28	27	2.8660086576596218
28	28	0.0
28	29	2.0710603548633495
28	30	6.1363272476443935
28	31	8.253460354863346
28	32	10.101505856254539
28	33	8.752577748459315
28	34	11.185403797884147
28	35	10.335383562830891
28	36	11.783401067156245
28	37	10.285308840355771
28	38	11.391112484569607
28	39	10.156924297946514
28	40	11.933854928909474
28	41	12.8256
28	42	8.832
28	43	15.146498033089777
28	44	12.634555938891298
28	45	11.497371204558306
28	46	7.910399999999999
28	47	12.672663782258564
28	48	8.077834162188287
28	49	1.6118854549874195
28	50	11.92757843892678
28	51	8.998587131326158
28	52	8.45168756364831
28	53	5.48866035486335
28	54	5.231079392780684
29	0	24.484639876676297
29	1	27.600543937858184
29	2	25.834143937858183
29	3	27.671839876676295
29	4	26.794143937858184
29	5	21.072543937858185
29	6	17.923743937858184
29	7	28.177822518787703
29	8	26.59925851751276
29	9	29.36536259574445
29	10	30.260996806792686
29	11	31.062812346677017
29	12	27.195051707800346
29	13	22.42529260631068
29	14	15.817686701668482
29	15	14.698143937858184
29	16	13.081234886612567
29	17	11.461137111785382
29	18	9.163225155247448
29	19	6.434392437765481
29	20	9.778823985655695
29	21	10.487329320334167
29	22	5.353038619628236
29	23	2.392251697203725
29	24	6.040251697203725
29	25	6.383418743660139
29	26	0.9714516972037253
29	27	2.380799999999999
29	28	2.0710603548633495
29	29	0.0
29	30	5.651118589984771
29	31	6.182399999999998
29	32	10.228157553458264
29	33	8.87922944566304
29	34	11.312055495087872
29	35	10.462035260034614
29	36	11.91005276435997
29	37	10.411960537559496
29	38	9.320052129706257
29	39	8.085863943083165
29	40	12.060506626113199
29	41	12.952251697203724
29	42	8.958651697203726
29	43	15.273149730293502
29	44	12.761207636095023
29	45	11.62402290176203
29	46	8.037051697203724
29	47	12.799315479462289
29	48	8.204485859392012
29	49	3.682945809850769
29	50	9.856518084063431
29	51	6.927526776462807
29	52	6.380627208784961
29	53	3.4176
29	54	3.1600190379173343
30	0	28.54990676945734
30	1	31.665810830639227
30	2	29.899410830639226
30	3	31.737106769457338
30	4	30.859410830639227
30	5	25.13781083063923
30	6	21.989010830639227
30	7	32.24308941156875
30	8	30.664525410293802
30	9	33.4306294885255
30	10	34.32626369957373
30	11	35.12807923945806
30	12	31.26031860058139
30	13	26.490559499091724
30	14	19.882953594449525
30	15	18.763410830639227
30	16	17.14650177939361
30	17	15.526404004566425
30	18	13.22849204802849
30	19	10.499659330546525
30	20	13.844090878436738
30	21	14.55259621311521
30	22	9.41830551240928
30	23	6.457518589984769
30	24	10.105518589984769
30	25	10.448685636441184
30	26	5.036718589984769
30	27	3.2703185899847718
30	28	6.1363272476443935
30	29	5.651118589984771
30	30	0.0
30	31	2.3993087004385245
30	32	14.293424446239307
30	33	12.944496338444083
30	34	15.377322387868915
30	35	14.527302152815658
30	36	15.975319657141013
30	37	14.47722743034054
30	38	14.971170719691028
30	39	13.736982533067934
30	40	16.125773518894242
30	41	17.017518589984768
30	42	13.023918589984769
30	43	19.338416623074544
30	44	16.826474528876066
30	45	15.689289794543074
30	46	12.102318589984767
30	47	16.864582372243333
