VERTICES = 115
;

DISTANCE_MATRIX = 
0	0	0.0
0	1	0.6082762530298234
0	2	2.6082762530298234
0	3	1.8082762530298226
0	4	3.9653942753400697
0	5	3.2087569778189917
0	6	4.876235347980257
0	7	3.6232389393660904
0	8	1.9121167340703538
0	9	2.7082762530298248
0	10	11.571607018308217
0	11	9.408276253029825
0	12	9.431812772882857
0	13	8.488414659677195
0	14	8.450122715932386
0	15	7.150122715932387
0	16	12.567975736177036
0	17	10.729498105092016
0	18	11.025126618402526
0	19	6.331810439428513
0	20	17.109665074945582
0	21	7.431810439428513
0	22	77.28627154724441
0	23	76.79382865715462
0	24	76.71807050940949
0	25	75.96143321188839
0	26	76.54161888400213
0	27	75.78498158648105
0	28	75.78265691659779
0	29	74.92825654206604
0	30	75.33808328389571
0	31	74.227903118337
0	32	73.87280928515278
0	33	73.20198889190283
0	34	75.03767751300157
0	35	73.06790595264235
0	36	71.59147614951272
0	37	70.56191313541402
0	38	68.7745295519895
0	39	67.24482369791167
0	40	68.98121243875434
0	41	66.27381516461817
0	42	67.12580911451835
0	43	66.67859551901839
0	44	71.3428871696569
0	45	71.38455875062158
0	46	73.75924670065675
0	47	74.54850086507793
0	48	73.6151841380554
0	49	64.52452959616457
0	50	73.18733438835358
0	51	81.96473267042111
0	52	88.58085255157587
0	53	89.54183271627096
0	54	89.48639106538961
0	55	90.46378716200027
0	56	75.6151841380554
0	57	39.676959470212
0	58	37.96523519334963
0	59	44.256709080509495
0	60	41.04267734451186
0	61	49.57033513918387
0	62	45.39870476246064
0	63	52.5101127023608
0	64	48.875556333283555
0	65	55.681351574991666
0	66	52.0591975197367
0	67	59.72537376737768
0	68	56.05794960319924
0	69	62.85896197712342
0	70	58.75408682676867
0	71	65.65612617215709
0	72	62.454564053440656
0	73	62.83392705803755
0	74	61.742504155234684
0	75	60.8090813849059
0	76	54.057927153678236
0	77	50.66234178440831
0	78	51.848780072151825
0	79	48.97954672507112
0	80	46.91013019192233
0	81	43.80529525267032
0	82	40.314610347710314
0	83	36.626792564793156
0	84	39.82691419705302
0	85	33.567191846822276
0	86	30.023182817488408
0	87	36.90908963232391
0	88	33.15143078671272
0	89	49.12385392820052
0	90	55.05126061659433
0	91	58.7448530676153
0	92	34.923853928200515
0	93	58.47653432828512
0	94	22.097921625494386
0	95	20.694354740732567
0	96	26.91335336683077
0	97	24.542699448604832
0	98	32.75382534469743
0	99	30.002007763534024
0	100	25.84178967323207
0	101	27.473182817488407
0	102	26.727357105781252
0	103	30.736999601561926
0	104	30.349511161036215
0	105	30.981766583017784
0	106	32.05276788805899
0	107	34.8279743662127
0	108	32.71150282593212
0	109	34.6939088216719
0	110	39.668540993922896
0	111	41.37396550583396
0	112	46.537799300856264
0	113	48.469120092439056
0	114	35.73474611749832
1	0	0.6082762530298234
1	1	0.0
1	2	2.0
1	3	1.1999999999999993
1	4	3.357118022310246
1	5	2.6004807247891684
1	6	4.2679590949504345
1	7	3.014962686336267
1	8	1.3038404810405304
1	9	2.1000000000000014
1	10	10.963330765278394
1	11	8.800000000000002
1	12	8.823536519853032
1	13	7.880138406647372
1	14	7.841846462902563
1	15	6.541846462902564
1	16	11.959699483147215
1	17	10.121221852062193
1	18	10.416850365372703
1	19	5.723534186398689
1	20	16.501388821915757
1	21	6.823534186398689
1	22	76.67799529421458
1	23	76.18555240412479
1	24	76.10979425637967
1	25	75.35315695885858
1	26	75.9333426309723
1	27	75.17670533345122
1	28	75.17438066356797
1	29	74.31998028903621
1	30	74.7298070308659
1	31	73.61962686530717
1	32	73.26453303212296
1	33	72.593712638873
1	34	74.42940125997174
1	35	72.45962969961252
1	36	70.98319989648289
1	37	69.95363688238419
1	38	68.16625329895969
1	39	66.63654744488184
1	40	68.37293618572453
1	41	65.66553891158836
1	42	66.51753286148852
1	43	66.07031926598856
1	44	70.73461091662708
1	45	70.77628249759177
1	46	73.15097044762692
1	47	73.9402246120481
1	48	73.00690788502558
1	49	63.916253343134755
1	50	72.57905813532376
1	51	81.3564564173913
1	52	87.97257629854604
1	53	88.93355646324115
1	54	88.8781148123598
1	55	89.85551090897044
1	56	75.00690788502558
1	57	39.068683217182176
1	58	37.35695894031981
1	59	43.648432827479674
1	60	40.43440109148204
1	61	48.96205888615405
1	62	44.79042850943082
1	63	51.901836449330986
1	64	48.26728008025374
1	65	55.073075321961845
1	66	51.45092126670688
1	67	59.11709751434786
1	68	55.44967335016942
1	69	62.2506857240936
1	70	58.14581057373885
1	71	65.04784991912726
1	72	61.846287800410835
1	73	62.22565080500773
1	74	61.13422790220486
1	75	60.20080513187608
1	76	53.44965090064841
1	77	50.054065531378484
1	78	51.24050381912201
1	79	48.37127047204129
1	80	46.301853938892506
1	81	43.197018999640505
1	82	39.70633409468049
1	83	36.018516311763335
1	84	39.2186379440232
1	85	32.958915593792455
1	86	29.414906564458587
1	87	36.30081337929409
1	88	32.5431545336829
1	89	48.515577675170704
1	90	54.442984363564506
1	91	58.13657681458548
1	92	34.315577675170694
1	93	57.8682580752553
1	94	21.48964537246456
1	95	20.086078487702743
1	96	26.305077113800944
1	97	23.934423195575008
1	98	32.14554909166761
1	99	29.3937315105042
1	100	25.233513420202247
1	101	26.864906564458586
1	102	26.11908085275143
1	103	30.128723348532105
1	104	29.741234908006394
1	105	30.373490329987963
1	106	31.44449163502917
1	107	34.219698113182886
1	108	32.1032265729023
1	109	34.085632568642076
1	110	39.06026474089308
1	111	40.765689252804144
1	112	45.92952304782645
1	113	47.86084383940924
1	114	35.12646986446849
2	0	2.6082762530298234
2	1	2.0
2	2	0.0
2	3	0.8000000000000007
2	4	2.9575298701332686
2	5	2.200892572612191
2	6	5.407098374863852
2	7	4.154101966249685
2	8	2.008304597359459
2	9	4.100000000000001
2	10	12.963330765278394
2	11	10.800000000000002
2	12	10.823536519853032
2	13	9.880138406647372
2	14	9.841846462902563
2	15	8.541846462902564
2	16	13.959699483147215
2	17	12.121221852062193
2	18	12.416850365372703
2	19	7.723534186398689
2	20	18.501388821915757
2	21	8.823534186398689
2	22	78.67799529421458
2	23	78.18555240412479
2	24	78.10979425637967
2	25	77.35315695885858
2	26	77.9333426309723
2	27	77.17670533345122
2	28	77.17438066356797
2	29	76.31998028903621
2	30	76.7298070308659
2	31	75.61962686530717
2	32	75.26453303212296
2	33	74.593712638873
2	34	76.42940125997174
2	35	74.45962969961252
2	36	72.98319989648289
2	37	71.95363688238419
2	38	70.16625329895969
2	39	68.63654744488184
2	40	70.37293618572453
2	41	67.66553891158836
2	42	68.51753286148852
2	43	68.07031926598856
2	44	72.73461091662708
2	45	72.77628249759177
2	46	75.15097044762692
2	47	75.9402246120481
2	48	75.00690788502558
2	49	65.91625334313476
2	50	74.57905813532376
2	51	83.3564564173913
2	52	89.97257629854604
2	53	90.93355646324115
2	54	90.8781148123598
2	55	91.85551090897044
2	56	77.00690788502558
2	57	41.068683217182176
2	58	39.35695894031981
2	59	45.648432827479674
2	60	42.43440109148204
2	61	50.96205888615405
2	62	46.79042850943082
2	63	53.901836449330986
2	64	50.26728008025374
2	65	57.073075321961845
2	66	53.45092126670688
2	67	61.11709751434786
2	68	57.44967335016942
2	69	64.2506857240936
2	70	60.14581057373885
2	71	67.04784991912726
2	72	63.846287800410835
2	73	64.22565080500773
2	74	63.13422790220486
2	75	62.20080513187608
2	76	55.44965090064841
2	77	52.054065531378484
2	78	53.24050381912201
2	79	50.37127047204129
2	80	48.301853938892506
2	81	45.197018999640505
2	82	41.70633409468049
2	83	38.018516311763335
2	84	41.2186379440232
2	85	34.958915593792455
2	86	31.414906564458587
2	87	38.30081337929409
2	88	34.5431545336829
2	89	50.515577675170704
2	90	56.442984363564506
2	91	60.13657681458548
2	92	36.315577675170694
2	93	59.8682580752553
2	94	23.48964537246456
2	95	22.086078487702743
2	96	28.305077113800944
2	97	25.934423195575008
2	98	34.14554909166761
2	99	31.3937315105042
2	100	27.233513420202247
2	101	28.864906564458586
2	102	28.11908085275143
2	103	32.128723348532105
2	104	31.741234908006394
2	105	32.37349032998796
2	106	33.444491635029166
2	107	36.219698113182886
2	108	34.1032265729023
2	109	36.085632568642076
2	110	41.060264740893075
2	111	42.765689252804144
2	112	47.92952304782645
2	113	49.86084383940924
2	114	37.12646986446849
3	0	1.8082762530298226
3	1	1.1999999999999993
3	2	0.8000000000000007
3	3	0.0
3	4	2.157529870133268
3	5	1.4008925726121904
3	6	4.607098374863852
3	7	3.3541019662496847
3	8	1.2083045973594584
3	9	3.3000000000000007
3	10	12.163330765278394
3	11	10.000000000000002
3	12	10.023536519853032
3	13	9.080138406647372
3	14	9.041846462902562
3	15	7.741846462902563
3	16	13.159699483147214
3	17	11.321221852062193
3	18	11.616850365372702
3	19	6.923534186398689
3	20	17.701388821915756
3	21	8.023534186398688
3	22	77.87799529421459
3	23	77.38555240412478
3	24	77.30979425637966
3	25	76.55315695885858
3	26	77.13334263097231
3	27	76.37670533345123
3	28	76.37438066356796
3	29	75.51998028903621
3	30	75.9298070308659
3	31	74.81962686530716
3	32	74.46453303212294
3	33	73.793712638873
3	34	75.62940125997174
3	35	73.65962969961252
3	36	72.18319989648288
3	37	71.15363688238419
3	38	69.36625329895969
3	39	67.83654744488184
3	40	69.57293618572453
3	41	66.86553891158835
3	42	67.71753286148851
3	43	67.27031926598856
3	44	71.93461091662708
3	45	71.97628249759177
3	46	74.35097044762692
3	47	75.14022461204809
3	48	74.20690788502557
3	49	65.11625334313476
3	50	73.77905813532377
3	51	82.5564564173913
3	52	89.17257629854603
3	53	90.13355646324115
3	54	90.07811481235979
3	55	91.05551090897043
3	56	76.20690788502557
3	57	40.26868321718217
3	58	38.5569589403198
3	59	44.84843282747967
3	60	41.63440109148203
3	61	50.16205888615404
3	62	45.990428509430814
3	63	53.101836449330975
3	64	49.46728008025373
3	65	56.27307532196184
3	66	52.650921266706874
3	67	60.31709751434786
3	68	56.649673350169415
3	69	63.450685724093596
3	70	59.345810573738845
3	71	66.24784991912725
3	72	63.04628780041083
3	73	63.42565080500773
3	74	62.33422790220486
3	75	61.400805131876076
3	76	54.64965090064841
3	77	51.25406553137849
3	78	52.440503819122
3	79	49.57127047204129
3	80	47.5018539388925
3	81	44.397018999640494
3	82	40.90633409468049
3	83	37.21851631176333
3	84	40.418637944023196
3	85	34.15891559379245
3	86	30.614906564458582
3	87	37.50081337929409
3	88	33.7431545336829
3	89	49.71557767517069
3	90	55.6429843635645
3	91	59.33657681458548
3	92	35.51557767517069
3	93	59.068258075255294
3	94	22.68964537246456
3	95	21.286078487702742
3	96	27.505077113800944
3	97	25.134423195575007
3	98	33.34554909166761
3	99	30.5937315105042
3	100	26.433513420202246
3	101	28.064906564458582
3	102	27.319080852751426
3	103	31.3287233485321
3	104	30.94123490800639
3	105	31.57349032998796
3	106	32.64449163502916
3	107	35.419698113182875
3	108	33.3032265729023
3	109	35.28563256864207
3	110	40.26026474089307
3	111	41.96568925280413
3	112	47.12952304782644
3	113	49.06084383940923
3	114	36.32646986446849
4	0	3.9653942753400697
4	1	3.357118022310246
4	2	2.9575298701332686
4	3	2.157529870133268
4	4	0.0
4	5	0.7566372975210778
4	6	6.2182558084390385
4	7	4.9652593998248715
4	8	2.9775605289723606
4	9	5.4569032474434875
4	10	14.32023401272188
4	11	12.156903247443488
4	12	12.18043976729652
4	13	11.23704165409086
4	14	11.198749710346048
4	15	9.89874971034605
4	16	15.316602730590699
4	17	13.478125099505679
4	18	13.77375361281619
4	19	9.080437433842176
4	20	19.858292069359244
4	21	10.180437433842176
4	22	80.03489854165807
4	23	79.54245565156828
4	24	79.46669750382316
4	25	78.71006020630206
4	26	79.29024587841579
4	27	78.53360858089471
4	28	78.53128391101146
4	29	77.67688353647969
4	30	78.08671027830938
4	31	76.97653011275065
4	32	76.62143627956644
4	33	75.95061588631648
4	34	77.78630450741522
4	35	75.816532947056
4	36	74.34010314392637
4	37	73.31054012982767
4	38	71.52315654640317
4	39	69.99345069232533
4	40	71.72983943316801
4	41	69.02244215903184
4	42	69.874436108932
4	43	69.42722251343204
4	44	74.09151416407056
4	45	74.13318574503525
4	46	76.5078736950704
4	47	77.29712785949158
4	48	76.36381113246907
4	49	67.27315659057824
4	50	75.93596138276725
4	51	84.71335966483478
4	52	91.32947954598953
4	53	92.29045971068463
4	54	92.23501805980328
4	55	93.21241415641393
4	56	78.36381113246907
4	57	42.42558646462566
4	58	40.71386218776329
4	59	47.00533607492316
4	60	43.79130433892552
4	61	52.31896213359753
4	62	48.1473317568743
4	63	55.25873969677447
4	64	51.624183327697224
4	65	58.42997856940533
4	66	54.80782451415036
4	67	62.474000761791345
4	68	58.8065765976129
4	69	65.60758897153708
4	70	61.50271382118233
4	71	68.40475316657074
4	72	65.20319104785432
4	73	65.58255405245121
4	74	64.49113114964834
4	75	63.557708379319564
4	76	56.80655414809189
4	77	53.41096877882197
4	78	54.597407066565495
4	79	51.72817371948477
4	80	49.65875718633599
4	81	46.55392224708399
4	82	43.063237342123976
4	83	39.37541955920682
4	84	42.575541191466684
4	85	36.31581884123594
4	86	32.771809811902074
4	87	39.657716626737574
4	88	35.900057781126385
4	89	51.87248092261419
4	90	57.79988761100799
4	91	61.493480062028965
4	92	37.67248092261418
4	93	61.22516132269878
4	94	24.84654861990805
4	95	23.44298173514623
4	96	29.66198036124443
4	97	27.291326443018495
4	98	35.502452339111095
4	99	32.75063475794769
4	100	28.590416667645734
4	101	30.22180981190207
4	102	29.475984100194914
4	103	33.48562659597559
4	104	33.09813815544988
4	105	33.73039357743144
4	106	34.80139488247265
4	107	37.57660136062637
4	108	35.460129820345784
4	109	37.44253581608556
4	110	42.41716798833656
4	111	44.12259250024763
4	112	49.28642629526993
4	113	51.217747086852725
4	114	38.48337311191197
5	0	3.2087569778189917
5	1	2.6004807247891684
5	2	2.200892572612191
5	3	1.4008925726121904
5	4	0.7566372975210778
5	5	0.0
5	6	5.461618510917961
5	7	4.208622102303794
5	8	2.2209232314512826
5	9	4.70026594992241
5	10	13.563596715200802
5	11	11.40026594992241
5	12	11.423802469775442
5	13	10.480404356569782
5	14	10.44211241282497
5	15	9.142112412824972
5	16	14.559965433069621
5	17	12.721487801984601
5	18	13.017116315295112
5	19	8.323800136321099
5	20	19.101654771838167
5	21	9.423800136321098
5	22	79.278261244137
5	23	78.7858183540472
5	24	78.71006020630207
5	25	77.953422908781
5	26	78.53360858089472
5	27	77.77697128337364
5	28	77.77464661349038
5	29	76.92024623895863
5	30	77.33007298078832
5	31	76.21989281522957
5	32	75.86479898204536
5	33	75.19397858879542
5	34	77.02966720989416
5	35	75.05989564953494
5	36	73.58346584640529
5	37	72.5539028323066
5	38	70.7665192488821
5	39	69.23681339480426
5	40	70.97320213564694
5	41	68.26580486151076
5	42	69.11779881141092
5	43	68.67058521591098
5	44	73.3348768665495
5	45	73.37654844751418
5	46	75.75123639754933
5	47	76.5404905619705
5	48	75.60717383494799
5	49	66.51651929305717
5	50	75.17932408524618
5	51	83.95672236731372
5	52	90.57284224846845
5	53	91.53382241316356
5	54	91.4783807622822
5	55	92.45577685889285
5	56	77.60717383494799
5	57	41.668949167104586
5	58	39.957224890242216
5	59	46.24869877740208
5	60	43.03466704140445
5	61	51.562324836076456
5	62	47.39069445935323
5	63	54.50210239925339
5	64	50.86754603017614
5	65	57.673341271884254
5	66	54.05118721662929
5	67	61.71736346427027
5	68	58.04993930009183
5	69	64.85095167401602
5	70	60.74607652366126
5	71	67.64811586904966
5	72	64.44655375033324
5	73	64.82591675493015
5	74	63.73449385212727
5	75	62.80107108179849
5	76	56.049916850570824
5	77	52.6543314813009
5	78	53.840769769044414
5	79	50.971536421963705
5	80	48.902119888814916
5	81	45.79728494956291
5	82	42.3066000446029
5	83	38.618782261685745
5	84	41.81890389394561
5	85	35.559181543714864
5	86	32.015172514381
5	87	38.9010793292165
5	88	35.14342048360531
5	89	51.115843625093106
5	90	57.043250313486915
5	91	60.73684276450789
5	92	36.9158436250931
5	93	60.46852402517771
5	94	24.08991132238697
5	95	22.686344437625152
5	96	28.905343063723354
5	97	26.534689145497417
5	98	34.74581504159002
5	99	31.99399746042661
5	100	27.833779370124656
5	101	29.465172514380995
5	102	28.71934680267384
5	103	32.728989298454515
5	104	32.34150085792881
5	105	32.97375627991037
5	106	34.044757584951576
5	107	36.81996406310529
5	108	34.70349252282471
5	109	36.685898518564485
5	110	41.660530690815484
5	111	43.365955202726546
5	112	48.52978899774885
5	113	50.461109789331644
5	114	37.726735814390906
6	0	4.876235347980257
6	1	4.2679590949504345
6	2	5.407098374863852
6	3	4.607098374863852
6	4	6.2182558084390385
6	5	5.461618510917961
6	6	0.0
6	7	1.2529964086141672
6	8	3.4000874639725547
6	9	4.751567545521348
6	10	13.614898310799742
6	11	11.45156754552135
6	12	11.475104065374378
6	13	10.531705952168718
6	14	10.49341400842391
6	15	9.193414008423911
6	16	14.61126702866856
6	17	12.77278939758354
6	18	13.068417910894048
6	19	8.375101731920036
6	20	19.152956367437103
6	21	9.475101731920036
6	22	79.32956283973593
6	23	78.83711994964614
6	24	78.76136180190102
6	25	78.00472450437992
6	26	78.58491017649365
6	27	77.82827287897257
6	28	77.82594820908932
6	29	76.97154783455755
6	30	77.38137457638724
6	31	76.27119441082851
6	32	75.9161005776443
6	33	75.24528018439435
6	34	77.08096880549309
6	35	75.11119724513387
6	36	73.63476744200423
6	37	72.60520442790553
6	38	70.81782084448103
6	39	69.28811499040319
6	40	71.02450373124587
6	41	68.3171064571097
6	42	69.16910040700986
6	43	68.7218868115099
6	44	73.38617846214842
6	45	73.42785004311311
6	46	75.80253799314826
6	47	76.59179215756944
6	48	75.65847543054693
6	49	66.5678208886561
6	50	75.23062568084511
6	51	84.00802396291265
6	52	90.62414384406739
6	53	91.58512400876249
6	54	91.52968235788114
6	55	92.50707845449179
6	56	77.65847543054693
6	57	41.72025076270352
6	58	40.00852648584115
6	59	46.30000037300102
6	60	43.08596863700338
6	61	51.61362643167539
6	62	47.44199605495216
6	63	54.55340399485233
6	64	50.918847625775086
6	65	57.72464286748319
6	66	54.10248881222822
6	67	61.76866505986921
6	68	58.101240895690765
6	69	64.90225326961495
6	70	60.797378119260195
6	71	67.6994174646486
6	72	64.49785534593218
6	73	64.87721835052908
6	74	63.78579544772621
6	75	62.852372677397426
6	76	56.10121844616975
6	77	52.70563307689983
6	78	53.89207136464336
6	79	51.022838017562634
6	80	48.95342148441385
6	81	45.84858654516185
6	82	42.35790164020184
6	83	38.67008385728468
6	84	41.870205489544546
6	85	35.6104831393138
6	86	32.066474109979936
6	87	38.95238092481544
6	88	35.19472207920425
6	89	51.16714522069205
6	90	57.09455190908585
6	91	60.78814436010683
6	92	36.96714522069204
6	93	60.51982562077664
6	94	24.141212917985907
6	95	22.737646033224088
6	96	28.95664465932229
6	97	26.585990741096353
6	98	34.79711663718895
6	99	32.04529905602554
6	100	27.885080965723592
6	101	29.51647410997993
6	102	28.770648398272776
6	103	32.78029089405345
6	104	32.39280245352774
6	105	33.025057875509304
6	106	34.09605918055051
6	107	36.87126565870423
6	108	34.754794118423646
6	109	36.73720011416342
6	110	41.71183228641442
6	111	43.41725679832549
6	112	48.581090593347795
6	113	50.51241138493059
6	114	37.778037409989835
7	0	3.6232389393660904
7	1	3.014962686336267
7	2	4.154101966249685
7	3	3.3541019662496847
7	4	4.9652593998248715
7	5	4.208622102303794
7	6	1.2529964086141672
7	7	0.0
7	8	2.1470910553583873
7	9	3.4985711369071804
7	10	12.361901902185574
7	11	10.198571136907182
7	12	10.222107656760212
7	13	9.278709543554552
7	14	9.240417599809742
7	15	7.940417599809743
7	16	13.358270620054395
7	17	11.519792988969373
7	18	11.815421502279882
7	19	7.122105323305869
7	20	17.899959958822937
7	21	8.222105323305868
7	22	78.07656643112176
7	23	77.58412354103197
7	24	77.50836539328685
7	25	76.75172809576576
7	26	77.33191376787948
7	27	76.5752764703584
7	28	76.57295180047515
7	29	75.71855142594339
7	30	76.12837816777308
7	31	75.01819800221435
7	32	74.66310416903013
7	33	73.99228377578018
7	34	75.82797239687892
7	35	73.8582008365197
7	36	72.38177103339007
7	37	71.35220801929137
7	38	69.56482443586687
7	39	68.03511858178902
7	40	69.7715073226317
7	41	67.06411004849554
7	42	67.9161039983957
7	43	67.46889040289574
7	44	72.13318205353426
7	45	72.17485363449894
7	46	74.5495415845341
7	47	75.33879574895528
7	48	74.40547902193276
7	49	65.31482448004193
7	50	73.97762927223094
7	51	82.75502755429848
7	52	89.37114743545322
7	53	90.33212760014833
7	54	90.27668594926698
7	55	91.25408204587762
7	56	76.40547902193276
7	57	40.467254354089356
7	58	38.755530077226986
7	59	45.04700396438685
7	60	41.83297222838922
7	61	50.360630023061226
7	62	46.188999646338
7	63	53.300407586238165
7	64	49.66585121716092
7	65	56.471646458869024
7	66	52.84949240361406
7	67	60.51566865125504
7	68	56.8482444870766
7	69	63.64925686100078
7	70	59.54438171064603
7	71	66.44642105603444
7	72	63.244858937318014
7	73	63.62422194191491
7	74	62.53279903911204
7	75	61.59937626878326
7	76	54.84822203755559
7	77	51.45263666828566
7	78	52.63907495602919
7	79	49.76984160894847
7	80	47.700425075799686
7	81	44.595590136547685
7	82	41.10490523158767
7	83	37.417087448670515
7	84	40.61720908093038
7	85	34.357486730699634
7	86	30.813477701365766
7	87	37.69938451620127
7	88	33.94172567059008
7	89	49.91414881207788
7	90	55.841555500471685
7	91	59.53514795149266
7	92	35.71414881207787
7	93	59.26682921216248
7	94	22.88821650937174
7	95	21.484649624609922
7	96	27.703648250708124
7	97	25.332994332482187
7	98	33.54412022857479
7	99	30.79230264741138
7	100	26.632084557109426
7	101	28.263477701365765
7	102	27.51765198965861
7	103	31.527294485439285
7	104	31.139806044913573
7	105	31.772061466895142
7	106	32.843062771936346
7	107	35.618269250090066
7	108	33.50179770980948
7	109	35.484203705549255
7	110	40.458835877800254
7	111	42.16426038971132
7	112	47.32809418473363
7	113	49.25941497631642
7	114	36.52504100137567
8	0	1.9121167340703538
8	1	1.3038404810405304
8	2	2.008304597359459
8	3	1.2083045973594584
8	4	2.9775605289723606
8	5	2.2209232314512826
8	6	3.4000874639725547
8	7	2.1470910553583873
8	8	0.0
8	9	3.008321791298266
8	10	11.87165255657666
8	11	9.708321791298268
8	12	9.7318583111513
8	13	8.788460197945637
8	14	8.750168254200828
8	15	7.450168254200829
8	16	12.868021274445478
8	17	11.029543643360459
8	18	11.325172156670968
8	19	6.631855977696954
8	20	17.40971061321402
8	21	7.731855977696954
8	22	77.58631708551286
8	23	77.09387419542306
8	24	77.01811604767792
8	25	76.26147875015684
8	26	76.84166442227058
8	27	76.0850271247495
8	28	76.08270245486622
8	29	75.22830208033449
8	30	75.63812882216416
8	31	74.52794865660543
8	32	74.17285482342122
8	33	73.50203443017128
8	34	75.33772305127002
8	35	73.3679514909108
8	36	71.89152168778115
8	37	70.86195867368247
8	38	69.07457509025795
8	39	67.54486923618012
8	40	69.28125797702279
8	41	66.5738607028866
8	42	67.42585465278678
8	43	66.97864105728684
8	44	71.64293270792535
8	45	71.68460428889003
8	46	74.0592922389252
8	47	74.84854640334636
8	48	73.91522967632383
8	49	64.82457513443302
8	50	73.48737992662203
8	51	82.26477820868956
8	52	88.88089808984431
8	53	89.84187825453941
8	54	89.78643660365805
8	55	90.76383270026871
8	56	75.91522967632383
8	57	39.97700500848044
8	58	38.26528073161807
8	59	44.55675461877794
8	60	41.3427228827803
8	61	49.87038067745231
8	62	45.69875030072908
8	63	52.81015824062925
8	64	49.175601871552004
8	65	55.98139711326011
8	66	52.35924305800514
8	67	60.025419305646125
8	68	56.35799514146768
8	69	63.15900751539186
8	70	59.05413236503711
8	71	65.95617171042552
8	72	62.7546095917091
8	73	63.133972596305995
8	74	62.042549693503126
8	75	61.109126923174344
8	76	54.35797269194667
8	77	50.96238732267675
8	78	52.148825610420275
8	79	49.27959226333955
8	80	47.21017573019077
8	81	44.10534079093877
8	82	40.614655885978756
8	83	36.9268381030616
8	84	40.12695973532146
8	85	33.86723738509072
8	86	30.32322835575685
8	87	37.209135170592354
8	88	33.451476324981165
8	89	49.42389946646897
8	90	55.35130615486277
8	91	59.044898605883745
8	92	35.22389946646896
8	93	58.77657986655356
8	94	22.397967163762825
8	95	20.994400279001006
8	96	27.213398905099208
8	97	24.84274498687327
8	98	33.053870882965875
8	99	30.302053301802463
8	100	26.14183521150051
8	101	27.77322835575685
8	102	27.027402644049694
8	103	31.03704513983037
8	104	30.649556699304657
8	105	31.281812121286226
8	106	32.35281342632743
8	107	35.12801990448115
8	108	33.011548364200564
8	109	34.99395435994034
8	110	39.96858653219134
8	111	41.67401104410241
8	112	46.83784483912471
8	113	48.769165630707505
8	114	36.03479165576675
9	0	2.7082762530298248
9	1	2.1000000000000014
9	2	4.100000000000001
9	3	3.3000000000000007
9	4	5.4569032474434875
9	5	4.70026594992241
9	6	4.751567545521348
9	7	3.4985711369071804
9	8	3.008321791298266
9	9	0.0
9	10	8.863330765278393
9	11	6.700000000000001
9	12	6.723536519853032
9	13	5.780138406647371
9	14	5.741846462902561
9	15	4.4418464629025625
9	16	9.859699483147214
9	17	8.021221852062192
9	18	8.316850365372702
9	19	3.6235341863986883
9	20	14.401388821915756
9	21	4.7235341863986875
9	22	74.57799529421459
9	23	74.0855524041248
9	24	74.00979425637966
9	25	73.25315695885857
9	26	73.83334263097231
9	27	73.07670533345123
9	28	73.07438066356796
9	29	72.21998028903622
9	30	72.62980703086589
9	31	71.51962686530717
9	32	71.16453303212296
9	33	70.493712638873
9	34	72.32940125997175
9	35	70.35962969961253
9	36	68.88319989648289
9	37	67.8536368823842
9	38	66.06625329895968
9	39	64.53654744488185
9	40	66.27293618572452
9	41	63.56553891158835
9	42	64.41753286148852
9	43	63.970319265988564
9	44	68.63461091662708
9	45	68.67628249759176
9	46	71.05097044762692
9	47	71.8402246120481
9	48	70.90690788502557
9	49	61.816253343134754
9	50	70.47905813532375
9	51	79.25645641739129
9	52	85.87257629854605
9	53	86.83355646324114
9	54	86.77811481235979
9	55	87.75551090897045
9	56	72.90690788502557
9	57	36.968683217182175
9	58	35.256958940319805
9	59	41.54843282747967
9	60	38.334401091482036
9	61	46.862058886154045
9	62	42.69042850943082
9	63	49.80183644933098
9	64	46.16728008025373
9	65	52.97307532196184
9	66	49.35092126670688
9	67	57.01709751434786
9	68	53.34967335016942
9	69	60.1506857240936
9	70	56.04581057373885
9	71	62.94784991912726
9	72	59.74628780041083
9	73	60.12565080500773
9	74	59.03422790220486
9	75	58.10080513187608
9	76	51.34965090064841
9	77	47.95406553137849
9	78	49.140503819122
9	79	46.271270472041294
9	80	44.201853938892505
9	81	41.0970189996405
9	82	37.60633409468049
9	83	33.918516311763334
9	84	37.1186379440232
9	85	30.858915593792453
9	86	27.314906564458585
9	87	34.20081337929409
9	88	30.4431545336829
9	89	46.415577675170695
9	90	52.342984363564504
9	91	56.03657681458548
9	92	32.21557767517069
9	93	55.7682580752553
9	94	19.38964537246456
9	95	17.98607848770274
9	96	24.205077113800943
9	97	21.834423195575006
9	98	30.04554909166761
9	99	27.293731510504198
9	100	23.133513420202245
9	101	24.764906564458585
9	102	24.01908085275143
9	103	28.028723348532104
9	104	27.641234908006393
9	105	28.27349032998796
9	106	29.34449163502917
9	107	32.11969811318288
9	108	30.0032265729023
9	109	31.985632568642078
9	110	36.96026474089308
9	111	38.665689252804135
9	112	43.82952304782644
9	113	45.76084383940923
9	114	33.026469864468496
10	0	11.571607018308217
10	1	10.963330765278394
10	2	12.963330765278394
10	3	12.163330765278394
10	4	14.32023401272188
10	5	13.563596715200802
10	6	13.614898310799742
10	7	12.361901902185574
10	8	11.87165255657666
10	9	8.863330765278393
10	10	0.0
10	11	2.163330765278392
10	12	9.386856265727086
10	13	8.443458152521426
10	14	9.277107506777845
10	15	7.9771075067778465
10	16	8.706061790899046
10	17	6.867584159814025
10	18	5.026894977933664
10	19	11.937787271908313
10	20	10.037973614322407
10	21	13.037787271908313
10	22	70.21458008662124
10	23	69.72213719653143
10	24	69.64637904878632
10	25	68.88974175126523
10	26	69.46992742337896
10	27	68.71329012585788
10	28	68.71096545597462
10	29	67.85656508144287
10	30	68.26639182327256
10	31	67.15621165771381
10	32	66.8011178245296
10	33	66.13029743127966
10	34	67.9659860523784
10	35	65.99621449201918
10	36	64.51978468888953
10	37	63.490221674790845
10	38	61.70283809136634
10	39	60.1731322372885
10	40	61.90952097813118
10	41	59.202123703995
10	42	60.05411765389517
10	43	59.606904058395216
10	44	64.27119570903373
10	45	64.31286728999842
10	46	66.68755524003357
10	47	67.47680940445474
10	48	66.54349267743223
10	49	57.452838135541406
10	50	66.11564292773042
10	51	74.89304120979796
10	52	81.50916109095269
10	53	82.4701412556478
10	54	82.41469960476644
10	55	83.39209570137709
10	56	68.54349267743223
10	57	32.605268009588826
10	58	30.893543732726457
10	59	37.185017619886324
10	60	33.97098588388869
10	61	42.4986436785607
10	62	38.32701330183747
10	63	45.43842124173763
10	64	41.803864872660384
10	65	48.609660114368495
10	66	44.98750605911353
10	67	52.65368230675451
10	68	48.98625814257607
10	69	55.78727051650025
10	70	51.6823953661455
10	71	58.58443471153391
10	72	55.382872592817485
10	73	55.76223559741438
10	74	54.67081269461151
10	75	53.73738992428273
10	76	46.986235693055065
10	77	43.59065032378514
10	78	44.777088611528654
10	79	41.907855264447946
10	80	39.838438731299156
10	81	36.73360379204715
10	82	33.24291888708714
10	83	29.555101104169985
10	84	32.75522273642985
10	85	26.495500386199105
10	86	22.951491356865237
10	87	29.83739817170074
10	88	26.079739326089552
10	89	42.05216246757735
10	90	47.979569155971156
10	91	51.67316160699213
10	92	27.852162467577347
10	93	51.40484286766195
10	94	15.02623016487121
10	95	13.622663280109391
10	96	19.841661906207595
10	97	17.471007987981658
10	98	25.68213388407426
10	99	22.93031630291085
10	100	18.770098212608897
10	101	20.401491356865236
10	102	19.65566564515808
10	103	23.665308140938755
10	104	23.277819700413044
10	105	23.910075122394613
10	106	24.98107642743582
10	107	27.756282905589533
10	108	25.63981136530895
10	109	27.62221736104873
10	110	32.59684953329973
10	111	34.302274045210794
10	112	39.46610784023309
10	113	41.397428631815885
10	114	28.663054656875143
11	0	9.408276253029825
11	1	8.800000000000002
11	2	10.800000000000002
11	3	10.000000000000002
11	4	12.156903247443488
11	5	11.40026594992241
11	6	11.45156754552135
11	7	10.198571136907182
11	8	9.708321791298268
11	9	6.700000000000001
11	10	2.163330765278392
11	11	0.0
11	12	7.2235255004486945
11	13	6.280127387243033
11	14	7.1137767414994535
11	15	5.813776741499455
11	16	6.542731025620654
11	17	4.704253394535633
11	18	2.8635642126552723
11	19	9.774456506629921
11	20	7.874642849044015
11	21	10.87445650662992
11	22	68.05124932134285
11	23	67.55880643125305
11	24	67.48304828350791
11	25	66.72641098598683
11	26	67.30659665810057
11	27	66.54995936057949
11	28	66.54763469069621
11	29	65.69323431616448
11	30	66.10306105799415
11	31	64.99288089243542
11	32	64.63778705925121
11	33	63.96696666600126
11	34	65.80265528710001
11	35	63.83288372674078
11	36	62.35645392361114
11	37	61.32689090951245
11	38	59.53950732608794
11	39	58.0098014720101
11	40	59.74619021285278
11	41	57.038792938716604
11	42	57.89078688861677
11	43	57.44357329311682
11	44	62.10786494375534
11	45	62.14953652472002
11	46	64.52422447475519
11	47	65.31347863917635
11	48	64.38016191215382
11	49	55.28950737026301
11	50	63.95231216245202
11	51	72.72971044451955
11	52	79.3458303256743
11	53	80.3068104903694
11	54	80.25136883948804
11	55	81.2287649360987
11	56	66.38016191215382
11	57	30.44193724431043
11	58	28.73021296744806
11	59	35.02168685460793
11	60	31.807655118610292
11	61	40.3353129132823
11	62	36.16368253655907
11	63	43.27509047645924
11	64	39.640534107381995
11	65	46.4463293490901
11	66	42.82417529383513
11	67	50.490351541476116
11	68	46.822927377297674
11	69	53.623939751221855
11	70	49.519064600867104
11	71	56.42110394625551
11	72	53.21954182753909
11	73	53.598904832135986
11	74	52.50748192933312
11	75	51.574059159004335
11	76	44.82290492777666
11	77	41.42731955850674
11	78	42.613757846250266
11	79	39.74452449916954
11	80	37.67510796602076
11	81	34.57027302676876
11	82	31.079588121808747
11	83	27.39177033889159
11	84	30.591891971151455
11	85	24.33216962092071
11	86	20.78816059158684
11	87	27.674067406422346
11	88	23.916408560811156
11	89	39.88883170229896
11	90	45.81623839069276
11	91	49.509830841713736
11	92	25.688831702298952
11	93	49.24151210238355
11	94	12.862899399592818
11	95	11.459332514830999
11	96	17.678331140929203
11	97	15.307677222703266
11	98	23.518803118795866
11	99	20.766985537632458
11	100	16.606767447330505
11	101	18.23816059158684
11	102	17.492334879879685
11	103	21.50197737566036
11	104	21.11448893513465
11	105	21.746744357116217
11	106	22.817745662157424
11	107	25.592952140311137
11	108	23.476480600030555
11	109	25.458886595770334
11	110	30.433518768021333
11	111	32.1389432799324
11	112	37.3027770749547
11	113	39.23409786653749
11	114	26.499723891596748
12	0	9.431812772882857
12	1	8.823536519853032
12	2	10.823536519853032
12	3	10.023536519853032
12	4	12.18043976729652
12	5	11.423802469775442
12	6	11.475104065374378
12	7	10.222107656760212
12	8	9.7318583111513
12	9	6.723536519853032
12	10	9.386856265727086
12	11	7.2235255004486945
12	12	0.0
12	13	0.943398113205661
12	14	3.5850388997055336
12	15	2.285038899705534
12	16	6.39435411792837
12	17	4.555876486843349
12	18	6.489567962750481
12	19	7.250536925694252
12	20	12.538655764504316
12	21	8.350536925694252
12	22	72.71526223680314
12	23	72.22281934671335
12	24	72.14706119896823
12	25	71.39042390144714
12	26	71.97060957356086
12	27	71.21397227603978
12	28	71.21164760615653
12	29	70.35724723162477
12	30	70.76707397345446
12	31	69.65689380789573
12	32	69.30179997471151
12	33	68.63097958146156
12	34	70.4666682025603
12	35	68.49689664220108
12	36	67.02046683907145
12	37	65.99090382497275
12	38	64.20352024154825
12	39	62.67381438747041
12	40	64.41020312831309
12	41	61.70280585417691
12	42	62.55479980407708
12	43	62.107586208577125
12	44	66.77187785921564
12	45	66.81354944018032
12	46	69.18823739021548
12	47	69.97749155463666
12	48	69.04417482761414
12	49	59.953520285723314
12	50	68.61632507791232
12	51	77.39372335997986
12	52	84.0098432411346
12	53	84.9708234058297
12	54	84.91538175494836
12	55	85.892777851559
12	56	71.04417482761414
12	57	35.105950159770735
12	58	33.394225882908366
12	59	39.68569977006823
12	60	36.471668034070596
12	61	44.999325828742606
12	62	40.82769545201938
12	63	47.939103391919545
12	64	44.3045470228423
12	65	51.110342264550404
12	66	47.48818820929544
12	67	55.15436445693642
12	68	51.48694029275798
12	69	58.28795266668216
12	70	54.18307751632741
12	71	61.08511686171582
12	72	57.883554742999394
12	73	58.26291774759629
12	74	57.17149484479342
12	75	56.23807207446464
12	76	49.48691784323697
12	77	46.09133247396704
12	78	47.27777076171057
12	79	44.40853741462985
12	80	42.339120881481065
12	81	39.234285942229064
12	82	35.74360103726905
12	83	32.055783254351894
12	84	35.25590488661176
12	85	28.996182536381014
12	86	25.452173507047146
12	87	32.33808032188265
12	88	28.58042147627146
12	89	44.55284461775926
12	90	50.480251306153065
12	91	54.17384375717404
12	92	30.352844617759256
12	93	53.90552501784386
12	94	17.52691231505312
12	95	16.1233454302913
12	96	22.342344056389503
12	97	19.971690138163567
12	98	28.18281603425617
12	99	25.43099845309276
12	100	21.270780362790806
12	101	22.902173507047145
12	102	22.15634779533999
12	103	26.165990291120664
12	104	25.778501850594953
12	105	26.41075727257652
12	106	27.48175857761773
12	107	30.256965055771442
12	108	28.14049351549086
12	109	30.12289951123064
12	110	35.09753168348164
12	111	36.8029561953927
12	112	41.966789990415
12	113	43.898110781997794
12	114	31.163736807057052
13	0	8.488414659677195
13	1	7.880138406647372
13	2	9.880138406647372
13	3	9.080138406647372
13	4	11.23704165409086
13	5	10.480404356569782
13	6	10.531705952168718
13	7	9.278709543554552
13	8	8.788460197945637
13	9	5.780138406647371
13	10	8.443458152521426
13	11	6.280127387243033
13	12	0.943398113205661
13	13	0.0
13	14	2.6416407864998726
13	15	1.3416407864998732
13	16	5.450956004722709
13	17	3.612478373637688
13	18	5.54616984954482
13	19	6.307138812488591
13	20	11.595257651298656
13	21	7.407138812488591
13	22	71.77186412359748
13	23	71.27942123350769
13	24	71.20366308576257
13	25	70.44702578824148
13	26	71.0272114603552
13	27	70.27057416283412
13	28	70.26824949295087
13	29	69.41384911841911
13	30	69.8236758602488
13	31	68.71349569469007
13	32	68.35840186150585
13	33	67.6875814682559
13	34	69.52327008935464
13	35	67.55349852899542
13	36	66.07706872586579
13	37	65.04750571176709
13	38	63.26012212834259
13	39	61.73041627426475
13	40	63.466805015107425
13	41	60.75940774097125
13	42	61.61140169087142
13	43	61.164188095371465
13	44	65.82847974600998
13	45	65.87015132697466
13	46	68.24483927700982
13	47	69.034093441431
13	48	68.10077671440848
13	49	59.010122172517654
13	50	67.67292696470666
13	51	76.4503252467742
13	52	83.06644512792894
13	53	84.02742529262405
13	54	83.9719836417427
13	55	84.94937973835334
13	56	70.10077671440848
13	57	34.162552046565075
13	58	32.450827769702705
13	59	38.74230165686257
13	60	35.528269920864936
13	61	44.055927715536946
13	62	39.88429733881372
13	63	46.995705278713885
13	64	43.36114890963664
13	65	50.166944151344744
13	66	46.54479009608978
13	67	54.21096634373076
13	68	50.54354217955232
13	69	57.3445545534765
13	70	53.23967940312175
13	71	60.14171874851016
13	72	56.940156629793734
13	73	57.31951963439063
13	74	56.22809673158776
13	75	55.29467396125898
13	76	48.543519730031306
13	77	45.14793436076138
13	78	46.33437264850491
13	79	43.46513930142419
13	80	41.395722768275405
13	81	38.290887829023404
13	82	34.80020292406339
13	83	31.112385141146234
13	84	34.3125067734061
13	85	28.052784423175353
13	86	24.508775393841486
13	87	31.39468220867699
13	88	27.6370233630658
13	89	43.6094465045536
13	90	49.536853192947405
13	91	53.23044564396838
13	92	29.409446504553596
13	93	52.9621269046382
13	94	16.583514201847457
13	95	15.17994731708564
13	96	21.398945943183843
13	97	19.028292024957906
13	98	27.23941792105051
13	99	24.4876003398871
13	100	20.327382249585146
13	101	21.958775393841485
13	102	21.21294968213433
13	103	25.222592177915004
13	104	24.835103737389293
13	105	25.46735915937086
13	106	26.53836046441207
13	107	29.31356694256578
13	108	27.1970954022852
13	109	29.17950139802498
13	110	34.15413357027598
13	111	35.85955808218704
13	112	41.02339187720934
13	113	42.95471266879213
13	114	30.220338693851392
14	0	8.450122715932386
14	1	7.841846462902563
14	2	9.841846462902563
14	3	9.041846462902562
14	4	11.198749710346048
14	5	10.44211241282497
14	6	10.49341400842391
14	7	9.240417599809742
14	8	8.750168254200828
14	9	5.741846462902561
14	10	9.277107506777845
14	11	7.1137767414994535
14	12	3.5850388997055336
14	13	2.6416407864998726
14	14	0.0
14	15	1.2999999999999994
14	16	7.433823950067926
14	17	5.595346318982905
14	18	7.027128425310542
14	19	6.616013544000804
14	20	13.282069938036583
14	21	7.716013544000804
14	22	73.45867641033541
14	23	72.96623352024562
14	24	72.89047537250049
14	25	72.1338380749794
14	26	72.71402374709314
14	27	71.95738644957206
14	28	71.95506177968879
14	29	71.10066140515704
14	30	71.51048814698672
14	31	70.400307981428
14	32	70.04521414824379
14	33	69.37439375499383
14	34	71.21008237609257
14	35	69.24031081573335
14	36	67.76388101260372
14	37	66.73431799850502
14	38	64.9469344150805
14	39	63.41722856100267
14	40	65.15361730184534
14	41	62.446220027709174
14	42	63.29821397760934
14	43	62.85100038210939
14	44	67.51529203274791
14	45	67.55696361371258
14	46	69.93165156374775
14	47	70.72090572816893
14	48	69.7875890011464
14	49	60.69693445925558
14	50	69.35973925144458
14	51	78.13713753351212
14	52	84.75325741466688
14	53	85.71423757936196
14	54	85.65879592848061
14	55	86.63619202509128
14	56	71.7875890011464
14	57	35.849364333303
14	58	34.13764005644063
14	59	40.4291139436005
14	60	37.21508220760286
14	61	45.74274000227487
14	62	41.57110962555164
14	63	48.6825175654518
14	64	45.04796119637456
14	65	51.85375643808267
14	66	48.2316023828277
14	67	55.897778630468686
14	68	52.230354466290244
14	69	59.031366840214424
14	70	54.926491689859674
14	71	61.82853103524808
14	72	58.62696891653166
14	73	59.006331921128556
14	74	57.91490901832569
14	75	56.981486247996905
14	76	50.23033201676924
14	77	46.834746647499315
14	78	48.02118493524283
14	79	45.15195158816212
14	80	43.08253505501333
14	81	39.97770011576132
14	82	36.48701521080132
14	83	32.79919742788416
14	84	35.999319060144025
14	85	29.73959670991328
14	86	26.19558768057941
14	87	33.081494495414915
14	88	29.323835649803726
14	89	45.29625879129152
14	90	51.22366547968533
14	91	54.917257930706306
14	92	31.096258791291522
14	93	54.64893919137612
14	94	18.270326488585386
14	95	16.866759603823567
