VERTICES = 115
;

DISTANCE_MATRIX = 
0	0	0
0	1	6.082762530298219
0	2	26.08276253029822
0	3	18.08276253029822
0	4	39.653942753400685
0	5	32.08756977818991
0	6	48.762353479802556
0	7	36.23238939366089
0	8	19.12116734070352
0	9	27.08276253029822
0	10	115.71607018308217
0	11	94.08276253029823
0	12	94.31812772882853
0	13	84.88414659677193
0	14	84.50122715932383
0	15	71.50122715932383
0	16	125.67975736177036
0	17	107.29498105092011
0	18	110.25126618402521
0	19	63.31810439428509
0	20	171.09665074945576
0	21	74.31810439428509
0	22	772.8627154724442
0	23	767.9382865715461
0	24	767.1807050940948
0	25	759.614332118884
0	26	765.4161888400213
0	27	757.8498158648106
0	28	757.8265691659778
0	29	749.2825654206604
0	30	753.3808328389572
0	31	742.2790311833699
0	32	738.7280928515277
0	33	732.0198889190283
0	34	750.3767751300156
0	35	730.6790595264234
0	36	715.9147614951271
0	37	705.6191313541401
0	38	687.7452955198951
0	39	672.4482369791167
0	40	689.8121243875435
0	41	662.7381516461817
0	42	671.2580911451835
0	43	666.7859551901838
0	44	713.4288716965689
0	45	713.8455875062158
0	46	737.5924670065674
0	47	745.4850086507792
0	48	736.1518413805538
0	49	645.2452959616458
0	50	731.8733438835358
0	51	819.6473267042112
0	52	885.8085255157587
0	53	895.4183271627096
0	54	894.8639106538961
0	55	904.6378716200024
0	56	756.1518413805538
0	57	396.76959470211995
0	58	379.6523519334962
0	59	442.56709080509495
0	60	410.42677344511856
0	61	495.7033513918387
0	62	453.98704762460636
0	63	525.1011270236081
0	64	488.75556333283555
0	65	556.8135157499166
0	66	520.591975197367
0	67	597.253737673777
0	68	560.5794960319924
0	69	628.5896197712343
0	70	587.5408682676867
0	71	656.5612617215709
0	72	624.5456405344066
0	73	628.3392705803756
0	74	617.4250415523468
0	75	608.0908138490589
0	76	540.5792715367824
0	77	506.62341784408306
0	78	518.4878007215183
0	79	489.7954672507111
0	80	469.10130191922326
0	81	438.0529525267032
0	82	403.1461034771031
0	83	366.2679256479315
0	84	398.2691419705302
0	85	335.67191846822277
0	86	300.2318281748841
0	87	369.090896323239
0	88	331.5143078671272
0	89	491.23853928200515
0	90	550.5126061659432
0	91	587.448530676153
0	92	349.23853928200515
0	93	584.7653432828512
0	94	220.97921625494382
0	95	206.9435474073256
0	96	269.1335336683077
0	97	245.42699448604827
0	98	327.5382534469743
0	99	300.0200776353403
0	100	258.4178967323207
0	101	274.7318281748841
0	102	267.2735710578125
0	103	307.3699960156192
0	104	303.4951116103622
0	105	309.8176658301778
0	106	320.52767888058986
0	107	348.27974366212703
0	108	327.1150282593212
0	109	346.939088216719
0	110	396.685409939229
0	111	413.7396550583396
0	112	465.3779930085626
0	113	484.69120092439056
0	114	357.34746117498315
1	0	6.082762530298219
1	1	0
1	2	20.0
1	3	12.0
1	4	33.571180223102466
1	5	26.004807247891687
1	6	42.67959094950434
1	7	30.14962686336267
1	8	13.038404810405298
1	9	21.0
1	10	109.63330765278394
1	11	88.0
1	12	88.2353651985303
1	13	78.8013840664737
1	14	78.41846462902562
1	15	65.41846462902562
1	16	119.59699483147213
1	17	101.2122185206219
1	18	104.16850365372699
1	19	57.235341863986875
1	20	165.01388821915754
1	21	68.23534186398687
1	22	766.7799529421459
1	23	761.8555240412479
1	24	761.0979425637966
1	25	753.5315695885857
1	26	759.333426309723
1	27	751.7670533345122
1	28	751.7438066356797
1	29	743.1998028903621
1	30	747.2980703086589
1	31	736.1962686530717
1	32	732.6453303212294
1	33	725.93712638873
1	34	744.2940125997175
1	35	724.5962969961251
1	36	709.8319989648288
1	37	699.5363688238418
1	38	681.6625329895968
1	39	666.3654744488184
1	40	683.7293618572452
1	41	656.6553891158835
1	42	665.1753286148851
1	43	660.7031926598855
1	44	707.3461091662707
1	45	707.7628249759175
1	46	731.5097044762691
1	47	739.4022461204809
1	48	730.0690788502557
1	49	639.1625334313476
1	50	725.7905813532375
1	51	813.5645641739129
1	52	879.7257629854604
1	53	889.3355646324113
1	54	888.7811481235979
1	55	898.5551090897042
1	56	750.0690788502557
1	57	390.68683217182166
1	58	373.56958940319794
1	59	436.48432827479667
1	60	404.3440109148203
1	61	489.6205888615404
1	62	447.9042850943081
1	63	519.0183644933097
1	64	482.67280080253727
1	65	550.7307532196184
1	66	514.5092126670686
1	67	591.1709751434787
1	68	554.4967335016942
1	69	622.506857240936
1	70	581.4581057373885
1	71	650.4784991912725
1	72	618.4628780041082
1	73	622.2565080500773
1	74	611.3422790220486
1	75	602.0080513187606
1	76	534.4965090064841
1	77	500.5406553137848
1	78	512.40503819122
1	79	483.71270472041283
1	80	463.018539388925
1	81	431.97018999640494
1	82	397.06334094680483
1	83	360.18516311763324
1	84	392.1863794402319
1	85	329.5891559379245
1	86	294.1490656445858
1	87	363.0081337929407
1	88	325.4315453368289
1	89	485.15577675170687
1	90	544.429843635645
1	91	581.3657681458548
1	92	343.15577675170687
1	93	578.6825807525529
1	94	214.8964537246456
1	95	200.86078487702738
1	96	263.05077113800945
1	97	239.34423195575005
1	98	321.455490916676
1	99	293.937315105042
1	100	252.33513420202246
1	101	268.6490656445858
1	102	261.19080852751426
1	103	301.28723348532094
1	104	297.4123490800639
1	105	303.73490329987953
1	106	314.44491635029163
1	107	342.1969811318288
1	108	321.032265729023
1	109	340.8563256864207
1	110	390.6026474089307
1	111	407.65689252804134
1	112	459.2952304782644
1	113	478.60843839409233
1	114	351.2646986446849
2	0	26.08276253029822
2	1	20.0
2	2	0
2	3	8.0
2	4	29.57529870133268
2	5	22.008925726121902
2	6	54.07098374863851
2	7	41.54101966249684
2	8	20.083045973594572
2	9	41.0
2	10	129.63330765278394
2	11	108.0
2	12	108.2353651985303
2	13	98.8013840664737
2	14	98.41846462902562
2	15	85.41846462902562
2	16	139.59699483147213
2	17	121.2122185206219
2	18	124.16850365372699
2	19	77.23534186398687
2	20	185.01388821915754
2	21	88.23534186398687
2	22	786.7799529421459
2	23	781.8555240412479
2	24	781.0979425637966
2	25	773.5315695885857
2	26	779.333426309723
2	27	771.7670533345122
2	28	771.7438066356797
2	29	763.1998028903621
2	30	767.2980703086589
2	31	756.1962686530717
2	32	752.6453303212294
2	33	745.93712638873
2	34	764.2940125997175
2	35	744.5962969961251
2	36	729.8319989648288
2	37	719.5363688238418
2	38	701.6625329895968
2	39	686.3654744488184
2	40	703.7293618572452
2	41	676.6553891158835
2	42	685.1753286148851
2	43	680.7031926598855
2	44	727.3461091662707
2	45	727.7628249759175
2	46	751.5097044762691
2	47	759.4022461204809
2	48	750.0690788502557
2	49	659.1625334313476
2	50	745.7905813532375
2	51	833.5645641739129
2	52	899.7257629854604
2	53	909.3355646324113
2	54	908.7811481235979
2	55	918.5551090897042
2	56	770.0690788502557
2	57	410.68683217182166
2	58	393.56958940319794
2	59	456.48432827479667
2	60	424.3440109148203
2	61	509.6205888615404
2	62	467.9042850943081
2	63	539.0183644933097
2	64	502.67280080253727
2	65	570.7307532196184
2	66	534.5092126670686
2	67	611.1709751434787
2	68	574.4967335016942
2	69	642.506857240936
2	70	601.4581057373885
2	71	670.4784991912725
2	72	638.4628780041082
2	73	642.2565080500773
2	74	631.3422790220486
2	75	622.0080513187606
2	76	554.4965090064841
2	77	520.5406553137848
2	78	532.40503819122
2	79	503.71270472041283
2	80	483.018539388925
2	81	451.97018999640494
2	82	417.06334094680483
2	83	380.18516311763324
2	84	412.1863794402319
2	85	349.5891559379245
2	86	314.1490656445858
2	87	383.0081337929407
2	88	345.4315453368289
2	89	505.15577675170687
2	90	564.429843635645
2	91	601.3657681458548
2	92	363.15577675170687
2	93	598.6825807525529
2	94	234.8964537246456
2	95	220.86078487702738
2	96	283.05077113800945
2	97	259.34423195575005
2	98	341.455490916676
2	99	313.937315105042
2	100	272.33513420202246
2	101	288.6490656445858
2	102	281.19080852751426
2	103	321.28723348532094
2	104	317.4123490800639
2	105	323.73490329987953
2	106	334.44491635029163
2	107	362.1969811318288
2	108	341.032265729023
2	109	360.8563256864207
2	110	410.6026474089307
2	111	427.65689252804134
2	112	479.2952304782644
2	113	498.60843839409233
2	114	371.2646986446849
3	0	18.08276253029822
3	1	12.0
3	2	8.0
3	3	0
3	4	21.575298701332677
3	5	14.0089257261219
3	6	46.07098374863851
3	7	33.54101966249684
3	8	12.083045973594572
3	9	33.0
3	10	121.63330765278394
3	11	100.0
3	12	100.2353651985303
3	13	90.8013840664737
3	14	90.41846462902562
3	15	77.41846462902562
3	16	131.59699483147213
3	17	113.2122185206219
3	18	116.16850365372699
3	19	69.23534186398687
3	20	177.01388821915754
3	21	80.23534186398687
3	22	778.7799529421459
3	23	773.8555240412479
3	24	773.0979425637966
3	25	765.5315695885857
3	26	771.333426309723
3	27	763.7670533345122
3	28	763.7438066356797
3	29	755.1998028903621
3	30	759.2980703086589
3	31	748.1962686530717
3	32	744.6453303212294
3	33	737.93712638873
3	34	756.2940125997175
3	35	736.5962969961251
3	36	721.8319989648288
3	37	711.5363688238418
3	38	693.6625329895968
3	39	678.3654744488184
3	40	695.7293618572452
3	41	668.6553891158835
3	42	677.1753286148851
3	43	672.7031926598855
3	44	719.3461091662707
3	45	719.7628249759175
3	46	743.5097044762691
3	47	751.4022461204809
3	48	742.0690788502557
3	49	651.1625334313476
3	50	737.7905813532375
3	51	825.5645641739129
3	52	891.7257629854604
3	53	901.3355646324113
3	54	900.7811481235979
3	55	910.5551090897042
3	56	762.0690788502557
3	57	402.68683217182166
3	58	385.56958940319794
3	59	448.48432827479667
3	60	416.3440109148203
3	61	501.6205888615404
3	62	459.9042850943081
3	63	531.0183644933097
3	64	494.67280080253727
3	65	562.7307532196184
3	66	526.5092126670686
3	67	603.1709751434787
3	68	566.4967335016942
3	69	634.506857240936
3	70	593.4581057373885
3	71	662.4784991912725
3	72	630.4628780041082
3	73	634.2565080500773
3	74	623.3422790220486
3	75	614.0080513187606
3	76	546.4965090064841
3	77	512.5406553137848
3	78	524.40503819122
3	79	495.71270472041283
3	80	475.018539388925
3	81	443.97018999640494
3	82	409.06334094680483
3	83	372.18516311763324
3	84	404.1863794402319
3	85	341.5891559379245
3	86	306.1490656445858
3	87	375.0081337929407
3	88	337.4315453368289
3	89	497.15577675170687
3	90	556.429843635645
3	91	593.3657681458548
3	92	355.15577675170687
3	93	590.6825807525529
3	94	226.8964537246456
3	95	212.86078487702738
3	96	275.05077113800945
3	97	251.34423195575005
3	98	333.455490916676
3	99	305.937315105042
3	100	264.33513420202246
3	101	280.6490656445858
3	102	273.19080852751426
3	103	313.28723348532094
3	104	309.4123490800639
3	105	315.73490329987953
3	106	326.44491635029163
3	107	354.1969811318288
3	108	333.032265729023
3	109	352.8563256864207
3	110	402.6026474089307
3	111	419.65689252804134
3	112	471.2952304782644
3	113	490.60843839409233
3	114	363.2646986446849
4	0	39.653942753400685
4	1	33.571180223102466
4	2	29.57529870133268
4	3	21.575298701332677
4	4	0
4	5	7.566372975210778
4	6	62.18255808439037
4	7	49.652593998248705
4	8	29.77560528972359
4	9	54.569032474434856
4	10	143.2023401272188
4	11	121.56903247443486
4	12	121.80439767296517
4	13	112.37041654090856
4	14	111.98749710346047
4	15	98.98749710346047
4	16	153.166027305907
4	17	134.78125099505675
4	18	137.73753612816185
4	19	90.80437433842172
4	20	198.5829206935924
4	21	101.80437433842172
4	22	800.3489854165807
4	23	795.4245565156828
4	24	794.6669750382314
4	25	787.1006020630207
4	26	792.902458784158
4	27	785.3360858089471
4	28	785.3128391101145
4	29	776.768835364797
4	30	780.8671027830937
4	31	769.7653011275065
4	32	766.2143627956643
4	33	759.506158863165
4	34	777.8630450741523
4	35	758.16532947056
4	36	743.4010314392638
4	37	733.1054012982768
4	38	715.2315654640317
4	39	699.9345069232534
4	40	717.2983943316801
4	41	690.2244215903183
4	42	698.74436108932
4	43	694.2722251343205
4	44	740.9151416407055
4	45	741.3318574503523
4	46	765.0787369507041
4	47	772.9712785949157
4	48	763.6381113246905
4	49	672.7315659057824
4	50	759.3596138276723
4	51	847.1335966483477
4	52	913.2947954598953
4	53	922.9045971068463
4	54	922.3501805980327
4	55	932.1241415641391
4	56	783.6381113246905
4	57	424.25586464625655
4	58	407.1386218776329
4	59	470.05336074923156
4	60	437.91304338925517
4	61	523.1896213359753
4	62	481.47331756874297
4	63	552.5873969677447
4	64	516.2418332769722
4	65	584.2997856940533
4	66	548.0782451415035
4	67	624.7400076179135
4	68	588.0657659761291
4	69	656.075889715371
4	70	615.0271382118233
4	71	684.0475316657074
4	72	652.0319104785432
4	73	655.8255405245122
4	74	644.9113114964834
4	75	635.5770837931955
4	76	568.0655414809189
4	77	534.1096877882196
4	78	545.9740706656548
4	79	517.2817371948477
4	80	496.58757186335987
4	81	465.53922247083983
4	82	430.6323734212397
4	83	393.7541955920682
4	84	425.7554119146668
4	85	363.1581884123594
4	86	327.7180981190207
4	87	396.5771662673757
4	88	359.0005778112638
4	89	518.7248092261418
4	90	577.9988761100799
4	91	614.9348006202897
4	92	376.72480922614176
4	93	612.2516132269877
4	94	248.46548619908046
4	95	234.42981735146225
4	96	296.61980361244434
4	97	272.91326443018494
4	98	355.0245233911109
4	99	327.5063475794769
4	100	285.9041666764573
4	101	302.2180981190207
4	102	294.7598410019491
4	103	334.8562659597559
4	104	330.98138155449874
4	105	337.30393577431437
4	106	348.01394882472647
4	107	375.76601360626364
4	108	354.6012982034578
4	109	374.4253581608555
4	110	424.1716798833655
4	111	441.2259250024762
4	112	492.8642629526992
4	113	512.1774708685272
4	114	384.83373111911976
5	0	32.08756977818991
5	1	26.004807247891687
5	2	22.008925726121902
5	3	14.0089257261219
5	4	7.566372975210778
5	5	0
5	6	54.6161851091796
5	7	42.08622102303793
5	8	22.20923231451281
5	9	47.00265949922408
5	10	135.63596715200802
5	11	114.00265949922408
5	12	114.23802469775438
5	13	104.80404356569778
5	14	104.4211241282497
5	15	91.4211241282497
5	16	145.5996543306962
5	17	127.21487801984598
5	18	130.17116315295107
5	19	83.23800136321096
5	20	191.01654771838162
5	21	94.23800136321096
5	22	792.78261244137
5	23	787.858183540472
5	24	787.1006020630207
5	25	779.5342290878099
5	26	785.3360858089471
5	27	777.7697128337363
5	28	777.7464661349038
5	29	769.2024623895862
5	30	773.300729807883
5	31	762.1989281522958
5	32	758.6479898204535
5	33	751.9397858879541
5	34	770.2966720989416
5	35	750.5989564953493
5	36	735.834658464053
5	37	725.539028323066
5	38	707.6651924888209
5	39	692.3681339480426
5	40	709.7320213564693
5	41	682.6580486151076
5	42	691.1779881141092
5	43	686.7058521591097
5	44	733.3487686654948
5	45	733.7654844751416
5	46	757.5123639754933
5	47	765.404905619705
5	48	756.0717383494798
5	49	665.1651929305717
5	50	751.7932408524616
5	51	839.567223673137
5	52	905.7284224846845
5	53	915.3382241316355
5	54	914.783807622822
5	55	924.5577685889283
5	56	776.0717383494798
5	57	416.6894916710458
5	58	399.5722489024221
5	59	462.4869877740208
5	60	430.3466704140444
5	61	515.6232483607646
5	62	473.9069445935322
5	63	545.0210239925339
5	64	508.6754603017614
5	65	576.7334127188425
5	66	540.5118721662927
5	67	617.1736346427028
5	68	580.4993930009183
5	69	648.5095167401602
5	70	607.4607652366126
5	71	676.4811586904966
5	72	644.4655375033324
5	73	648.2591675493014
5	74	637.3449385212728
5	75	628.0107108179848
5	76	560.4991685057082
5	77	526.5433148130089
5	78	538.4076976904441
5	79	509.71536421963697
5	80	489.0211988881491
5	81	457.9728494956291
5	82	423.06600044602897
5	83	386.1878226168574
5	84	418.18903893945605
5	85	355.5918154371486
5	86	320.1517251438099
5	87	389.01079329216486
5	88	351.434204836053
5	89	511.158436250931
5	90	570.4325031348692
5	91	607.3684276450789
5	92	369.158436250931
5	93	604.685240251777
5	94	240.89911322386968
5	95	226.86344437625146
5	96	289.05343063723353
5	97	265.3468914549741
5	98	347.45815041590015
5	99	319.9399746042661
5	100	278.33779370124654
5	101	294.6517251438099
5	102	287.19346802673834
5	103	327.2898929845451
5	104	323.41500857928804
5	105	329.73756279910367
5	106	340.4475758495157
5	107	368.1996406310529
5	108	347.03492522824706
5	109	366.8589851856448
5	110	416.60530690815483
5	111	433.6595520272655
5	112	485.29788997748847
5	113	504.6110978933164
5	114	377.267358143909
6	0	48.762353479802556
6	1	42.67959094950434
6	2	54.07098374863851
6	3	46.07098374863851
6	4	62.18255808439037
6	5	54.6161851091796
6	6	0
6	7	12.529964086141668
6	8	34.00087463972555
6	9	47.51567545521347
6	10	136.1489831079974
6	11	114.51567545521347
6	12	114.75104065374377
6	13	105.31705952168717
6	14	104.93414008423909
6	15	91.93414008423909
6	16	146.1126702866856
6	17	127.72789397583537
6	18	130.68417910894044
6	19	83.75101731920034
6	20	191.529563674371
6	21	94.75101731920034
6	22	793.2956283973593
6	23	788.3711994964613
6	24	787.61361801901
6	25	780.0472450437992
6	26	785.8491017649364
6	27	778.2827287897258
6	28	778.259482090893
6	29	769.7154783455755
6	30	773.8137457638724
6	31	762.711944108285
6	32	759.1610057764428
6	33	752.4528018439435
6	34	770.8096880549308
6	35	751.1119724513386
6	36	736.3476744200423
6	37	726.0520442790553
6	38	708.1782084448103
6	39	692.8811499040319
6	40	710.2450373124586
6	41	683.1710645710968
6	42	691.6910040700986
6	43	687.218868115099
6	44	733.861784621484
6	45	734.278500431131
6	46	758.0253799314826
6	47	765.9179215756943
6	48	756.584754305469
6	49	665.6782088865609
6	50	752.3062568084509
6	51	840.0802396291264
6	52	906.2414384406738
6	53	915.8512400876248
6	54	915.2968235788113
6	55	925.0707845449176
6	56	776.584754305469
6	57	417.2025076270351
6	58	400.0852648584114
6	59	463.0000037300101
6	60	430.8596863700337
6	61	516.1362643167538
6	62	474.41996054952153
6	63	545.5340399485233
6	64	509.1884762577507
6	65	577.2464286748318
6	66	541.0248881222822
6	67	617.6866505986922
6	68	581.0124089569076
6	69	649.0225326961495
6	70	607.9737811926019
6	71	676.994174646486
6	72	644.9785534593218
6	73	648.7721835052907
6	74	637.857954477262
6	75	628.5237267739741
6	76	561.0121844616975
6	77	527.0563307689982
6	78	538.9207136464335
6	79	510.2283801756263
6	80	489.53421484413843
6	81	458.4858654516184
6	82	423.5790164020183
6	83	386.7008385728467
6	84	418.7020548954454
6	85	356.10483139313794
6	86	320.66474109979924
6	87	389.5238092481542
6	88	351.94722079204234
6	89	511.6714522069203
6	90	570.9455190908584
6	91	607.8814436010682
6	92	369.6714522069203
6	93	605.1982562077663
6	94	241.41212917985905
6	95	227.37646033224084
6	96	289.5664465932229
6	97	265.8599074109635
6	98	347.97116637188947
6	99	320.45299056025544
6	100	278.8508096572359
6	101	295.16474109979924
6	102	287.7064839827277
6	103	327.8029089405344
6	104	323.92802453527736
6	105	330.250578755093
6	106	340.9605918055051
6	107	368.71265658704226
6	108	347.54794118423644
6	109	367.37200114163414
6	110	417.11832286414415
6	111	434.1725679832548
6	112	485.81090593347784
6	113	505.1241138493058
6	114	377.7803740998984
7	0	36.23238939366089
7	1	30.14962686336267
7	2	41.54101966249684
7	3	33.54101966249684
7	4	49.652593998248705
7	5	42.08622102303793
7	6	12.529964086141668
7	7	0
7	8	21.470910553583888
7	9	34.9857113690718
7	10	123.61901902185573
7	11	101.9857113690718
7	12	102.2210765676021
7	13	92.7870954355455
7	14	92.40417599809743
7	15	79.40417599809743
7	16	133.58270620054395
7	17	115.19792988969371
7	18	118.15421502279878
7	19	71.22105323305868
7	20	178.99959958822933
7	21	82.22105323305868
7	22	780.7656643112177
7	23	775.8412354103198
7	24	775.0836539328684
7	25	767.5172809576576
7	26	773.3191376787948
7	27	765.752764703584
7	28	765.7295180047515
7	29	757.185514259434
7	30	761.2837816777308
7	31	750.1819800221435
7	32	746.6310416903012
7	33	739.9228377578019
7	34	758.2797239687893
7	35	738.582008365197
7	36	723.8177103339007
7	37	713.5220801929137
7	38	695.6482443586686
7	39	680.3511858178903
7	40	697.715073226317
7	41	670.6411004849554
7	42	679.1610399839569
7	43	674.6889040289574
7	44	721.3318205353426
7	45	721.7485363449894
7	46	745.495415845341
7	47	753.3879574895527
7	48	744.0547902193275
7	49	653.1482448004194
7	50	739.7762927223093
7	51	827.5502755429848
7	52	893.7114743545322
7	53	903.3212760014832
7	54	902.7668594926697
7	55	912.540820458776
7	56	764.0547902193275
7	57	404.6725435408935
7	58	387.5553007722698
7	59	450.4700396438685
7	60	418.3297222838921
7	61	503.60630023061225
7	62	461.88999646337993
7	63	533.0040758623816
7	64	496.6585121716091
7	65	564.7164645886902
7	66	528.4949240361404
7	67	605.1566865125506
7	68	568.482444870766
7	69	636.4925686100079
7	70	595.4438171064603
7	71	664.4642105603443
7	72	632.4485893731801
7	73	636.2422194191491
7	74	625.3279903911205
7	75	615.9937626878325
7	76	548.4822203755559
7	77	514.5263666828566
7	78	526.3907495602919
7	79	497.6984160894847
7	80	477.00425075799683
7	81	445.9559013654768
7	82	411.0490523158767
7	83	374.1708744867051
7	84	406.17209080930377
7	85	343.57486730699634
7	86	308.13477701365764
7	87	376.9938451620126
7	88	339.41725670590074
7	89	499.1414881207787
7	90	558.4155550047169
7	91	595.3514795149266
7	92	357.1414881207787
7	93	592.6682921216247
7	94	228.8821650937174
7	95	214.84649624609918
7	96	277.03648250708125
7	97	253.32994332482184
7	98	335.44120228574786
7	99	307.92302647411384
7	100	266.32084557109425
7	101	282.63477701365764
7	102	275.17651989658606
7	103	315.2729448543928
7	104	311.39806044913576
7	105	317.7206146689514
7	106	328.43062771936343
7	107	356.1826925009006
7	108	335.0179770980948
7	109	354.84203705549254
7	110	404.58835877800254
7	111	421.6426038971132
7	112	473.2809418473362
7	113	492.5941497631641
7	114	365.2504100137567
8	0	19.12116734070352
8	1	13.038404810405298
8	2	20.083045973594572
8	3	12.083045973594572
8	4	29.77560528972359
8	5	22.20923231451281
8	6	34.00087463972555
8	7	21.470910553583888
8	8	0
8	9	30.083217912982647
8	10	118.71652556576659
8	11	97.08321791298265
8	12	97.31858311151295
8	13	87.88460197945635
8	14	87.50168254200827
8	15	74.50168254200827
8	16	128.6802127444548
8	17	110.29543643360455
8	18	113.25172156670963
8	19	66.31855977696952
8	20	174.0971061321402
8	21	77.31855977696952
8	22	775.8631708551286
8	23	770.9387419542306
8	24	770.1811604767793
8	25	762.6147875015685
8	26	768.4166442227057
8	27	760.8502712474949
8	28	760.8270245486624
8	29	752.2830208033448
8	30	756.3812882216416
8	31	745.2794865660544
8	32	741.7285482342121
8	33	735.0203443017127
8	34	753.3772305127002
8	35	733.6795149091079
8	36	718.9152168778115
8	37	708.6195867368245
8	38	690.7457509025795
8	39	675.4486923618011
8	40	692.8125797702279
8	41	665.7386070288662
8	42	674.2585465278678
8	43	669.7864105728682
8	44	716.4293270792534
8	45	716.8460428889002
8	46	740.5929223892518
8	47	748.4854640334636
8	48	739.1522967632384
8	49	648.2457513443303
8	50	734.8737992662202
8	51	822.6477820868956
8	52	888.8089808984431
8	53	898.418782545394
8	54	897.8643660365806
8	55	907.6383270026869
8	56	759.1522967632384
8	57	399.7700500848044
8	58	382.65280731618066
8	59	445.5675461877794
8	60	413.427228827803
8	61	498.7038067745231
8	62	456.9875030072908
8	63	528.1015824062924
8	64	491.75601871552
8	65	559.8139711326011
8	66	523.5924305800513
8	67	600.2541930564614
8	68	563.5799514146769
8	69	631.5900751539187
8	70	590.5413236503712
8	71	659.5617171042552
8	72	627.546095917091
8	73	631.33972596306
8	74	620.4254969350313
8	75	611.0912692317434
8	76	543.5797269194668
8	77	509.6238732267675
8	78	521.4882561042027
8	79	492.79592263339555
8	80	472.1017573019077
8	81	441.05340790938766
8	82	406.14655885978755
8	83	369.26838103061596
8	84	401.26959735321464
8	85	338.6723738509072
8	86	303.2322835575685
8	87	372.09135170592344
8	88	334.5147632498116
8	89	494.2389946646896
8	90	553.5130615486278
8	91	590.4489860588375
8	92	352.2389946646896
8	93	587.7657986655356
8	94	223.97967163762826
8	95	209.94400279001005
8	96	272.1339890509921
8	97	248.4274498687327
8	98	330.53870882965873
8	99	303.0205330180247
8	100	261.4183521150051
8	101	277.7322835575685
8	102	270.2740264404969
8	103	310.37045139830366
8	104	306.4955669930466
8	105	312.81812121286225
8	106	323.5281342632743
8	107	351.28019904481147
8	108	330.11548364200564
8	109	349.9395435994034
8	110	399.6858653219134
8	111	416.74011044102406
8	112	468.37844839124705
8	113	487.691656307075
8	114	360.3479165576676
9	0	27.08276253029822
9	1	21.0
9	2	41.0
9	3	33.0
9	4	54.569032474434856
9	5	47.00265949922408
9	6	47.51567545521347
9	7	34.9857113690718
9	8	30.083217912982647
9	9	0
9	10	88.63330765278394
9	11	67.0
9	12	67.2353651985303
9	13	57.8013840664737
9	14	57.41846462902562
9	15	44.41846462902562
9	16	98.59699483147213
9	17	80.2122185206219
9	18	83.16850365372699
9	19	36.235341863986875
9	20	144.01388821915754
9	21	47.235341863986875
9	22	745.7799529421459
9	23	740.8555240412479
9	24	740.0979425637966
9	25	732.5315695885857
9	26	738.333426309723
9	27	730.7670533345123
9	28	730.7438066356797
9	29	722.1998028903621
9	30	726.2980703086589
9	31	715.1962686530717
9	32	711.6453303212294
9	33	704.93712638873
9	34	723.2940125997175
9	35	703.5962969961251
9	36	688.8319989648288
9	37	678.5363688238418
9	38	660.6625329895968
9	39	645.3654744488184
9	40	662.7293618572452
9	41	635.6553891158835
9	42	644.1753286148852
9	43	639.7031926598855
9	44	686.3461091662707
9	45	686.7628249759175
9	46	710.5097044762691
9	47	718.4022461204809
9	48	709.0690788502557
9	49	618.1625334313476
9	50	704.7905813532375
9	51	792.5645641739129
9	52	858.7257629854604
9	53	868.3355646324113
9	54	867.7811481235979
9	55	877.5551090897042
9	56	729.0690788502557
9	57	369.6868321718217
9	58	352.569589403198
9	59	415.48432827479667
9	60	383.3440109148203
9	61	468.62058886154045
9	62	426.9042850943081
9	63	498.01836449330983
9	64	461.6728008025373
9	65	529.7307532196184
9	66	493.5092126670687
9	67	570.1709751434787
9	68	533.4967335016942
9	69	601.506857240936
9	70	560.4581057373885
9	71	629.4784991912726
9	72	597.4628780041083
9	73	601.2565080500773
9	74	590.3422790220486
9	75	581.0080513187606
9	76	513.4965090064841
9	77	479.5406553137848
9	78	491.40503819122
9	79	462.71270472041283
9	80	442.018539388925
9	81	410.970189996405
9	82	376.06334094680483
9	83	339.1851631176333
9	84	371.1863794402319
9	85	308.5891559379245
9	86	273.1490656445858
9	87	342.0081337929408
9	88	304.4315453368289
9	89	464.15577675170687
9	90	523.429843635645
9	91	560.3657681458548
9	92	322.15577675170687
9	93	557.6825807525529
9	94	193.8964537246456
9	95	179.86078487702738
9	96	242.05077113800945
9	97	218.34423195575005
9	98	300.455490916676
9	99	272.937315105042
9	100	231.33513420202246
9	101	247.64906564458582
9	102	240.19080852751426
9	103	280.287233485321
9	104	276.4123490800639
9	105	282.73490329987953
9	106	293.44491635029163
9	107	321.1969811318288
9	108	300.032265729023
9	109	319.8563256864207
9	110	369.6026474089307
9	111	386.65689252804134
9	112	438.2952304782644
9	113	457.60843839409233
9	114	330.2646986446849
10	0	115.71607018308217
10	1	109.63330765278394
10	2	129.63330765278394
10	3	121.63330765278394
10	4	143.2023401272188
10	5	135.63596715200802
10	6	136.1489831079974
10	7	123.61901902185573
10	8	118.71652556576659
10	9	88.63330765278394
10	10	0
10	11	21.633307652783937
10	12	93.86856265727087
10	13	84.43458152521427
10	14	92.77107506777847
10	15	79.77107506777847
10	16	87.06061790899048
10	17	68.67584159814024
10	18	50.268949779336644
10	19	119.37787271908316
10	20	100.37973614322406
10	21	130.37787271908314
10	22	702.1458008662124
10	23	697.2213719653143
10	24	696.4637904878631
10	25	688.8974175126523
10	26	694.6992742337895
10	27	687.1329012585788
10	28	687.1096545597461
10	29	678.5656508144286
10	30	682.6639182327255
10	31	671.5621165771381
10	32	668.0111782452959
10	33	661.3029743127966
10	34	679.6598605237839
10	35	659.9621449201917
10	36	645.1978468888954
10	37	634.9022167479084
10	38	617.0283809136633
10	39	601.731322372885
10	40	619.0952097813117
10	41	592.0212370399499
10	42	600.5411765389517
10	43	596.0690405839521
10	44	642.7119570903371
10	45	643.128672899984
10	46	666.8755524003357
10	47	674.7680940445474
10	48	665.4349267743221
10	49	574.528381355414
10	50	661.156429277304
10	51	748.9304120979795
10	52	815.0916109095269
10	53	824.7014125564779
10	54	824.1469960476644
10	55	833.9209570137707
10	56	685.4349267743221
10	57	326.0526800958882
10	58	308.9354373272645
10	59	371.8501761988632
10	60	339.7098588388868
10	61	424.98643678560694
10	62	383.2701330183746
10	63	454.3842124173763
10	64	418.0386487266038
10	65	486.0966011436849
10	66	449.8750605911352
10	67	526.5368230675452
10	68	489.8625814257607
10	69	557.8727051650026
10	70	516.823953661455
10	71	585.8443471153391
10	72	553.8287259281749
10	73	557.6223559741438
10	74	546.708126946115
10	75	537.3738992428272
10	76	469.8623569305506
10	77	435.9065032378513
10	78	447.77088611528654
10	79	419.0785526444794
10	80	398.3843873129915
10	81	367.3360379204715
10	82	332.42918887087137
10	83	295.5510110416998
10	84	327.55222736429846
10	85	264.95500386199103
10	86	229.51491356865233
10	87	298.37398171700727
10	88	260.79739326089543
10	89	420.5216246757734
10	90	479.79569155971154
10	91	516.7316160699213
10	92	278.5216246757734
10	93	514.0484286766194
10	94	150.2623016487121
10	95	136.2266328010939
10	96	198.416619062076
10	97	174.7100798798166
10	98	256.82133884074256
10	99	229.30316302910853
10	100	187.70098212608897
10	101	204.01491356865233
10	102	196.5566564515808
10	103	236.6530814093875
10	104	232.77819700413048
10	105	239.1007512239461
10	106	249.8107642743582
10	107	277.56282905589535
10	108	256.3981136530895
10	109	276.2221736104873
10	110	325.9684953329973
10	111	343.0227404521079
10	112	394.66107840233093
10	113	413.9742863181589
10	114	286.63054656875147
11	0	94.08276253029823
11	1	88.0
11	2	108.0
11	3	100.0
11	4	121.56903247443486
11	5	114.00265949922408
11	6	114.51567545521347
11	7	101.9857113690718
11	8	97.08321791298265
11	9	67.0
11	10	21.633307652783937
11	11	0
11	12	72.23525500448693
11	13	62.80127387243033
11	14	71.13776741499453
11	15	58.137767414994535
11	16	65.42731025620654
11	17	47.042533945356304
11	18	28.635642126552707
11	19	97.74456506629922
11	20	78.74642849044012
11	21	108.74456506629922
11	22	680.5124932134286
11	23	675.5880643125305
11	24	674.8304828350792
11	25	667.2641098598683
11	26	673.0659665810056
11	27	665.4995936057949
11	28	665.4763469069622
11	29	656.9323431616447
11	30	661.0306105799416
11	31	649.9288089243543
11	32	646.377870592512
11	33	639.6696666600126
11	34	658.026552871
11	35	638.3288372674078
11	36	623.5645392361114
11	37	613.2689090951244
11	38	595.3950732608794
11	39	580.098014720101
11	40	597.4619021285278
11	41	570.3879293871661
11	42	578.9078688861678
11	43	574.4357329311681
11	44	621.0786494375533
11	45	621.4953652472002
11	46	645.2422447475517
11	47	653.1347863917636
11	48	643.8016191215382
11	49	552.8950737026302
11	50	639.5231216245202
11	51	727.2971044451956
11	52	793.458303256743
11	53	803.0681049036939
11	54	802.5136883948805
11	55	812.2876493609867
11	56	663.8016191215382
11	57	304.4193724431043
11	58	287.3021296744806
11	59	350.2168685460793
11	60	318.0765511861029
11	61	403.353129132823
11	62	361.6368253655907
11	63	432.7509047645924
11	64	396.40534107381995
11	65	464.463293490901
11	66	428.2417529383513
11	67	504.90351541476133
11	68	468.2292737729768
11	69	536.2393975122186
11	70	495.1906460086711
11	71	564.2110394625552
11	72	532.1954182753909
11	73	535.9890483213599
11	74	525.0748192933312
11	75	515.7405915900433
11	76	448.2290492777667
11	77	414.27319558506736
11	78	426.1375784625026
11	79	397.44524499169546
11	80	376.7510796602076
11	81	345.70273026768757
11	82	310.79588121808746
11	83	273.9177033889159
11	84	305.91891971151455
11	85	243.32169620920712
11	86	207.88160591586842
11	87	276.7406740642234
11	88	239.16408560811152
11	89	398.8883170229895
11	90	458.16238390692763
11	91	495.0983084171374
11	92	256.8883170229895
11	93	492.4151210238355
11	94	128.62899399592817
11	95	114.59332514830996
11	96	176.78331140929205
11	97	153.07677222703265
11	98	235.18803118795864
11	99	207.66985537632462
11	100	166.06767447330503
11	101	182.38160591586842
11	102	174.92334879879684
11	103	215.0197737566036
11	104	211.1448893513465
11	105	217.46744357116214
11	106	228.17745662157424
11	107	255.92952140311138
11	108	234.76480600030555
11	109	254.58886595770332
11	110	304.3351876802133
11	111	321.3894327993239
11	112	373.02777074954696
11	113	392.3409786653749
11	114	264.9972389159675
12	0	94.31812772882853
12	1	88.2353651985303
12	2	108.2353651985303
12	3	100.2353651985303
12	4	121.80439767296517
12	5	114.23802469775438
12	6	114.75104065374377
12	7	102.2210765676021
12	8	97.31858311151295
12	9	67.2353651985303
12	10	93.86856265727087
12	11	72.23525500448693
12	12	0
12	13	9.433981132056603
12	14	35.85038899705534
12	15	22.85038899705534
12	16	63.94354117928372
12	17	45.558764868433485
12	18	64.89567962750479
12	19	72.50536925694252
12	20	125.38655764504315
12	21	83.50536925694252
12	22	727.1526223680315
12	23	722.2281934671335
12	24	721.4706119896822
12	25	713.9042390144714
12	26	719.7060957356086
12	27	712.139722760398
12	28	712.1164760615652
12	29	703.5724723162477
12	30	707.6707397345446
12	31	696.5689380789572
12	32	693.017999747115
12	33	686.3097958146157
12	34	704.666682025603
12	35	684.9689664220108
12	36	670.2046683907145
12	37	659.9090382497275
12	38	642.0352024154824
12	39	626.7381438747041
12	40	644.1020312831308
12	41	617.028058541769
12	42	625.5479980407708
12	43	621.0758620857712
12	44	667.7187785921562
12	45	668.1354944018032
12	46	691.8823739021548
12	47	699.7749155463665
12	48	690.4417482761412
12	49	599.5352028572331
12	50	686.1632507791231
12	51	773.9372335997986
12	52	840.098432411346
12	53	849.708234058297
12	54	849.1538175494835
12	55	858.9277785155898
12	56	710.4417482761412
12	57	351.0595015977073
12	58	333.9422588290836
12	59	396.8569977006823
12	60	364.7166803407059
12	61	449.99325828742604
12	62	408.2769545201937
12	63	479.3910339191954
12	64	443.0454702284229
12	65	511.103422645504
12	66	474.8818820929543
12	67	551.5436445693643
12	68	514.8694029275798
12	69	582.8795266668217
12	70	541.8307751632741
12	71	610.8511686171582
12	72	578.835547429994
12	73	582.6291774759629
12	74	571.7149484479341
12	75	562.3807207446463
12	76	494.8691784323697
12	77	460.91332473967043
12	78	472.77770761710565
12	79	444.0853741462985
12	80	423.3912088148106
12	81	392.3428594222906
12	82	357.4360103726905
12	83	320.5578325435189
12	84	352.55904886611756
12	85	289.96182536381014
12	86	254.52173507047144
12	87	323.3808032188264
12	88	285.80421476271454
12	89	445.5284461775925
12	90	504.80251306153065
12	91	541.7384375717404
12	92	303.5284461775925
12	93	539.0552501784385
12	94	175.26912315053121
12	95	161.233454302913
12	96	223.4234405638951
12	97	199.7169013816357
12	98	281.82816034256166
12	99	254.30998453092764
12	100	212.70780362790805
12	101	229.02173507047144
12	102	221.56347795339988
12	103	261.6599029112066
12	104	257.78501850594955
12	105	264.1075727257652
12	106	274.8175857761773
12	107	302.56965055771445
12	108	281.4049351549086
12	109	301.22899511230634
12	110	350.97531683481634
12	111	368.029561953927
12	112	419.66789990415003
12	113	438.981107819978
12	114	311.6373680705706
13	0	84.88414659677193
13	1	78.8013840664737
13	2	98.8013840664737
13	3	90.8013840664737
13	4	112.37041654090856
13	5	104.80404356569778
13	6	105.31705952168717
13	7	92.7870954355455
13	8	87.88460197945635
13	9	57.8013840664737
13	10	84.43458152521427
13	11	62.80127387243033
13	12	9.433981132056603
13	13	0
13	14	26.41640786499874
13	15	13.416407864998739
13	16	54.50956004722712
13	17	36.124783736376884
13	18	55.46169849544819
13	19	63.071388124885914
13	20	115.95257651298655
13	21	74.07138812488591
13	22	717.7186412359749
13	23	712.794212335077
13	24	712.0366308576256
13	25	704.4702578824148
13	26	710.272114603552
13	27	702.7057416283412
13	28	702.6824949295087
13	29	694.1384911841911
13	30	698.236758602488
13	31	687.1349569469007
13	32	683.5840186150584
13	33	676.875814682559
13	34	695.2327008935465
13	35	675.5349852899542
13	36	660.7706872586579
13	37	650.4750571176709
13	38	632.6012212834258
13	39	617.3041627426475
13	40	634.6680501510742
13	41	607.5940774097126
13	42	616.1140169087141
13	43	611.6418809537146
13	44	658.2847974600998
13	45	658.7015132697466
13	46	682.4483927700982
13	47	690.3409344143099
13	48	681.0077671440847
13	49	590.1012217251766
13	50	676.7292696470665
13	51	764.503252467742
13	52	830.6644512792894
13	53	840.2742529262404
13	54	839.7198364174269
13	55	849.4937973835332
13	56	701.0077671440847
13	57	341.6255204656507
13	58	324.508277697027
13	59	387.4230165686257
13	60	355.2826992086493
13	61	440.55927715536944
13	62	398.8429733881371
13	63	469.9570527871388
13	64	433.6114890963663
13	65	501.6694415134474
13	66	465.4479009608977
13	67	542.1096634373077
13	68	505.4354217955232
13	69	573.4455455347651
13	70	532.3967940312175
13	71	601.4171874851015
13	72	569.4015662979373
13	73	573.1951963439063
13	74	562.2809673158777
13	75	552.9467396125897
13	76	485.4351973003131
13	77	451.4793436076138
13	78	463.34372648504905
13	79	434.6513930142419
13	80	413.957227682754
13	81	382.908878290234
13	82	348.0020292406339
13	83	311.1238514114623
13	84	343.12506773406096
13	85	280.52784423175353
13	86	245.08775393841483
13	87	313.94682208676977
13	88	276.37023363065794
13	89	436.0944650455359
13	90	495.36853192947405
13	91	532.3044564396838
13	92	294.0944650455359
13	93	529.6212690463819
13	94	165.8351420184746
13	95	151.7994731708564
13	96	213.9894594318385
13	97	190.2829202495791
13	98	272.39417921050506
13	99	244.87600339887103
13	100	203.27382249585145
13	101	219.58775393841483
13	102	212.12949682134328
13	103	252.22592177915
13	104	248.35103737389295
13	105	254.67359159370858
13	106	265.3836046441207
13	107	293.13566942565785
13	108	271.970954022852
13	109	291.79501398024973
13	110	341.54133570275974
13	111	358.5955808218704
13	112	410.23391877209343
13	113	429.5471266879214
13	114	302.203386938514
14	0	84.50122715932383
14	1	78.41846462902562
14	2	98.41846462902562
14	3	90.41846462902562
14	4	111.98749710346047
14	5	104.4211241282497
14	6	104.93414008423909
14	7	92.40417599809743
14	8	87.50168254200827
14	9	57.41846462902562
14	10	92.77107506777847
14	11	71.13776741499453
14	12	35.85038899705534
14	13	26.41640786499874
14	14	0
14	15	13.0
14	16	74.3382395006793
14	17	55.95346318982906
14	18	70.27128425310542
14	19	66.16013544000805
14	20	132.82069938036582
14	21	77.16013544000805
14	22	734.5867641033542
14	23	729.6623352024562
14	24	728.9047537250049
14	25	721.338380749794
14	26	727.1402374709313
14	27	719.5738644957205
14	28	719.550617796888
14	29	711.0066140515704
14	30	715.1048814698672
14	31	704.00307981428
14	32	700.4521414824377
14	33	693.7439375499383
14	34	712.1008237609258
14	35	692.4031081573335
14	36	677.6388101260371
14	37	667.3431799850501
14	38	649.4693441508051
14	39	634.1722856100267
14	40	651.5361730184535
14	41	624.4622002770918
14	42	632.9821397760934
14	43	628.5100038210938
14	44	675.152920327479
14	45	675.5696361371258
14	46	699.3165156374774
14	47	707.2090572816892
14	48	697.875890011464
14	49	606.9693445925559
14	50	693.5973925144458
14	51	781.3713753351212
14	52	847.5325741466687
14	53	857.1423757936196
14	54	856.5879592848062
14	55	866.3619202509125
14	56	717.875890011464
14	57	358.49364333303
14	58	341.37640056440625
14	59	404.291139436005
14	60	372.1508220760286
14	61	457.4274000227487
14	62	415.7110962555164
14	63	486.8251756545181
14	64	450.4796119637456
14	65	518.5375643808267
14	66	482.31602382827697
14	67	558.977786304687
14	68	522.3035446629025
14	69	590.3136684021443
14	70	549.2649168985968
14	71	618.2853103524808
14	72	586.2696891653165
14	73	590.0633192112856
14	74	579.1490901832569
14	75	569.814862479969
14	76	502.3033201676924
14	77	468.3474664749931
14	78	480.2118493524283
14	79	451.51951588162115
14	80	430.8253505501333
14	81	399.77700115761326
14	82	364.87015210801314
14	83	327.99197427884155
14	84	359.99319060144023
14	85	297.3959670991328
14	86	261.9558768057941
14	87	330.81494495414904
14	88	293.2383564980372
14	89	452.9625879129152
14	90	512.2366547968534
14	91	549.1725793070631
14	92	310.9625879129152
14	93	546.4893919137612
14	94	182.70326488585388
14	95	168.66759603823567
14	96	230.85758229921777
14	97	207.15104311695836
14	98	289.2623020778843
14	99	261.7441262662503
14	100	220.14194536323072
14	101	236.4558768057941
14	102	228.99761968872255
14	103	269.09404464652926
14	104	265.2191602412722
14	105	271.54171446108785
14	106	282.25172751149995
14	107	310.0037922930371
14	108	288.8390768902313
14	109	308.663136847629
14	110	358.409458570139
14	111	375.46370368924966
