VERTICES = 115
;

DISTANCE_MATRIX = 
0	0	0.0
0	1	0.5839452029086296
0	2	2.5039452029086293
0	3	1.7359452029086289
0	4	3.854317008528865
0	5	3.1279452029086317
0	6	4.9548217551782265
0	7	3.751945202908625
0	8	1.8356320647075364
0	9	2.5999452029086294
0	10	11.108742737575891
0	11	9.03194520290863
0	12	11.089607391586066
0	13	10.183945202908632
0	14	9.703945202908631
0	15	8.455945202908634
0	16	14.771990536619843
0	17	13.00705201077822
0	18	10.58412155366642
0	19	7.495945202908631
0	20	16.635168405245082
0	21	8.55194520290863
0	22	79.51114401589584
0	23	79.03839884140962
0	24	78.84459407534345
0	25	78.11822226972322
0	26	79.15657466502054
0	27	78.43020285940031
0	28	77.88284118180923
0	29	77.06261682225875
0	30	77.67352565140558
0	31	76.6077526924692
0	32	75.85974026998915
0	33	75.21575269246921
0	34	77.20118355734516
0	35	75.3102028594003
0	36	73.65298591524365
0	37	72.66460542170888
0	38	69.6211230416236
0	39	68.15260542170888
0	40	69.7917068048796
0	41	67.19260542170888
0	42	68.00593047338884
0	43	67.57660542170889
0	44	71.4342286922615
0	45	74.1046054217089
0	46	75.13863471752384
0	47	75.98689648159117
0	48	76.52585004503314
0	49	64.88860542170889
0	50	75.83527003393161
0	51	83.01590124849764
0	52	89.43929848049257
0	53	92.49889648159117
0	54	90.30861545375376
0	55	93.3839727494913
0	56	78.44585004503313
0	57	42.2426140268157
0	58	40.599358721027826
0	59	46.46882918758556
0	60	43.38335872102783
0	61	51.66012388268213
0	62	47.655358721027824
0	63	54.45653283534199
0	64	50.967358721027836
0	65	56.55817459857259
0	66	53.08090670552782
0	67	60.3475136158781
0	68	56.82678641826679
0	69	63.331759791408324
0	70	59.391079647067755
0	71	66.00570584804811
0	72	62.93220621408035
0	73	64.40290296012151
0	74	62.237394158589396
0	75	62.4590511139151
0	76	55.14882389834983
0	77	51.8890619438507
0	78	53.86582273422531
0	79	51.11135872102783
0	80	49.052000262709754
0	81	46.07135872102783
0	82	42.3156637926283
0	83	38.77535872102782
0	84	42.039358721027824
0	85	36.0020988394098
0	86	32.59985017124927
0	87	38.39949187051046
0	88	34.792139378723725
0	89	50.10335872102783
0	90	55.85635446237859
0	91	59.36922381825431
0	92	36.47135872102782
0	93	59.14461722560175
0	94	22.494592614616423
0	95	21.14716840524508
0	96	27.838996166741985
0	97	25.563168405245083
0	98	32.25598787845518
0	99	29.61424300053831
0	100	25.01800801960011
0	101	29.287850171249282
0	102	27.19516840524508
0	103	32.42111428395986
0	104	30.67243629828985
0	105	32.76316840524508
0	106	33.283918635967055
0	107	35.00202565526125
0	108	33.25731540571441
0	109	36.326824954353036
0	110	40.595060817596405
0	111	41.28617714929766
0	112	47.570328643334065
0	113	49.42439660325355
0	114	36.159628965617955
1	0	0.5839452029086296
1	1	0.0
1	2	1.92
1	3	1.1519999999999992
1	4	3.2703718056202358
1	5	2.5440000000000023
1	6	4.370876552269597
1	7	3.1679999999999957
1	8	1.2516868617989068
1	9	2.016
1	10	10.524797534667261
1	11	8.448
1	12	10.505662188677436
1	13	9.600000000000001
1	14	9.120000000000001
1	15	7.872000000000003
1	16	14.188045333711212
1	17	12.42310680786959
1	18	10.00017635075779
1	19	6.912000000000002
1	20	16.051223202336452
1	21	7.968000000000002
1	22	78.9271988129872
1	23	78.45445363850098
1	24	78.26064887243483
1	25	77.5342770668146
1	26	78.5726294621119
1	27	77.84625765649167
1	28	77.29889597890059
1	29	76.47867161935011
1	30	77.08958044849696
1	31	76.02380748956058
1	32	75.27579506708051
1	33	74.63180748956057
1	34	76.61723835443654
1	35	74.72625765649168
1	36	73.06904071233501
1	37	72.08066021880025
1	38	69.03717783871497
1	39	67.56866021880025
1	40	69.20776160197097
1	41	66.60866021880024
1	42	67.42198527048022
1	43	66.99266021880025
1	44	70.85028348935286
1	45	73.52066021880026
1	46	74.55468951461522
1	47	75.40295127868255
1	48	75.9419048421245
1	49	64.30466021880025
1	50	75.25132483102297
1	51	82.43195604558902
1	52	88.85535327758393
1	53	91.91495127868255
1	54	89.72467025084514
1	55	92.80002754658267
1	56	77.8619048421245
1	57	41.658668823907064
1	58	40.015413518119196
1	59	45.88488398467693
1	60	42.799413518119195
1	61	51.07617867977349
1	62	47.071413518119186
1	63	53.87258763243336
1	64	50.3834135181192
1	65	55.974229395663954
1	66	52.496961502619186
1	67	59.76356841296947
1	68	56.242841215358155
1	69	62.74781458849969
1	70	58.80713444415912
1	71	65.42176064513949
1	72	62.348261011171715
1	73	63.81895775721287
1	74	61.653448955680766
1	75	61.87510591100647
1	76	54.5648786954412
1	77	51.30511674094207
1	78	53.28187753131668
1	79	50.52741351811919
1	80	48.46805505980112
1	81	45.4874135181192
1	82	41.73171858971966
1	83	38.19141351811919
1	84	41.45541351811919
1	85	35.41815363650117
1	86	32.01590496834065
1	87	37.81554666760183
1	88	34.20819417581509
1	89	49.519413518119194
1	90	55.27240925946995
1	91	58.785278615345675
1	92	35.88741351811919
1	93	58.56067202269311
1	94	21.910647411707792
1	95	20.56322320233645
1	96	27.255050963833355
1	97	24.979223202336453
1	98	31.672042675546553
1	99	29.03029779762968
1	100	24.43406281669148
1	101	28.70390496834065
1	102	26.61122320233645
1	103	31.837169081051226
1	104	30.08849109538122
1	105	32.179223202336445
1	106	32.699973433058425
1	107	34.41808045235262
1	108	32.67337020280578
1	109	35.7428797514444
1	110	40.01111561468778
1	111	40.70223194638903
1	112	46.986383440425435
1	113	48.84045140034492
1	114	35.575683762709325
2	0	2.5039452029086293
2	1	1.92
2	2	0.0
2	3	0.7680000000000007
2	4	2.886371805620237
2	5	2.1600000000000037
2	6	5.19205637887873
2	7	3.9891798266091287
2	8	1.9279724134650769
2	9	3.936
2	10	12.44479753466726
2	11	10.368
2	12	12.425662188677435
2	13	11.520000000000001
2	14	11.040000000000001
2	15	9.792000000000003
2	16	16.108045333711214
2	17	14.343106807869592
2	18	11.920176350757792
2	19	8.832
2	20	17.971223202336454
2	21	9.888000000000002
2	22	80.8471988129872
2	23	80.374453638501
2	24	80.18064887243483
2	25	79.4542770668146
2	26	80.49262946211192
2	27	79.76625765649169
2	28	79.2188959789006
2	29	78.39867161935011
2	30	79.00958044849696
2	31	77.94380748956058
2	32	77.19579506708052
2	33	76.55180748956059
2	34	78.53723835443654
2	35	76.64625765649168
2	36	74.98904071233501
2	37	74.00066021880025
2	38	70.95717783871497
2	39	69.48866021880025
2	40	71.12776160197097
2	41	68.52866021880024
2	42	69.34198527048022
2	43	68.91266021880026
2	44	72.77028348935286
2	45	75.44066021880026
2	46	76.47468951461522
2	47	77.32295127868255
2	48	77.8619048421245
2	49	66.22466021880027
2	50	77.17132483102299
2	51	84.35195604558902
2	52	90.77535327758395
2	53	93.83495127868255
2	54	91.64467025084514
2	55	94.72002754658268
2	56	79.7819048421245
2	57	43.57866882390707
2	58	41.935413518119205
2	59	47.804883984676934
2	60	44.7194135181192
2	61	52.9961786797735
2	62	48.991413518119195
2	63	55.79258763243337
2	64	52.3034135181192
2	65	57.89422939566396
2	66	54.416961502619195
2	67	61.68356841296948
2	68	58.16284121535816
2	69	64.6678145884997
2	70	60.72713444415912
2	71	67.34176064513949
2	72	64.26826101117172
2	73	65.73895775721287
2	74	63.573448955680774
2	75	63.79510591100647
2	76	56.48487869544121
2	77	53.22511674094207
2	78	55.20187753131668
2	79	52.4474135181192
2	80	50.388055059801125
2	81	47.4074135181192
2	82	43.651718589719664
2	83	40.11141351811919
2	84	43.375413518119196
2	85	37.33815363650117
2	86	33.93590496834065
2	87	39.73554666760183
2	88	36.128194175815096
2	89	51.439413518119196
2	90	57.19240925946996
2	91	60.70527861534568
2	92	37.80741351811919
2	93	60.48067202269312
2	94	23.830647411707794
2	95	22.48322320233645
2	96	29.175050963833357
2	97	26.899223202336454
2	98	33.59204267554655
2	99	30.95029779762968
2	100	26.35406281669148
2	101	30.623904968340653
2	102	28.531223202336452
2	103	33.75716908105123
2	104	32.00849109538122
2	105	34.09922320233645
2	106	34.619973433058426
2	107	36.338080452352614
2	108	34.59337020280578
2	109	37.6628797514444
2	110	41.93111561468778
2	111	42.62223194638902
2	112	48.90638344042543
2	113	50.76045140034491
2	114	37.49568376270933
3	0	1.7359452029086289
3	1	1.1519999999999992
3	2	0.7680000000000007
3	3	0.0
3	4	2.1183718056202365
3	5	1.392000000000003
3	6	4.4240563788787295
3	7	3.221179826609128
3	8	1.1599724134650762
3	9	3.1679999999999993
3	10	11.676797534667259
3	11	9.6
3	12	11.657662188677435
3	13	10.752
3	14	10.272
3	15	9.024000000000003
3	16	15.340045333711213
3	17	13.575106807869592
3	18	11.152176350757792
3	19	8.064
3	20	17.203223202336453
3	21	9.120000000000001
3	22	80.0791988129872
3	23	79.606453638501
3	24	79.41264887243483
3	25	78.6862770668146
3	26	79.72462946211192
3	27	78.99825765649169
3	28	78.4508959789006
3	29	77.63067161935011
3	30	78.24158044849696
3	31	77.17580748956058
3	32	76.42779506708052
3	33	75.78380748956059
3	34	77.76923835443654
3	35	75.87825765649168
3	36	74.22104071233501
3	37	73.23266021880025
3	38	70.18917783871497
3	39	68.72066021880025
3	40	70.35976160197097
3	41	67.76066021880024
3	42	68.57398527048022
3	43	68.14466021880025
3	44	72.00228348935286
3	45	74.67266021880026
3	46	75.70668951461522
3	47	76.55495127868255
3	48	77.0939048421245
3	49	65.45666021880027
3	50	76.40332483102299
3	51	83.58395604558902
3	52	90.00735327758395
3	53	93.06695127868255
3	54	90.87667025084514
3	55	93.95202754658268
3	56	79.0139048421245
3	57	42.81066882390707
3	58	41.167413518119204
3	59	47.03688398467693
3	60	43.951413518119196
3	61	52.2281786797735
3	62	48.223413518119195
3	63	55.02458763243337
3	64	51.5354135181192
3	65	57.12622939566396
3	66	53.648961502619194
3	67	60.91556841296948
3	68	57.39484121535816
3	69	63.899814588499694
3	70	59.95913444415912
3	71	66.57376064513949
3	72	63.500261011171716
3	73	64.97095775721287
3	74	62.805448955680774
3	75	63.02710591100647
3	76	55.71687869544121
3	77	52.45711674094207
3	78	54.43387753131668
3	79	51.6794135181192
3	80	49.620055059801125
3	81	46.6394135181192
3	82	42.88371858971966
3	83	39.34341351811919
3	84	42.607413518119195
3	85	36.57015363650117
3	86	33.16790496834065
3	87	38.96754666760183
3	88	35.360194175815096
3	89	50.671413518119195
3	90	56.42440925946996
3	91	59.937278615345676
3	92	37.03941351811919
3	93	59.71267202269312
3	94	23.062647411707793
3	95	21.71522320233645
3	96	28.407050963833356
3	97	26.131223202336454
3	98	32.82404267554655
3	99	30.18229779762968
3	100	25.58606281669148
3	101	29.855904968340653
3	102	27.76322320233645
3	103	32.98916908105123
3	104	31.24049109538122
3	105	33.331223202336446
3	106	33.851973433058426
3	107	35.57008045235262
3	108	33.82537020280578
3	109	36.8948797514444
3	110	41.16311561468778
3	111	41.85423194638903
3	112	48.138383440425436
3	113	49.99245140034492
3	114	36.727683762709326
4	0	3.854317008528865
4	1	3.2703718056202358
4	2	2.886371805620237
4	3	2.1183718056202365
4	4	0.0
4	5	0.7263718056202336
4	6	6.122542073227116
4	7	4.919665520957515
4	8	2.8584581078134628
4	9	5.286371805620236
4	10	13.795169340287497
4	11	11.718371805620237
4	12	13.776033994297672
4	13	12.870371805620238
4	14	12.390371805620237
4	15	11.14237180562024
4	16	17.45841713933145
4	17	15.693478613489827
4	18	13.270548156378027
4	19	10.182371805620239
4	20	19.321595007956688
4	21	11.23837180562024
4	22	82.19757061860744
4	23	81.72482544412122
4	24	81.53102067805506
4	25	80.80464887243483
4	26	81.84300126773215
4	27	81.11662946211192
4	28	80.56926778452083
4	29	79.74904342497035
4	30	80.35995225411719
4	31	79.29417929518081
4	32	78.54616687270075
4	33	77.90217929518082
4	34	79.88761016005677
4	35	77.99662946211191
4	36	76.33941251795525
4	37	75.35103202442049
4	38	72.30754964433521
4	39	70.83903202442049
4	40	72.4781334075912
4	41	69.87903202442048
4	42	70.69235707610045
4	43	70.2630320244205
4	44	74.1206552949731
4	45	76.7910320244205
4	46	77.82506132023545
4	47	78.67332308430278
4	48	79.21227664774474
4	49	67.5750320244205
4	50	78.52169663664321
4	51	85.70232785120925
4	52	92.12572508320417
4	53	95.18532308430278
4	54	92.99504205646537
4	55	96.07039935220291
4	56	81.13227664774473
4	57	44.92904062952731
4	58	43.28578532373943
4	59	49.15525579029717
4	60	46.06978532373944
4	61	54.346550485393735
4	62	50.34178532373943
4	63	57.142959438053595
4	64	53.65378532373944
4	65	59.2446012012842
4	66	55.76733330823943
4	67	63.033940218589706
4	68	59.5132130209784
4	69	66.01818639411994
4	70	62.07750624977936
4	71	68.69213245075971
4	72	65.61863281679196
4	73	67.08932956283311
4	74	64.923820761301
4	75	65.14547771662671
4	76	57.83525050106144
4	77	54.575488546562305
4	78	56.55224933693692
4	79	53.79778532373943
4	80	51.73842686542136
4	81	48.757785323739434
4	82	45.002090395339906
4	83	41.46178532373943
4	84	44.72578532373943
4	85	38.6885254421214
4	86	35.28627677396088
4	87	41.085918473222065
4	88	37.47856598143533
4	89	52.78978532373944
4	90	58.542781065090196
4	91	62.05565042096592
4	92	39.157785323739425
4	93	61.831043828313355
4	94	25.18101921732803
4	95	23.833595007956685
4	96	30.52542276945359
4	97	28.24959500795669
4	98	34.942414481166786
4	99	32.300669603249915
4	100	27.704434622311716
4	101	31.974276773960888
4	102	29.881595007956687
4	103	35.107540886671465
4	104	33.35886290100145
4	105	35.44959500795669
4	106	35.97034523867866
4	107	37.68845225797285
4	108	35.943742008426014
4	109	39.01325155706464
4	110	43.28148742030801
4	111	43.972603752009256
4	112	50.256755246045664
4	113	52.11082320596515
4	114	38.84605556832956
5	0	3.1279452029086317
5	1	2.5440000000000023
5	2	2.1600000000000037
5	3	1.392000000000003
5	4	0.7263718056202336
5	5	0.0
5	6	5.396170267606882
5	7	4.193293715337282
5	8	2.1320863021932293
5	9	4.560000000000002
5	10	13.068797534667262
5	11	10.992000000000003
5	12	13.049662188677438
5	13	12.144000000000004
5	14	11.664000000000003
5	15	10.416000000000006
5	16	16.732045333711216
5	17	14.967106807869595
5	18	12.544176350757795
5	19	9.456000000000003
5	20	18.595223202336456
5	21	10.512000000000004
5	22	81.47119881298721
5	23	80.99845363850099
5	24	80.80464887243483
5	25	80.0782770668146
5	26	81.11662946211192
5	27	80.39025765649168
5	28	79.8428959789006
5	29	79.02267161935012
5	30	79.63358044849696
5	31	78.56780748956058
5	32	77.81979506708052
5	33	77.17580748956058
5	34	79.16123835443653
5	35	77.27025765649168
5	36	75.61304071233502
5	37	74.62466021880026
5	38	71.58117783871498
5	39	70.11266021880026
5	40	71.75176160197097
5	41	69.15266021880025
5	42	69.96598527048022
5	43	69.53666021880026
5	44	73.39428348935287
5	45	76.06466021880027
5	46	77.09868951461522
5	47	77.94695127868255
5	48	78.48590484212451
5	49	66.84866021880026
5	50	77.79532483102298
5	51	84.97595604558902
5	52	91.39935327758394
5	53	94.45895127868255
5	54	92.26867025084513
5	55	95.34402754658268
5	56	80.4059048421245
5	57	44.202668823907075
5	58	42.5594135181192
5	59	48.428883984676936
5	60	45.343413518119206
5	61	53.6201786797735
5	62	49.6154135181192
5	63	56.41658763243336
5	64	52.92741351811921
5	65	58.518229395663965
5	66	55.0409615026192
5	67	62.307568412969474
5	68	58.786841215358166
5	69	65.2918145884997
5	70	61.35113444415913
5	71	67.96576064513948
5	72	64.89226101117173
5	73	66.36295775721288
5	74	64.19744895568077
5	75	64.41910591100648
5	76	57.108878695441206
5	77	53.84911674094207
5	78	55.825877531316685
5	79	53.0714135181192
5	80	51.01205505980113
5	81	48.0314135181192
5	82	44.27571858971967
5	83	40.735413518119195
5	84	43.9994135181192
5	85	37.96215363650117
5	86	34.559904968340646
5	87	40.35954666760183
5	88	36.7521941758151
5	89	52.063413518119205
5	90	57.816409259469964
5	91	61.329278615345686
5	92	38.43141351811919
5	93	61.10467202269312
5	94	24.454647411707796
5	95	23.107223202336453
5	96	29.79905096383336
5	97	27.523223202336457
5	98	34.216042675546554
5	99	31.574297797629683
5	100	26.978062816691484
5	101	31.247904968340656
5	102	29.155223202336455
5	103	34.38116908105123
5	104	32.63249109538122
5	105	34.723223202336456
5	106	35.24397343305843
5	107	36.962080452352616
5	108	35.21737020280578
5	109	38.28687975144441
5	110	42.55511561468778
5	111	43.246231946389024
5	112	49.53038344042543
5	113	51.384451400344915
5	114	38.11968376270933
6	0	4.9548217551782265
6	1	4.370876552269597
6	2	5.19205637887873
6	3	4.4240563788787295
6	4	6.122542073227116
6	5	5.396170267606882
6	6	0.0
6	7	1.2028765522696012
6	8	3.2640839654136533
6	9	5.810876552269597
6	10	14.319674086936857
6	11	12.242876552269596
6	12	14.300538740947031
6	13	13.394876552269597
6	14	12.914876552269597
6	15	11.6668765522696
6	16	17.982921885980808
6	17	16.217983360139186
6	18	13.795052903027388
6	19	10.706876552269598
6	20	19.84609975460605
6	21	11.7628765522696
6	22	82.7220753652568
6	23	82.24933019077059
6	24	82.05552542470443
6	25	81.3291536190842
6	26	82.36750601438152
6	27	81.64113420876129
6	28	81.0937725311702
6	29	80.27354817161971
6	30	80.88445700076656
6	31	79.81868404183018
6	32	79.07067161935012
6	33	78.42668404183019
6	34	80.41211490670614
6	35	78.52113420876128
6	36	76.86391726460461
6	37	75.87553677106985
6	38	72.83205439098457
6	39	71.36353677106985
6	40	73.00263815424057
6	41	70.40353677106984
6	42	71.21686182274982
6	43	70.78753677106985
6	44	74.64516004162246
6	45	77.31553677106986
6	46	78.34956606688482
6	47	79.19782783095215
6	48	79.7367813943941
6	49	68.09953677106986
6	50	79.04620138329258
6	51	86.22683259785862
6	52	92.65022982985354
6	53	95.70982783095215
6	54	93.51954680311474
6	55	96.59490409885228
6	56	81.6567813943941
6	57	45.45354537617667
6	58	43.8102900703888
6	59	49.67976053694653
6	60	46.594290070388794
6	61	54.8710552320431
6	62	50.86629007038879
6	63	57.667464184702965
6	64	54.1782900703888
6	65	59.76910594793356
6	66	56.29183805488879
6	67	63.558444965239076
6	68	60.03771776762776
6	69	66.54269114076929
6	70	62.60201099642872
6	71	69.21663719740909
6	72	66.14313756344131
6	73	67.61383430948247
6	74	65.44832550795037
6	75	65.66998246327607
6	76	58.35975524771081
6	77	55.09999329321167
6	78	57.07675408358628
6	79	54.322290070388796
6	80	52.26293161207072
6	81	49.2822900703888
6	82	45.52659514198926
6	83	41.98629007038879
6	84	45.25029007038879
6	85	39.213030188770766
6	86	35.81078152061025
6	87	41.61042321987143
6	88	38.003070728084694
6	89	53.31429007038879
6	90	59.06728581173956
6	91	62.580155167615274
6	92	39.68229007038879
6	93	62.35554857496272
6	94	25.70552396397739
6	95	24.358099754606048
6	96	31.049927516102954
6	97	28.774099754606052
6	98	35.46691922781615
6	99	32.82517434989928
6	100	28.22893936896108
6	101	32.49878152061025
6	102	30.40609975460605
6	103	35.63204563332083
6	104	33.883367647650815
6	105	35.974099754606044
6	106	36.494849985328024
6	107	38.21295700462221
6	108	36.46824675507538
6	109	39.537756303714
6	110	43.80599216695738
6	111	44.49710849865862
6	112	50.78125999269503
6	113	52.63532795261451
6	114	39.370560314978924
7	0	3.751945202908625
7	1	3.1679999999999957
7	2	3.9891798266091287
7	3	3.221179826609128
7	4	4.919665520957515
7	5	4.193293715337282
7	6	1.2028765522696012
7	7	0.0
7	8	2.061207413144052
7	9	4.607999999999995
7	10	13.116797534667256
7	11	11.039999999999996
7	12	13.09766218867743
7	13	12.191999999999997
7	14	11.711999999999996
7	15	10.463999999999999
7	16	16.780045333711207
7	17	15.015106807869586
7	18	12.592176350757786
7	19	9.503999999999998
7	20	18.643223202336447
7	21	10.559999999999999
7	22	81.5191988129872
7	23	81.04645363850099
7	24	80.85264887243483
7	25	80.1262770668146
7	26	81.16462946211192
7	27	80.43825765649169
7	28	79.8908959789006
7	29	79.07067161935011
7	30	79.68158044849696
7	31	78.61580748956058
7	32	77.86779506708052
7	33	77.22380748956058
7	34	79.20923835443654
7	35	77.31825765649168
7	36	75.66104071233501
7	37	74.67266021880025
7	38	71.62917783871497
7	39	70.16066021880025
7	40	71.79976160197097
7	41	69.20066021880024
7	42	70.01398527048022
7	43	69.58466021880025
7	44	73.44228348935286
7	45	76.11266021880026
7	46	77.14668951461522
7	47	77.99495127868255
7	48	78.5339048421245
7	49	66.89666021880026
7	50	77.84332483102298
7	51	85.02395604558902
7	52	91.44735327758394
7	53	94.50695127868255
7	54	92.31667025084514
7	55	95.39202754658268
7	56	80.4539048421245
7	57	44.25066882390707
7	58	42.6074135181192
7	59	48.47688398467693
7	60	45.391413518119194
7	61	53.6681786797735
7	62	49.66341351811919
7	63	56.464587632433364
7	64	52.9754135181192
7	65	58.56622939566396
7	66	55.08896150261919
7	67	62.355568412969475
7	68	58.83484121535816
7	69	65.33981458849969
7	70	61.39913444415912
7	71	68.01376064513948
7	72	64.94026101117171
7	73	66.41095775721287
7	74	64.24544895568077
7	75	64.46710591100647
7	76	57.15687869544121
7	77	53.89711674094207
7	78	55.87387753131668
7	79	53.119413518119195
7	80	51.06005505980112
7	81	48.079413518119196
7	82	44.32371858971966
7	83	40.78341351811919
7	84	44.04741351811919
7	85	38.010153636501165
7	86	34.60790496834065
7	87	40.40754666760183
7	88	36.80019417581509
7	89	52.11141351811919
7	90	57.86440925946996
7	91	61.37727861534567
7	92	38.47941351811919
7	93	61.15267202269312
7	94	24.502647411707787
7	95	23.155223202336444
7	96	29.84705096383335
7	97	27.571223202336448
7	98	34.26404267554655
7	99	31.622297797629678
7	100	27.02606281669148
7	101	31.29590496834065
7	102	29.203223202336446
7	103	34.42916908105123
7	104	32.680491095381214
7	105	34.771223202336444
7	106	35.29197343305842
7	107	37.01008045235261
7	108	35.26537020280578
7	109	38.3348797514444
7	110	42.60311561468778
7	111	43.29423194638902
7	112	49.578383440425426
7	113	51.43245140034491
7	114	38.16768376270932
8	0	1.8356320647075364
8	1	1.2516868617989068
8	2	1.9279724134650769
8	3	1.1599724134650762
8	4	2.8584581078134628
8	5	2.1320863021932293
8	6	3.2640839654136533
8	7	2.061207413144052
8	8	0.0
8	9	2.8879889196463338
8	10	11.396786454313595
8	11	9.319988919646335
8	12	11.37765110832377
8	13	10.471988919646336
8	14	9.991988919646335
8	15	8.743988919646338
8	16	15.060034253357546
8	17	13.295095727515925
8	18	10.872165270404125
8	19	7.783988919646335
8	20	16.923212121982786
8	21	8.839988919646334
8	22	79.79918773263353
8	23	79.32644255814732
8	24	79.13263779208117
8	25	78.40626598646094
8	26	79.44461838175825
8	27	78.71824657613801
8	28	78.17088489854693
8	29	77.35066053899644
8	30	77.9615693681433
8	31	76.89579640920692
8	32	76.14778398672685
8	33	75.50379640920691
8	34	77.48922727408288
8	35	75.59824657613802
8	36	73.94102963198134
8	37	72.95264913844659
8	38	69.9091667583613
8	39	68.44064913844659
8	40	70.07975052161731
8	41	67.48064913844658
8	42	68.29397419012656
8	43	67.8646491384466
8	44	71.7222724089992
8	45	74.39264913844659
8	46	75.42667843426156
8	47	76.27494019832889
8	48	76.81389376177083
8	49	65.17664913844659
8	50	76.12331375066931
8	51	83.30394496523536
8	52	89.72734219723027
8	53	92.78694019832889
8	54	90.59665917049148
8	55	93.67201646622901
8	56	78.73389376177084
8	57	42.530657743553405
8	58	40.88740243776553
8	59	46.75687290432327
8	60	43.671402437765536
8	61	51.94816759941983
8	62	47.94340243776553
8	63	54.74457655207969
8	64	51.25540243776554
8	65	56.846218315310296
8	66	53.36895042226553
8	67	60.635557332615804
8	68	57.114830135004496
8	69	63.61980350814603
8	70	59.67912336380546
8	71	66.29374956478583
8	72	63.220249930818056
8	73	64.6909466768592
8	74	62.5254378753271
8	75	62.747094830652806
8	76	55.436867615087536
8	77	52.1771056605884
8	78	54.153866450963015
8	79	51.39940243776553
8	80	49.34004397944746
8	81	46.35940243776553
8	82	42.603707509366004
8	83	39.063402437765525
8	84	42.32740243776553
8	85	36.2901425561475
8	86	32.887893887986976
8	87	38.68753558724816
8	88	35.08018309546143
8	89	50.391402437765535
8	90	56.144398179116294
8	91	59.657267534992016
8	92	36.75940243776552
8	93	59.43266094233945
8	94	22.782636331354126
8	95	21.435212121982783
8	96	28.12703988347969
8	97	25.851212121982787
8	98	32.544031595192884
8	99	29.902286717276013
8	100	25.306051736337814
8	101	29.575893887986986
8	102	27.483212121982785
8	103	32.70915800069756
8	104	30.960480015027553
8	105	33.051212121982786
8	106	33.57196235270476
8	107	35.29006937199895
8	108	33.54535912245211
8	109	36.61486867109074
8	110	40.88310453433411
8	111	41.57422086603536
8	112	47.85837236007177
8	113	49.71244031999125
8	114	36.44767268235566
9	0	2.5999452029086294
9	1	2.016
9	2	3.936
9	3	3.1679999999999993
9	4	5.286371805620236
9	5	4.560000000000002
9	6	5.810876552269597
9	7	4.607999999999995
9	8	2.8879889196463338
9	9	0.0
9	10	8.50879753466726
9	11	6.432
9	12	8.489662188677435
9	13	7.584000000000001
9	14	7.104000000000002
9	15	5.856000000000003
9	16	12.172045333711214
9	17	10.40710680786959
9	18	7.984176350757791
9	19	4.896000000000002
9	20	14.035223202336454
9	21	5.952000000000002
9	22	76.9111988129872
9	23	76.43845363850099
9	24	76.24464887243482
9	25	75.51827706681459
9	26	76.55662946211191
9	27	75.83025765649168
9	28	75.2828959789006
9	29	74.4626716193501
9	30	75.07358044849695
9	31	74.00780748956058
9	32	73.25979506708052
9	33	72.61580748956058
9	34	74.60123835443653
9	35	72.71025765649168
9	36	71.053040712335
9	37	70.06466021880026
9	38	67.02117783871496
9	39	65.55266021880026
9	40	67.19176160197097
9	41	64.59266021880025
9	42	65.40598527048022
9	43	64.97666021880026
9	44	68.83428348935287
9	45	71.50466021880025
9	46	72.53868951461521
9	47	73.38695127868255
9	48	73.9259048421245
9	49	62.28866021880026
9	50	73.23532483102298
9	51	80.41595604558901
9	52	86.83935327758394
9	53	89.89895127868255
9	54	87.70867025084513
9	55	90.78402754658268
9	56	75.8459048421245
9	57	39.64266882390707
9	58	37.9994135181192
9	59	43.86888398467693
9	60	40.7834135181192
9	61	49.0601786797735
9	62	45.055413518119195
9	63	51.85658763243336
9	64	48.3674135181192
9	65	53.95822939566396
9	66	50.480961502619195
9	67	57.74756841296947
9	68	54.226841215358164
9	69	60.73181458849969
9	70	56.79113444415912
9	71	63.40576064513948
9	72	60.33226101117172
9	73	61.802957757212866
9	74	59.63744895568077
9	75	59.859105911006466
9	76	52.5488786954412
9	77	49.28911674094206
9	78	51.265877531316676
9	79	48.5114135181192
9	80	46.452055059801125
9	81	43.47141351811919
9	82	39.715718589719664
9	83	36.17541351811919
9	84	39.439413518119196
9	85	33.40215363650117
9	86	29.999904968340648
9	87	35.79954666760183
9	88	32.19219417581509
9	89	47.503413518119196
9	90	53.25640925946996
9	91	56.76927861534568
9	92	33.87141351811919
9	93	56.54467202269312
9	94	19.894647411707794
9	95	18.54722320233645
9	96	25.239050963833357
9	97	22.963223202336454
9	98	29.656042675546555
9	99	27.01429779762968
9	100	22.41806281669148
9	101	26.687904968340654
9	102	24.595223202336452
9	103	29.821169081051227
9	104	28.07249109538122
9	105	30.16322320233645
9	106	30.683973433058426
9	107	32.40208045235262
9	108	30.65737020280578
9	109	33.7268797514444
9	110	37.995115614687776
9	111	38.68623194638903
9	112	44.97038344042544
9	113	46.82445140034492
9	114	33.55968376270933
10	0	11.108742737575891
10	1	10.524797534667261
10	2	12.44479753466726
10	3	11.676797534667259
10	4	13.795169340287497
10	5	13.068797534667262
10	6	14.319674086936857
10	7	13.116797534667256
10	8	11.396786454313595
10	9	8.50879753466726
10	10	0.0
10	11	2.07679753466726
10	12	11.055804423056781
10	13	10.150142234379345
10	14	11.196797534667262
10	15	9.948797534667264
10	16	8.545736060508883
10	17	6.78079753466726
10	18	4.825819178816321
10	19	13.404797534667264
10	20	10.876866030394982
10	21	14.460797534667265
10	22	73.75284164104573
10	23	73.28009646655951
10	24	73.08629170049336
10	25	72.35991989487313
10	26	73.39827229017044
10	27	72.6719004845502
10	28	72.12453880695912
10	29	71.30431444740864
10	30	71.9152232765555
10	31	70.84945031761912
10	32	70.10143789513904
10	33	69.4574503176191
10	34	71.44288118249507
10	35	69.55190048455022
10	36	67.89468354039354
10	37	66.90630304685878
10	38	63.8628206667735
10	39	62.39430304685878
10	40	64.0334044300295
10	41	61.43430304685877
10	42	62.247628098538755
10	43	61.81830304685879
10	44	65.6759263174114
10	45	68.3463030468588
10	46	69.38033234267375
10	47	70.22859410674108
10	48	70.76754767018303
10	49	59.130303046858785
10	50	70.0769676590815
10	51	77.25759887364755
10	52	83.68099610564246
10	53	86.74059410674109
10	54	84.55031307890367
10	55	87.6256703746412
10	56	72.68754767018304
10	57	36.4843116519656
10	58	34.84105634617773
10	59	40.710526812735466
10	60	37.62505634617773
10	61	45.901821507832025
10	62	41.89705634617772
10	63	48.69823046049189
10	64	45.20905634617773
10	65	50.79987222372249
10	66	47.32260433067772
10	67	54.589211241028
10	68	51.06848404341669
10	69	57.57345741655823
10	70	53.63277727221765
10	71	60.24740347319802
10	72	57.17390383923025
10	73	58.644600585271405
10	74	56.4790917837393
10	75	56.700748739065006
10	76	49.390521523499736
10	77	46.1307595690006
10	78	48.107520359375215
10	79	45.35305634617772
10	80	43.29369788785965
10	81	40.31305634617773
10	82	36.557361417778196
10	83	33.017056346177725
10	84	36.28105634617772
10	85	30.243796464559697
10	86	26.84154779639918
10	87	32.64118949566036
10	88	29.033837003873625
10	89	44.34505634617773
10	90	50.09805208752849
10	91	53.61092144340421
10	92	30.713056346177723
10	93	53.386314850751646
10	94	16.736290239766323
10	95	15.38886603039498
10	96	22.080693791891886
10	97	19.804866030394983
10	98	26.497685503605087
10	99	23.855940625688213
10	100	19.259705644750014
10	101	23.529547796399186
10	102	21.43686603039498
10	103	26.66281190910976
10	104	24.91413392343975
10	105	27.00486603039498
10	106	27.525616261116955
10	107	29.243723280411146
10	108	27.499013030864308
10	109	30.568522579502933
10	110	34.83675844274631
10	111	35.527874774447554
10	112	41.81202626848396
10	113	43.666094228403445
10	114	30.40132659076785
11	0	9.03194520290863
11	1	8.448
11	2	10.368
11	3	9.6
11	4	11.718371805620237
11	5	10.992000000000003
11	6	12.242876552269596
11	7	11.039999999999996
11	8	9.319988919646335
11	9	6.432
11	10	2.07679753466726
11	11	0.0
11	12	8.979006888389522
11	13	8.073344699712086
11	14	9.120000000000001
11	15	7.872000000000003
11	16	6.468938525841623
11	17	4.704000000000001
11	18	2.7490216441490616
11	19	11.328000000000003
11	20	8.800068495727723
11	21	12.384000000000004
11	22	71.67604410637847
11	23	71.20329893189225
11	24	71.0094941658261
11	25	70.28312236020587
11	26	71.32147475550317
11	27	70.59510294988294
11	28	70.04774127229186
11	29	69.22751691274138
11	30	69.83842574188823
11	31	68.77265278295185
11	32	68.02464036047178
11	33	67.38065278295184
11	34	69.36608364782781
11	35	67.47510294988295
11	36	65.81788600572628
11	37	64.82950551219152
11	38	61.78602313210624
11	39	60.31750551219152
11	40	61.95660689536224
11	41	59.35750551219151
11	42	60.17083056387149
11	43	59.74150551219152
11	44	63.59912878274413
11	45	66.26950551219153
11	46	67.30353480800649
11	47	68.15179657207382
11	48	68.69075013551577
11	49	57.05350551219152
11	50	68.00017012441424
11	51	75.18080133898029
11	52	81.6041985709752
11	53	84.66379657207382
11	54	82.4735155442364
11	55	85.54887283997394
11	56	70.61075013551577
11	57	34.407514117298334
11	58	32.764258811510466
11	59	38.6337292780682
11	60	35.548258811510465
11	61	43.82502397316476
11	62	39.820258811510456
11	63	46.62143292582463
11	64	43.13225881151047
11	65	48.723074689055224
11	66	45.245806796010456
11	67	52.51241370636074
11	68	48.991686508749424
11	69	55.49665988189096
11	70	51.55597973755039
11	71	58.170605938530755
11	72	55.097106304562985
11	73	56.56780305060414
11	74	54.402294249072035
11	75	54.62395120439774
11	76	47.31372398883247
11	77	44.05396203433334
11	78	46.03072282470795
11	79	43.27625881151046
11	80	41.216900353192386
11	81	38.23625881151047
11	82	34.48056388311093
11	83	30.94025881151046
11	84	34.204258811510456
11	85	28.166998929892433
11	86	24.764750261731916
11	87	30.5643919609931
11	88	26.95703946920636
11	89	42.268258811510464
11	90	48.02125455286122
11	91	51.534123908736944
11	92	28.63625881151046
11	93	51.30951731608438
11	94	14.659492705099066
11	95	13.31206849572772
11	96	20.00389625722463
11	97	17.728068495727726
11	98	24.420887968937826
11	99	21.779143091020952
11	100	17.182908110082753
11	101	21.45275026173192
11	102	19.360068495727724
11	103	24.586014374442495
11	104	22.837336388772492
11	105	24.92806849572772
11	106	25.448818726449698
11	107	27.16692574574389
11	108	25.42221549619705
11	109	28.491725044835675
11	110	32.75996090807905
11	111	33.4510772397803
11	112	39.735228733816705
11	113	41.58929669373619
11	114	28.324529056100594
12	0	11.089607391586066
12	1	10.505662188677436
12	2	12.425662188677435
12	3	11.657662188677435
12	4	13.776033994297672
12	5	13.049662188677438
12	6	14.300538740947031
12	7	13.09766218867743
12	8	11.37765110832377
12	9	8.489662188677435
12	10	11.055804423056781
12	11	8.979006888389522
12	12	0.0
12	13	0.9056621886774348
12	14	3.8816621886774314
12	15	2.633662188677433
12	16	6.414600714519057
12	17	4.649662188677435
12	18	6.22998524424046
12	19	8.969662188677434
12	20	12.281032095819121
12	21	10.025662188677433
12	22	75.15700770646987
12	23	74.68426253198365
12	24	74.4904577659175
12	25	73.76408596029727
12	26	74.80243835559457
12	27	74.07606654997434
12	28	73.52870487238326
12	29	72.70848051283278
12	30	73.31938934197963
12	31	72.25361638304325
12	32	71.50560396056318
12	33	70.86161638304324
12	34	72.8470472479192
12	35	70.95606654997435
12	36	69.29884960581768
12	37	68.31046911228292
12	38	65.26698673219764
12	39	63.798469112282916
12	40	65.43757049545364
12	41	62.83846911228291
12	42	63.65179416396289
12	43	63.22246911228292
12	44	67.08009238283553
12	45	69.75046911228293
12	46	70.78449840809789
12	47	71.63276017216522
12	48	72.17171373560717
12	49	60.53446911228292
12	50	71.48113372450564
12	51	78.66176493907169
12	52	85.0851621710666
12	53	88.14476017216522
12	54	85.9544791443278
12	55	89.02983644006534
12	56	74.09171373560717
12	57	37.88847771738973
12	58	36.245222411601866
12	59	42.1146928781596
12	60	39.029222411601864
12	61	47.30598757325616
12	62	43.301222411601856
12	63	50.10239652591603
12	64	46.61322241160187
12	65	52.204038289146624
12	66	48.726770396101855
12	67	55.99337730645214
12	68	52.472650108840824
12	69	58.97762348198236
12	70	55.03694333764179
12	71	61.651569538622155
12	72	58.578069904654384
12	73	60.04876665069554
12	74	57.883257849163435
12	75	58.10491480448914
12	76	50.79468758892387
12	77	47.53492563442474
12	78	49.51168642479935
12	79	46.75722241160186
12	80	44.697863953283786
12	81	41.71722241160187
12	82	37.96152748320233
12	83	34.42122241160186
12	84	37.685222411601856
12	85	31.647962529983833
12	86	28.245713861823315
12	87	34.0453555610845
12	88	30.43800306929776
12	89	45.74922241160186
12	90	51.50221815295262
12	91	55.015087508828344
12	92	32.11722241160186
12	93	54.79048091617578
12	94	18.14045630519046
12	95	16.793032095819118
12	96	23.484859857316025
12	97	21.209032095819122
12	98	27.901851569029223
12	99	25.260106691112348
12	100	20.66387171017415
12	101	24.93371386182332
12	102	22.84103209581912
12	103	28.066977974533895
12	104	26.318299988863888
12	105	28.409032095819118
12	106	28.929782326541094
12	107	30.647889345835285
12	108	28.903179096288447
12	109	31.972688644927068
12	110	36.24092450817045
12	111	36.93204083987169
12	112	43.2161923339081
12	113	45.07026029382758
12	114	31.80549265619199
13	0	10.183945202908632
13	1	9.600000000000001
13	2	11.520000000000001
13	3	10.752
13	4	12.870371805620238
13	5	12.144000000000004
13	6	13.394876552269597
13	7	12.191999999999997
13	8	10.471988919646336
13	9	7.584000000000001
13	10	10.150142234379345
13	11	8.073344699712086
13	12	0.9056621886774348
13	13	0.0
13	14	2.9759999999999964
13	15	1.727999999999998
13	16	5.508938525841622
13	17	3.7439999999999998
13	18	5.324323055563025
13	19	8.064
13	20	11.375369907141685
13	21	9.120000000000001
13	22	74.25134551779243
13	23	73.77860034330622
13	24	73.58479557724006
13	25	72.85842377161983
13	26	73.89677616691715
13	27	73.17040436129692
13	28	72.62304268370583
13	29	71.80281832415534
13	30	72.41372715330219
13	31	71.34795419436581
13	32	70.59994177188575
13	33	69.95595419436582
13	34	71.94138505924177
13	35	70.05040436129691
13	36	68.39318741714024
13	37	67.40480692360549
13	38	64.3613245435202
13	39	62.89280692360549
13	40	64.5319083067762
13	41	61.93280692360548
13	42	62.74613197528545
13	43	62.3168069236055
13	44	66.1744301941581
13	45	68.84480692360549
13	46	69.87883621942045
13	47	70.72709798348778
13	48	71.26605154692973
13	49	59.628806923605495
13	50	70.57547153582821
13	51	77.75610275039425
13	52	84.17949998238917
13	53	87.23909798348778
13	54	85.04881695565037
13	55	88.12417425138791
13	56	73.18605154692973
13	57	36.98281552871231
13	58	35.33956022292443
13	59	41.20903068948216
13	60	38.12356022292443
13	61	46.400325384578736
13	62	42.39556022292443
13	63	49.196734337238595
13	64	45.707560222924435
13	65	51.2983761004692
13	66	47.82110820742443
13	67	55.08771511777471
13	68	51.5669879201634
13	69	58.07196129330492
13	70	54.131281148964355
13	71	60.745907349944716
13	72	57.67240771597695
13	73	59.1431044620181
13	74	56.977595660486
13	75	57.1992526158117
13	76	49.88902540024644
13	77	46.6292634457473
13	78	48.60602423612191
13	79	45.851560222924434
13	80	43.79220176460636
13	81	40.81156022292443
13	82	37.0558652945249
13	83	33.51556022292443
13	84	36.77956022292443
13	85	30.7423003413064
13	86	27.340051673145883
13	87	33.139693372407066
13	88	29.53234088062033
13	89	44.84356022292443
13	90	50.5965559642752
13	91	54.10942532015091
13	92	31.211560222924426
13	93	53.884818727498356
13	94	17.234794116513026
13	95	15.887369907141682
13	96	22.57919766863859
13	97	20.303369907141686
13	98	26.99618938035179
13	99	24.354444502434916
13	100	19.758209521496717
13	101	24.02805167314589
13	102	21.935369907141684
13	103	27.161315785856463
13	104	25.412637800186452
13	105	27.503369907141682
13	106	28.024120137863658
13	107	29.74222715715785
13	108	27.99751690761101
13	109	31.067026456249636
13	110	35.33526231949301
13	111	36.02637865119426
13	112	42.310530145230665
13	113	44.16459810515015
13	114	30.899830467514555
14	0	9.703945202908631
14	1	9.120000000000001
14	2	11.040000000000001
14	3	10.272
14	4	12.390371805620237
14	5	11.664000000000003
14	6	12.914876552269597
14	7	11.711999999999996
14	8	9.991988919646335
14	9	7.104000000000002
14	10	11.196797534667262
14	11	9.120000000000001
14	12	3.8816621886774314
14	13	2.9759999999999964
14	14	0.0
14	15	1.2479999999999982
14	16	7.908938525841618
14	17	6.143999999999996
14	18	6.746043288298118
14	19	7.584
14	20	12.79709013987678
14	21	8.64
14	22	75.67306575052753
14	23	75.2003205760413
14	24	75.00651580997516
14	25	74.28014400435492
14	26	75.31849639965223
14	27	74.592124594032
14	28	74.04476291644092
14	29	73.22453855689044
14	30	73.83544738603729
14	31	72.76967442710091
14	32	72.02166200462084
14	33	71.3776744271009
14	34	73.36310529197686
14	35	71.47212459403201
14	36	69.81490764987534
14	37	68.82652715634057
14	38	65.7830447762553
14	39	64.31452715634057
14	40	65.9536285395113
14	41	63.354527156340566
14	42	64.16785220802055
14	43	63.73852715634058
14	44	67.59615042689319
14	45	70.26652715634059
14	46	71.30055645215555
14	47	72.14881821622288
14	48	72.68777177966483
14	49	61.05052715634058
14	50	71.9971917685633
14	51	79.17782298312935
14	52	85.60122021512426
14	53	88.66081821622288
14	54	86.47053718838546
14	55	89.545894484123
14	56	74.60777177966483
14	57	38.40453576144739
14	58	36.761280455659524
14	59	42.63075092221726
14	60	39.54528045565952
14	61	47.82204561731382
14	62	43.817280455659514
14	63	50.618454569973686
14	64	47.129280455659526
14	65	52.72009633320428
14	66	49.24282844015951
14	67	56.5094353505098
14	68	52.98870815289848
14	69	59.49368152604002
14	70	55.553001381699445
14	71	62.16762758267981
14	72	59.09412794871204
14	73	60.5648246947532
14	74	58.39931589322109
14	75	58.6209728485468
14	76	51.31074563298153
14	77	48.050983678482396
14	78	50.02774446885701
14	79	47.27328045565952
14	80	45.213921997341444
14	81	42.233280455659525
14	82	38.47758552725999
14	83	34.93728045565952
14	84	38.201280455659514
14	85	32.164020574041494
14	86	28.761771905880973
14	87	34.56141360514216
14	88	30.95406111335542
14	89	46.26528045565952
14	90	52.01827619701028
14	91	55.531145552886
14	92	32.633280455659516
14	93	55.30653896023344
14	94	18.65651434924812
14	95	17.309090139876776
14	96	24.000917901373683
14	97	21.72509013987678
14	98	28.41790961308688
14	99	25.776164735170006
14	100	21.179929754231807
14	101	25.44977190588098
14	102	23.357090139876778
14	103	28.583036018591553
14	104	26.834358032921546
14	105	28.925090139876776
14	106	29.445840370598752
