VERTICES = 62
;

DISTANCE_MATRIX = 
0	0	0.0
0	1	2.6486842016367294
0	2	8.190093906903554
0	3	6.106684201636728
0	4	6.260388593657092
0	5	4.49468420163673
0	6	9.606826912150533
0	7	7.588684201636729
0	8	12.18779352727813
0	9	9.85068420163673
0	10	15.009095199757512
0	11	12.759080977580238
0	12	16.261676947220252
0	13	14.106968614289782
0	14	16.597752707733747
0	15	15.081705215073967
0	16	13.535164655147838
0	17	11.507164655147836
0	18	17.412701791434234
0	19	14.829395382972395
0	20	18.236009523366665
0	21	17.816772120455138
0	22	21.700047198777934
0	23	19.51960962801375
0	24	17.303123634688635
0	25	16.02277212045514
0	26	24.550930822729015
0	27	23.036444771291098
0	28	26.079744410380467
0	29	23.7384447712911
0	30	9.387637124237092
0	31	7.724246610857868
0	32	11.661277315730306
0	33	10.276426421229383
0	34	9.849168900584068
0	35	8.706055607861074
0	36	26.11033702190749
0	37	20.56770046517747
0	38	20.25083569373819
0	39	19.878572346093005
0	40	21.260548953480118
0	41	20.918572346093008
0	42	10.44901722044571
0	43	8.63478349790608
0	44	14.984634332357718
0	45	11.926676190067344
0	46	18.630572346093004
0	47	16.8170547938394
0	48	19.193887139630746
0	49	14.705444981397719
0	50	20.847251915480015
0	51	19.332234369718357
0	52	16.31623436971836
0	53	21.8144447712911
0	54	20.782652240540415
0	55	9.618672723865442
0	56	4.364684201636729
0	57	18.25092684654314
0	58	14.59277212045514
0	59	7.053265240028543
0	60	10.52668420163673
0	61	11.468803090100387
1	0	2.6486842016367294
1	1	0.0
1	2	5.541409705266824
1	3	3.4579999999999984
1	4	3.611704392020363
1	5	1.846
1	6	6.958142710513803
1	7	4.9399999999999995
1	8	9.5391093256414
1	9	7.202
1	10	12.360410998120782
1	11	10.110396775943508
1	12	13.61299274558352
1	13	11.458284412653052
1	14	13.949068506097015
1	15	12.433021013437237
1	16	10.886480453511108
1	17	8.858480453511106
1	18	14.764017589797504
1	19	12.180711181335665
1	20	15.587325321729935
1	21	15.168087918818408
1	22	19.051362997141204
1	23	16.87092542637702
1	24	14.654439433051905
1	25	13.374087918818411
1	26	21.902246621092285
1	27	20.38776056965437
1	28	23.431060208743737
1	29	21.08976056965437
1	30	6.738952922600362
1	31	5.075562409221138
1	32	9.012593114093576
1	33	7.627742219592653
1	34	7.200484698947338
1	35	6.0573714062243456
1	36	23.46165282027076
1	37	17.91901626354074
1	38	17.602151492101463
1	39	17.229888144456275
1	40	18.61186475184339
1	41	18.269888144456274
1	42	7.8003330188089794
1	43	5.986099296269351
1	44	12.335950130720988
1	45	9.277991988430614
1	46	15.981888144456276
1	47	14.16837059220267
1	48	16.54520293799402
1	49	12.056760779760989
1	50	18.198567713843282
1	51	16.683550168081624
1	52	13.667550168081627
1	53	19.16576056965437
1	54	18.13396803890369
1	55	6.969988522228713
1	56	1.7159999999999993
1	57	15.602242644906411
1	58	11.94408791881841
1	59	4.404581038391814
1	60	7.878
1	61	8.820118888463657
2	0	8.190093906903554
2	1	5.541409705266824
2	2	0.0
2	3	2.0834097052668255
2	4	8.529114097287188
2	5	6.763409705266826
2	6	11.875552415780628
2	7	9.857409705266825
2	8	13.625146500093384
2	9	11.288037174451985
2	10	15.891556860922133
2	11	13.641542638744859
2	12	17.14413860838487
2	13	14.989430275454403
2	14	17.480214368898366
2	15	15.964166876238586
2	16	9.753409705266826
2	17	7.725409705266825
2	18	13.878743188906862
2	19	11.295436780445023
2	20	14.70205092083929
2	21	14.282813517927764
2	22	18.16608859625056
2	23	15.985651025486378
2	24	13.769165032161261
2	25	12.488813517927767
2	26	21.01697222020164
2	27	19.502486168763724
2	28	22.545785807853093
2	29	20.204486168763726
2	30	5.8536785217097185
2	31	4.190288008330494
2	32	8.127318713202932
2	33	6.742467818702011
2	34	6.315210298056694
2	35	5.172097005333702
2	36	22.576378419380116
2	37	17.033741862650096
2	38	18.898031927724794
2	39	18.525768580079607
2	40	18.316735513799717
2	41	17.974758906412603
2	42	6.549643427806456
2	43	4.735409705266827
2	44	15.867095993522339
2	45	12.809137851231966
2	46	18.461329337713863
2	47	17.69951645500402
2	48	20.07634880079537
2	49	15.58790664256234
2	50	21.729713576644635
2	51	20.214696030882976
2	52	17.198696030882978
2	53	18.280486168763726
2	54	21.665113901705038
2	55	10.501134385030063
2	56	3.8254097052668246
2	57	14.716968244015769
2	58	11.058813517927767
2	59	3.5193066375011703
2	60	6.503409705266828
2	61	7.445528593730486
3	0	6.106684201636728
3	1	3.4579999999999984
3	2	2.0834097052668255
3	3	0.0
3	4	6.445704392020362
3	5	4.68
3	6	9.792142710513803
3	7	7.773999999999999
3	8	11.541736794826559
3	9	9.204627469185159
3	10	13.808147155655307
3	11	11.558132933478033
3	12	15.060728903118045
3	13	12.906020570187577
3	14	15.39680466363154
3	15	13.88075717097176
3	16	7.67
3	17	5.6419999999999995
3	18	11.795333483640036
3	19	9.212027075178197
3	20	12.618641215572465
3	21	12.199403812660938
3	22	16.082678890983736
3	23	13.902241320219552
3	24	11.685755326894435
3	25	10.405403812660941
3	26	18.933562514934817
3	27	17.4190764634969
3	28	20.46237610258627
3	29	18.1210764634969
3	30	3.7702688164428926
3	31	2.1068783030636693
3	32	6.043909007936106
3	33	4.659058113435185
3	34	4.2318005927898685
3	35	3.0886873000668764
3	36	20.492968714113292
3	37	14.95033215738327
3	38	16.814622222457967
3	39	16.442358874812783
3	40	16.233325808532893
3	41	15.891349201145777
3	42	4.46623372253963
3	43	2.652000000000001
3	44	13.783686288255513
3	45	10.72572814596514
3	46	16.37791963244704
3	47	15.616106749737195
3	48	17.99293909552854
3	49	13.504496937295514
3	50	19.64630387137781
3	51	18.131286325616152
3	52	15.115286325616152
3	53	16.197076463496902
3	54	19.58170419643821
3	55	8.417724679763237
3	56	1.741999999999999
3	57	12.633558538748943
3	58	8.975403812660941
3	59	1.4358969322343447
3	60	4.420000000000002
3	61	5.36211888846366
4	0	6.260388593657092
4	1	3.611704392020363
4	2	8.529114097287188
4	3	6.445704392020362
4	4	0.0
4	5	1.7657043920203628
4	6	7.501847102534166
4	7	5.483704392020362
4	8	10.082813717661763
4	9	7.745704392020363
4	10	12.826273250502567
4	11	10.576259028325293
4	12	14.078854997965305
4	13	11.924146665034836
4	14	14.4149307584788
4	15	12.89888326581902
4	16	13.87418484553147
4	17	11.846184845531472
4	18	17.75172198181787
4	19	15.168415573356029
4	20	18.575029713750297
4	21	18.15579231083877
4	22	22.039067389161566
4	23	19.858629818397386
4	24	17.642143825072267
4	25	16.361792310838773
4	26	22.503551241813717
4	27	20.989065190375804
4	28	24.03236482946517
4	29	21.691065190375802
4	30	9.726657314620725
4	31	8.063266801241502
4	32	12.000297506113938
4	33	10.615446611613017
4	34	10.1881890909677
4	35	9.04507579824471
4	36	23.966386953568076
4	37	18.42375039683806
4	38	18.068013744483245
4	39	17.695750396838058
4	40	19.077727004225174
4	41	18.73575039683806
4	42	10.788037410829343
4	43	8.973803688289713
4	44	12.801812383102773
4	45	9.7438542408124
4	46	16.44775039683806
4	47	14.634232844584455
4	48	17.011065190375803
4	49	12.522623032142773
4	50	18.664429966225068
4	51	17.14941242046341
4	52	14.133412420463412
4	53	20.339065190375806
4	54	18.59983029128547
4	55	7.435850774610497
4	56	4.703704392020363
4	57	18.589947036926777
4	58	14.931792310838773
4	59	7.392285430412177
4	60	10.865704392020364
4	61	11.807823280484023
5	0	4.49468420163673
5	1	1.846
5	2	6.763409705266826
5	3	4.68
5	4	1.7657043920203628
5	5	0.0
5	6	5.736142710513803
5	7	3.718
5	8	8.3171093256414
5	9	5.98
5	10	11.060568858482204
5	11	8.81055463630493
5	12	12.313150605944942
5	13	10.158442273014474
5	14	12.649226366458437
5	15	11.13317887379866
5	16	12.10848045351111
5	17	10.080480453511107
5	18	15.986017589797505
5	19	13.402711181335667
5	20	16.809325321729936
5	21	16.39008791881841
5	22	20.273362997141206
5	23	18.092925426377022
5	24	15.876439433051907
5	25	14.596087918818412
5	26	20.737846849793353
5	27	19.22336079835544
5	28	22.266660437444806
5	29	19.92536079835544
5	30	7.960952922600363
5	31	6.29756240922114
5	32	10.234593114093578
5	33	8.849742219592654
5	34	8.42248469894734
5	35	7.279371406224347
5	36	22.200682561547715
5	37	16.6580460048177
5	38	16.302309352462885
5	39	15.930046004817697
5	40	17.312022612204814
5	41	16.970046004817696
5	42	9.02233301880898
5	43	7.208099296269352
5	44	11.03610799108241
5	45	7.978149848792037
5	46	14.682046004817698
5	47	12.868528452564092
5	48	15.24536079835544
5	49	10.75691864012241
5	50	16.898725574204704
5	51	15.383708028443047
5	52	12.36770802844305
5	53	18.573360798355445
5	54	16.83412589926511
5	55	5.670146382590135
5	56	2.9380000000000006
5	57	16.824242644906413
5	58	13.16608791881841
5	59	5.626581038391815
5	60	9.100000000000001
5	61	10.042118888463659
6	0	9.606826912150533
6	1	6.958142710513803
6	2	11.875552415780628
6	3	9.792142710513803
6	4	7.501847102534166
6	5	5.736142710513803
6	6	0.0
6	7	2.0181427105138035
6	8	6.617252036155204
6	9	4.280142710513804
6	10	9.468156932691079
6	11	7.2181427105138045
6	12	10.750851043444273
6	13	8.596142710513805
6	14	11.291860792209299
6	15	9.775813299549519
6	16	17.22062316402491
6	17	15.19262316402491
6	18	21.098160300311307
6	19	18.51485389184947
6	20	18.812493411315852
6	21	18.39325600840433
6	22	20.518161876501445
6	23	18.337724305737265
6	24	20.988582143565708
6	25	19.708230629332213
6	26	19.380481275544213
6	27	17.8659952241063
6	28	20.90929486319567
6	29	18.567995224106305
6	30	13.073095633114164
6	31	11.40970511973494
6	32	15.346735824607379
6	33	13.961884930106457
6	34	13.534627409461141
6	35	12.391514116738149
6	36	20.843316987298575
6	37	15.300680430568558
6	38	14.944943778213744
6	39	14.572680430568559
6	40	15.954657037955673
6	41	15.61268043056856
6	42	14.134475729322784
6	43	12.320242006783154
6	44	9.678742416833272
6	45	6.620784274542898
6	46	13.32468043056856
6	47	11.511162878314954
6	48	13.887995224106302
6	49	9.399553065873272
6	50	15.541359999955567
6	51	14.026342454193909
6	52	11.01034245419391
6	53	17.215995224106305
6	54	15.47676032501597
6	55	4.312780808340996
6	56	8.050142710513803
6	57	17.069041524266655
6	58	18.278230629332214
6	59	10.738723748905617
6	60	14.212142710513804
6	61	15.154261598977463
7	0	7.588684201636729
7	1	4.9399999999999995
7	2	9.857409705266825
7	3	7.773999999999999
7	4	5.483704392020362
7	5	3.718
7	6	2.0181427105138035
7	7	0.0
7	8	4.5991093256414
7	9	2.2620000000000005
7	10	7.450014222177275
7	11	5.200000000000001
7	12	8.73270833293047
7	13	6.578000000000001
7	14	9.273718081695495
7	15	7.757670589035717
7	16	15.202480453511107
7	17	13.174480453511107
7	18	19.080017589797507
7	19	16.496711181335666
7	20	16.79435070080205
7	21	16.375113297890522
7	22	18.50001916598764
7	23	16.31958159522346
7	24	18.970439433051904
7	25	17.69008791881841
7	26	17.362338565030413
7	27	15.847852513592498
7	28	18.891152152681865
7	29	16.5498525135925
7	30	11.05495292260036
7	31	9.391562409221137
7	32	13.328593114093575
7	33	11.943742219592654
7	34	11.516484698947338
7	35	10.373371406224345
7	36	18.82517427678477
7	37	13.282537720054755
7	38	12.926801067699941
7	39	12.554537720054755
7	40	13.93651432744187
7	41	13.594537720054756
7	42	12.11633301880898
7	43	10.30209929626935
7	44	7.660599706319468
7	45	4.602641564029096
7	46	11.306537720054756
7	47	9.49302016780115
7	48	11.869852513592498
7	49	7.381410355359469
7	50	13.523217289441764
7	51	12.008199743680105
7	52	8.992199743680107
7	53	15.197852513592501
7	54	13.458617614502167
7	55	2.294638097827193
7	56	6.032
7	57	15.050898813752852
7	58	16.26008791881841
7	59	8.720581038391813
7	60	12.194
7	61	13.13611888846366
8	0	12.18779352727813
8	1	9.5391093256414
8	2	13.625146500093384
8	3	11.541736794826559
8	4	10.082813717661763
8	5	8.3171093256414
8	6	6.617252036155204
8	7	4.5991093256414
8	8	0.0
8	9	2.3371093256414004
8	10	7.525123547818675
8	11	5.275109325641401
8	12	8.807817658571869
8	13	6.653109325641401
8	14	9.807156818301179
8	15	8.2911093256414
8	16	18.97021724833767
8	17	16.94221724833767
8	18	22.847754384624068
8	19	20.264447976162227
8	20	17.623724718038176
8	21	17.204487315126652
8	22	19.32939318322377
8	23	17.148955612459588
8	24	20.095861984664978
8	25	18.815510470431484
8	26	18.19171258226654
8	27	16.677226530828626
8	28	19.720526169917996
8	29	17.37922653082863
8	30	14.822689717426922
8	31	13.159299204047699
8	32	17.096329908920136
8	33	15.711479014419215
8	34	15.284221493773899
8	35	14.141108201050907
8	36	19.654548294020902
8	37	14.111911737290884
8	38	13.75617508493607
8	39	13.383911737290884
8	40	14.765888344677998
8	41	14.423911737290885
8	42	15.884069813635541
8	43	14.069836091095912
8	44	8.489973723555597
8	45	5.432015581265224
8	46	12.135911737290884
8	47	10.322394185037279
8	48	12.699226530828627
8	49	8.210784372595597
8	50	14.352591306677892
8	51	12.837573760916234
8	52	9.821573760916236
8	53	16.02722653082863
8	54	14.287991631738295
8	55	3.1240121150633215
8	56	9.79973679482656
8	57	15.88027283098898
8	58	19.538427557076982
8	59	12.488317833218375
8	60	15.96173679482656
8	61	16.903855683290217
9	0	9.85068420163673
9	1	7.202
9	2	11.288037174451985
9	3	9.204627469185159
9	4	7.745704392020363
9	5	5.98
9	6	4.280142710513804
9	7	2.2620000000000005
9	8	2.3371093256414004
9	9	0.0
9	10	5.188014222177275
9	11	2.9380000000000006
9	12	6.470708332930469
9	13	4.316000000000001
9	14	7.470047492659779
9	15	5.954
9	16	16.63310792269627
9	17	14.605107922696268
9	18	20.510645058982668
9	19	17.927338650520827
9	20	15.286615392396778
9	21	14.867377989485252
9	22	16.992283857582372
9	23	14.81184628681819
9	24	17.75875265902358
9	25	16.478401144790084
9	26	15.85460325662514
9	27	14.340117205187227
9	28	17.383416844276596
9	29	15.042117205187228
9	30	12.485580391785522
9	31	10.822189878406299
9	32	14.759220583278736
9	33	13.374369688777815
9	34	12.947112168132499
9	35	11.803998875409507
9	36	17.317438968379502
9	37	11.774802411649484
9	38	11.41906575929467
9	39	11.046802411649484
9	40	12.428779019036599
9	41	12.086802411649485
9	42	13.546960487994141
9	43	11.732726765454512
9	44	6.152864397914197
9	45	3.0949062556238234
9	46	9.798802411649485
9	47	7.985284859395879
9	48	10.362117205187227
9	49	5.873675046954197
9	50	12.015481981036492
9	51	10.500464435274834
9	52	7.484464435274836
9	53	13.69011720518723
9	54	11.950882306096895
9	55	0.7869027894219213
9	56	7.4626274691851595
9	57	13.54316350534758
9	58	17.201318231435582
9	59	10.151208507576975
9	60	13.62462746918516
9	61	14.566746357648817
10	0	15.009095199757512
10	1	12.360410998120782
10	2	15.891556860922133
10	3	13.808147155655307
10	4	12.826273250502567
10	5	11.060568858482204
10	6	9.468156932691079
10	7	7.450014222177275
10	8	7.525123547818675
10	9	5.188014222177275
10	10	0.0
10	11	2.250014222177274
10	12	5.782722555107743
10	13	3.628014222177274
10	14	6.782061714837052
10	15	5.266014222177273
10	16	21.236627609166415
10	17	19.208627609166413
10	18	24.295732606450876
10	19	21.712426197989032
10	20	16.59972335895023
10	21	16.1804859560387
10	22	18.30539182413582
10	23	16.12495425337164
10	24	19.071860625577028
10	25	17.791509111343533
10	26	17.066942431848215
10	27	15.552456380410302
10	28	18.595756019499667
10	29	16.254456380410303
10	30	17.08910007825567
10	31	15.425709564876446
10	32	19.362740269748883
10	33	17.977889375247962
10	34	17.550631854602646
10	35	16.407518561879655
10	36	18.630546934932955
10	37	13.087910378202936
10	38	12.732173725848122
10	39	12.359910378202937
10	40	13.741886985590053
10	41	13.399910378202938
10	42	18.15048017446429
10	43	16.33624645192466
10	44	7.465972364467651
10	45	4.408014222177277
10	46	11.111910378202937
10	47	9.197624034618954
10	48	11.574456380410304
10	49	7.0860142221772735
10	50	13.489031767938929
10	51	11.97401422217727
10	52	8.958014222177273
10	53	14.902456380410307
10	54	13.424432092999332
10	55	5.39042247589207
10	56	12.066147155655308
10	57	14.856271471901032
10	58	18.514426197989035
10	59	14.754728194047122
10	60	18.228147155655307
10	61	19.170266044118964
11	0	12.759080977580238
11	1	10.110396775943508
11	2	13.641542638744859
11	3	11.558132933478033
11	4	10.576259028325293
11	5	8.81055463630493
11	6	7.2181427105138045
11	7	5.200000000000001
11	8	5.275109325641401
11	9	2.9380000000000006
11	10	2.250014222177274
11	11	0.0
11	12	3.5327083329304685
11	13	1.3780000000000001
11	14	4.532047492659778
11	15	3.015999999999999
11	16	18.98661338698914
11	17	16.958613386989143
11	18	22.0457183842736
11	19	19.46241197581176
11	20	14.349709136772955
11	21	13.93047173386143
11	22	16.055377601958547
11	23	13.874940031194367
11	24	16.821846403399753
11	25	15.541494889166259
11	26	14.816928209670941
11	27	13.302442158233028
11	28	16.345741797322393
11	29	14.00444215823303
11	30	14.839085856078395
11	31	13.175695342699171
11	32	17.11272604757161
11	33	15.727875153070688
11	34	15.300617632425372
11	35	14.15750433970238
11	36	16.38053271275568
11	37	10.837896156025662
11	38	10.482159503670848
11	39	10.109896156025663
11	40	11.491872763412779
11	41	11.149896156025664
11	42	15.900465952287014
11	43	14.086232229747385
11	44	5.2159581422903765
11	45	2.158000000000003
11	46	8.861896156025663
11	47	6.947609812441681
11	48	9.32444215823303
11	49	4.835999999999999
11	50	11.239017545761657
11	51	9.723999999999997
11	52	6.707999999999999
11	53	12.652442158233033
11	54	11.174417870822058
11	55	3.1404082537147953
11	56	9.816132933478034
11	57	12.606257249723757
11	58	16.26441197581176
11	59	12.504713971869847
11	60	15.978132933478035
11	61	16.920251821941694
12	0	16.261676947220252
12	1	13.61299274558352
12	2	17.14413860838487
12	3	15.060728903118045
12	4	14.078854997965305
12	5	12.313150605944942
12	6	10.750851043444273
12	7	8.73270833293047
12	8	8.807817658571869
12	9	6.470708332930469
12	10	5.782722555107743
12	11	3.5327083329304685
12	12	0.0
12	13	2.1547083329304684
12	14	5.3087558255902465
12	15	3.7927083329304674
12	16	22.489209356629154
12	17	20.461209356629155
12	18	25.578426717204067
12	19	22.99512030874223
12	20	17.882417469703423
12	21	17.4631800667919
12	22	19.588085934889016
12	23	17.407648364124835
12	24	20.354554736330222
12	25	19.074203222096727
12	26	16.165636542601412
12	27	14.651150491163499
12	28	17.694450130252864
12	29	15.3531504911635
12	30	18.341681825718407
12	31	16.678291312339184
12	32	20.61532201721162
12	33	19.2304711227107
12	34	18.803213602065384
12	35	17.66010030934239
12	36	19.91324104568615
12	37	14.37060448895613
12	38	14.014867836601317
12	39	13.642604488956131
12	40	15.024581096343248
12	41	14.682604488956132
12	42	19.403061921927026
12	43	17.588828199387397
12	44	8.748666475220844
12	45	5.6907083329304715
12	46	12.394604488956132
12	47	8.296318145372151
12	48	10.6731504911635
12	49	6.18470833293047
12	50	12.015725878692125
12	51	10.500708332930465
12	52	7.4847083329304676
12	53	14.001150491163504
12	54	11.951126203752526
12	55	6.643004223354808
12	56	13.318728903118046
12	57	16.138965582654226
12	58	19.79712030874223
12	59	16.00730994150986
12	60	19.48072890311805
12	61	20.422847791581706
13	0	14.106968614289782
13	1	11.458284412653052
13	2	14.989430275454403
13	3	12.906020570187577
13	4	11.924146665034836
13	5	10.158442273014474
13	6	8.596142710513805
13	7	6.578000000000001
13	8	6.653109325641401
13	9	4.316000000000001
13	10	3.628014222177274
13	11	1.3780000000000001
13	12	2.1547083329304684
13	13	0.0
13	14	3.154047492659778
13	15	1.637999999999999
13	16	20.334501023698685
13	17	18.306501023698686
13	18	23.4237183842736
13	19	20.84041197581176
13	20	15.727709136772955
13	21	15.30847173386143
13	22	17.433377601958547
13	23	15.252940031194367
13	24	18.199846403399754
13	25	16.91949488916626
13	26	14.010928209670944
13	27	12.49644215823303
13	28	15.539741797322396
13	29	13.198442158233032
13	30	16.18697349278794
13	31	14.523582979408715
13	32	18.460613684281153
13	33	17.07576278978023
13	34	16.648505269134915
13	35	15.505391976411923
13	36	17.75853271275568
13	37	12.215896156025662
13	38	11.860159503670848
13	39	11.487896156025663
13	40	12.86987276341278
13	41	12.527896156025664
13	42	17.248353588996558
13	43	15.434119866456928
13	44	6.593958142290377
13	45	3.536000000000003
13	46	10.239896156025663
13	47	6.141609812441684
13	48	8.518442158233032
13	49	4.030000000000002
13	50	9.861017545761657
13	51	8.345999999999997
13	52	5.329999999999999
13	53	11.846442158233035
13	54	9.796417870822058
13	55	4.4882958904243395
13	56	11.164020570187578
13	57	13.984257249723758
13	58	17.64241197581176
13	59	13.852601608579391
13	60	17.32602057018758
13	61	18.268139458651238
14	0	16.597752707733747
14	1	13.949068506097015
14	2	17.480214368898366
14	3	15.39680466363154
14	4	14.4149307584788
14	5	12.649226366458437
14	6	11.291860792209299
14	7	9.273718081695495
14	8	9.807156818301179
14	9	7.470047492659779
14	10	6.782061714837052
14	11	4.532047492659778
14	12	5.3087558255902465
14	13	3.154047492659778
14	14	0.0
14	15	1.516047492659779
14	16	22.82528511714265
14	17	20.79728511714265
14	18	25.38176587693338
14	19	22.798459468471542
14	20	17.685756629432735
14	21	17.26651922652121
14	22	19.391425094618327
14	23	17.210987523854147
14	24	20.157893896059534
14	25	18.87754238182604
14	26	15.86076282799338
14	27	14.346276776555467
14	28	15.56911517016573
14	29	13.227815531076363
14	30	18.677757586231902
14	31	17.01436707285268
14	32	20.951397777725116
14	33	19.566546883224195
14	34	19.13928936257888
14	35	17.996176069855885
14	36	19.716580205415458
14	37	14.17394364868544
14	38	13.818206996330627
14	39	13.445943648685441
14	40	14.827920256072556
14	41	14.485943648685442
14	42	19.73913768244052
14	43	17.92490395990089
14	44	8.552005634950156
14	45	5.4940474926597815
14	46	12.197943648685442
14	47	8.099657305101463
14	48	10.47648965089281
14	49	5.98804749265978
14	50	9.739065038421437
14	51	8.224047492659778
14	52	5.208047492659779
14	53	13.804489650892814
14	54	9.674465363481838
14	55	6.979079983868303
14	56	13.654804663631541
14	57	15.942304742383538
14	58	19.60045946847154
14	59	16.343385702023355
14	60	19.816804663631544
14	61	20.7589235520952
15	0	15.081705215073967
15	1	12.433021013437237
15	2	15.964166876238586
15	3	13.88075717097176
15	4	12.89888326581902
15	5	11.13317887379866
15	6	9.775813299549519
15	7	7.757670589035717
15	8	8.2911093256414
15	9	5.954
15	10	5.266014222177273
15	11	3.015999999999999
15	12	3.7927083329304674
15	13	1.637999999999999
15	14	1.516047492659779
15	15	0.0
15	16	21.30923762448287
15	17	19.28123762448287
15	18	23.8657183842736
15	19	21.282411975811762
15	20	16.169709136772955
15	21	15.75047173386143
15	22	17.875377601958547
15	23	15.694940031194367
15	24	18.641846403399754
15	25	17.36149488916626
15	26	14.344715335333602
15	27	12.830229283895687
15	28	14.05306767750595
15	29	11.711768038416585
15	30	17.161710093572122
15	31	15.498319580192899
15	32	19.435350285065336
15	33	18.050499390564415
15	34	17.6232418699191
15	35	16.480128577196105
15	36	18.200532712755678
15	37	12.65789615602566
15	38	12.302159503670847
15	39	11.929896156025661
15	40	13.311872763412776
15	41	12.969896156025662
15	42	18.22309018978074
15	43	16.40885646724111
15	44	7.035958142290376
15	45	3.9780000000000024
15	46	10.681896156025662
15	47	6.583609812441683
15	48	8.960442158233032
15	49	4.472000000000001
15	50	8.223017545761657
15	51	6.707999999999998
15	52	3.692
15	53	12.288442158233035
15	54	8.15841787082206
15	55	5.463032491208524
15	56	12.138757170971761
15	57	14.426257249723758
15	58	18.08441197581176
15	59	14.827338209363575
15	60	18.300757170971764
15	61	19.24287605943542
16	0	13.535164655147838
16	1	10.886480453511108
16	2	9.753409705266826
16	3	7.67
16	4	13.87418484553147
16	5	12.10848045351111
16	6	17.22062316402491
16	7	15.202480453511107
16	8	18.97021724833767
16	9	16.63310792269627
16	10	21.236627609166415
16	11	18.98661338698914
16	12	22.489209356629154
16	13	20.334501023698685
16	14	22.82528511714265
16	15	21.30923762448287
16	16	0.0
16	17	2.0280000000000005
16	18	8.53730640846184
16	19	5.954
16	20	11.547237402911524
16	21	11.128
16	22	15.011275078322793
16	23	12.830837507558613
16	24	10.614351514233494
16	25	9.334
16	26	17.862158702273874
16	27	16.34767265083596
16	28	19.390972289925326
16	29	17.049672650835962
16	30	8.816271299327841
16	31	7.152880785948618
16	32	5.934850894500921
16	33	4.55
16	34	7.279113292722992
16	35	6.136
16	36	19.42156490145235
16	37	13.878928344722333
16	38	15.743218409797027
16	39	15.37095506215184
16	40	15.161921995871952
16	41	14.819945388484836
16	42	6.832233722539628
16	43	5.017999999999999
16	44	18.952453833521385
16	45	18.15420859947625
16	46	15.3065158197861
16	47	20.83050499662731
16	48	18.453672650835966
16	49	20.932977390806624
16	50	19.377368312569054
16	51	21.91686432556061
16	52	22.54376677912726
16	53	15.125672650835963
16	54	23.36728219638267
16	55	15.846205133274346
16	56	9.170480453511107
16	57	11.562154726088004
16	58	7.904000000000001
16	59	6.481899415119294
16	60	10.062
16	61	11.004118888463658
17	0	11.507164655147836
17	1	8.858480453511106
17	2	7.725409705266825
17	3	5.6419999999999995
17	4	11.846184845531472
17	5	10.080480453511107
17	6	15.19262316402491
17	7	13.174480453511107
17	8	16.94221724833767
17	9	14.605107922696268
17	10	19.208627609166413
17	11	16.958613386989143
17	12	20.461209356629155
17	13	18.306501023698686
17	14	20.79728511714265
17	15	19.28123762448287
17	16	2.0280000000000005
17	17	0.0
17	18	6.509306408461839
17	19	3.9259999999999993
17	20	9.519237402911525
17	21	9.099999999999998
17	22	12.983275078322794
17	23	10.802837507558612
17	24	8.586351514233495
17	25	7.306
17	26	15.834158702273875
17	27	14.319672650835958
17	28	17.362972289925327
17	29	15.02167265083596
17	30	6.788271299327842
17	31	5.124880785948617
17	32	3.906850894500921
17	33	2.5219999999999994
17	34	5.251113292722992
17	35	4.108
17	36	17.39356490145235
17	37	11.85092834472233
17	38	13.715218409797027
17	39	13.342955062151841
17	40	13.133921995871951
17	41	12.791945388484837
17	42	4.804233722539627
17	43	2.9899999999999984
17	44	16.924453833521387
17	45	16.12620859947625
17	46	13.278515819786097
17	47	18.802504996627313
17	48	16.425672650835963
17	49	18.90497739080662
17	50	17.349368312569055
17	51	19.88886432556061
17	52	20.51576677912726
17	53	13.09767265083596
17	54	21.339282196382673
17	55	13.818205133274345
17	56	7.142480453511108
17	57	9.534154726088003
17	58	5.876
17	59	4.453899415119293
17	60	8.033999999999999
17	61	8.976118888463656
18	0	17.412701791434234
18	1	14.764017589797504
18	2	13.878743188906862
18	3	11.795333483640036
18	4	17.75172198181787
18	5	15.986017589797505
18	6	21.098160300311307
18	7	19.080017589797507
18	8	22.847754384624068
18	9	20.510645058982668
18	10	24.295732606450876
18	11	22.0457183842736
18	12	25.578426717204067
18	13	23.4237183842736
18	14	25.38176587693338
18	15	23.8657183842736
18	16	8.53730640846184
18	17	6.509306408461839
18	18	0.0
18	19	2.5833064084618402
18	20	9.424543811373363
18	21	9.005306408461838
18	22	12.888581486784632
18	23	10.70814391602045
18	24	8.491657922695333
18	25	7.211306408461839
18	26	15.739465110735713
18	27	14.224979059297798
18	28	17.268278698387164
18	29	14.9269790592978
18	30	12.358696921841062
18	31	10.695306408461839
18	32	9.32415730296276
18	33	7.939306408461839
18	34	10.668419701184831
18	35	9.525306408461839
18	36	17.29887130991419
18	37	11.75623475318417
18	38	13.620524818258865
18	39	13.248261470613679
18	40	13.039228404333791
18	41	12.697251796946675
18	42	11.313540131001467
18	43	9.499306408461837
18	44	16.829760241983223
18	45	19.887718384273597
18	46	13.183822228247937
18	47	18.707811405089153
18	48	16.330979059297803
18	49	20.81942121753083
18	50	17.254674721030895
18	51	19.79417073402245
18	52	21.78569226679255
18	53	13.0029790592978
18	54	21.24458860484451
18	55	19.723742269560745
18	56	13.048017589797507
18	57	9.439461134549841
18	58	5.781306408461839
18	59	10.359436551405691
18	60	14.524633305461855
18	61	15.466752193925512
19	0	14.829395382972395
19	1	12.180711181335665
19	2	11.295436780445023
19	3	9.212027075178197
19	4	15.168415573356029
19	5	13.402711181335667
19	6	18.51485389184947
19	7	16.496711181335666
19	8	20.264447976162227
19	9	17.927338650520827
19	10	21.712426197989032
19	11	19.46241197581176
19	12	22.99512030874223
19	13	20.84041197581176
19	14	22.798459468471542
19	15	21.282411975811762
19	16	5.954
19	17	3.9259999999999993
19	18	2.5833064084618402
19	19	0.0
19	20	6.841237402911522
19	21	6.421999999999997
19	22	10.305275078322792
19	23	8.12483750755861
19	24	5.908351514233493
19	25	4.627999999999998
19	26	13.156158702273872
19	27	11.641672650835957
19	28	14.684972289925325
19	29	12.343672650835959
19	30	9.775390513379222
19	31	8.111999999999998
19	32	6.74085089450092
19	33	5.355999999999998
19	34	8.08511329272299
19	35	6.941999999999998
19	36	14.715564901452348
19	37	9.17292834472233
19	38	11.037218409797024
19	39	10.664955062151838
19	40	10.45592199587195
19	41	10.113945388484835
19	42	8.730233722539626
19	43	6.915999999999998
19	44	14.246453833521384
19	45	17.30441197581176
19	46	10.600515819786096
19	47	16.12450499662731
19	48	13.747672650835963
19	49	18.236114809068994
19	50	14.671368312569053
19	51	17.210864325560607
19	52	19.202385858330715
19	53	10.41967265083596
19	54	18.661282196382672
19	55	17.140435861098904
19	56	10.464711181335666
19	57	6.856154726088001
19	58	3.1979999999999986
19	59	7.776130142943852
19	60	11.941326897000016
19	61	12.883445785463675
20	0	18.236009523366665
20	1	15.587325321729935
20	2	14.70205092083929
20	3	12.618641215572465
20	4	18.575029713750297
20	5	16.809325321729936
20	6	18.812493411315852
20	7	16.79435070080205
20	8	17.623724718038176
20	9	15.286615392396778
20	10	16.59972335895023
20	11	14.349709136772955
20	12	17.882417469703423
20	13	15.727709136772955
20	14	17.685756629432735
20	15	16.169709136772955
20	16	11.547237402911524
20	17	9.519237402911525
20	18	9.424543811373363
20	19	6.841237402911522
20	20	0.0
20	21	0.41923740291152534
20	22	4.4456749736757075
20	23	2.2652374029115254
20	24	3.545588917145018
20	25	2.2652374029115236
20	26	8.043455863235067
20	27	6.528969811797153
20	28	9.57226945088652
20	29	7.230969811797155
20	30	13.517116167546668
20	31	11.853725654167445
20	32	10.826088297412445
20	33	9.441237402911524
20	34	12.222350695634516
20	35	11.079237402911524
20	36	9.602862062413543
20	37	4.060225505683525
20	38	5.924515570758221
20	39	5.552252223113035
20	40	5.343219156833145
20	41	5.00124254944603
20	42	14.323471125451153
20	43	12.509237402911523
20	44	9.133750994482579
20	45	12.191709136772953
20	46	5.487812980747292
20	47	11.011802157588507
20	48	8.63496981179716
20	49	13.123411970030189
20	50	9.55866547353025
20	51	12.098161486521803
20	52	14.089683019291908
20	53	5.306969811797155
20	54	13.548579357343865
20	55	14.499712602974856
20	56	13.871325321729934
20	57	1.743451887049197
20	58	3.6432374029115238
20	59	11.18274428333812
20	60	15.347941037394286
20	61	16.290059925857943
21	0	17.816772120455138
21	1	15.168087918818408
21	2	14.282813517927764
21	3	12.199403812660938
21	4	18.15579231083877
21	5	16.39008791881841
21	6	18.39325600840433
21	7	16.375113297890522
21	8	17.204487315126652
21	9	14.867377989485252
21	10	16.1804859560387
21	11	13.93047173386143
21	12	17.4631800667919
21	13	15.30847173386143
21	14	17.26651922652121
21	15	15.75047173386143
21	16	11.128
21	17	9.099999999999998
21	18	9.005306408461838
21	19	6.421999999999997
21	20	0.41923740291152534
21	21	0.0
21	22	4.026437570764182
21	23	1.846
21	24	3.126351514233493
21	25	1.8459999999999983
21	26	7.624218460323542
21	27	6.109732408885628
21	28	9.153032047974994
21	29	6.8117324088856295
21	30	13.09787876463514
21	31	11.434488251255917
21	32	10.40685089450092
21	33	9.021999999999998
21	34	11.80311329272299
21	35	10.659999999999998
21	36	9.183624659502017
21	37	3.640988102772
21	38	5.505278167846695
21	39	5.13301482020151
21	40	4.92398175392162
21	41	4.582005146534505
21	42	13.904233722539628
21	43	12.089999999999998
21	44	8.714513591571054
21	45	11.772471733861428
21	46	5.068575577835767
21	47	10.592564754676982
21	48	8.215732408885632
21	49	12.704174567118663
21	50	9.139428070618724
21	51	11.678924083610278
21	52	13.670445616380382
21	53	4.88773240888563
21	54	13.12934195443234
21	55	14.080475200063331
21	56	13.452087918818407
21	57	1.3242144841376717
21	58	3.2239999999999984
21	59	10.763506880426593
21	60	14.928703634482758
21	61	15.870822522946415
22	0	21.700047198777934
22	1	19.051362997141204
22	2	18.16608859625056
22	3	16.082678890983736
22	4	22.039067389161566
22	5	20.273362997141206
22	6	20.518161876501445
22	7	18.50001916598764
22	8	19.32939318322377
22	9	16.992283857582372
22	10	18.30539182413582
22	11	16.055377601958547
22	12	19.588085934889016
22	13	17.433377601958547
22	14	19.391425094618327
22	15	17.875377601958547
22	16	15.011275078322793
22	17	12.983275078322794
22	18	12.888581486784632
22	19	10.305275078322792
22	20	4.4456749736757075
22	21	4.026437570764182
22	22	0.0
22	23	2.1804375707641817
22	24	7.152789084997675
22	25	5.8724375707641805
22	26	8.40092362220209
22	27	6.886437570764176
22	28	9.929737209853542
22	29	7.588437570764178
22	30	16.981153842957937
22	31	15.317763329578714
22	32	14.290125972823715
22	33	12.905275078322793
22	34	15.686388371045785
22	35	14.543275078322793
22	36	11.0250741274942
22	37	5.482437570764182
22	38	7.630184035943814
22	39	7.257920688298627
22	40	6.8644141781512955
22	41	6.522437570764181
22	42	17.787508800862422
22	43	15.973275078322793
22	44	10.839419459668171
22	45	13.897377601958546
22	46	7.1934814459328855
22	47	11.369269916555531
22	48	8.992437570764181
22	49	13.480879728997213
22	50	9.916133232497273
22	51	12.455629245488828
22	52	14.44715077825893
22	53	5.6644375707641785
22	54	13.906047116310889
22	55	16.20538106816045
22	56	17.335362997141203
22	57	3.4491203522347904
22	58	7.107275078322793
22	59	14.64678195874939
22	60	18.811978712805555
22	61	19.754097601269212
23	0	19.51960962801375
23	1	16.87092542637702
23	2	15.985651025486378
23	3	13.902241320219552
23	4	19.858629818397386
23	5	18.092925426377022
23	6	18.337724305737265
23	7	16.31958159522346
23	8	17.148955612459588
23	9	14.81184628681819
23	10	16.12495425337164
23	11	13.874940031194367
23	12	17.407648364124835
23	13	15.252940031194367
23	14	17.210987523854147
23	15	15.694940031194367
23	16	12.830837507558613
23	17	10.802837507558612
23	18	10.70814391602045
23	19	8.12483750755861
23	20	2.2652374029115254
23	21	1.846
23	22	2.1804375707641817
23	23	0.0
23	24	4.972351514233493
23	25	3.6919999999999984
23	26	6.220486051437908
23	27	4.705999999999994
23	28	7.749299639089361
23	29	5.407999999999996
23	30	14.800716272193757
23	31	13.137325758814532
23	32	12.109688402059533
23	33	10.724837507558611
23	34	13.505950800281603
23	35	12.362837507558613
23	36	8.844636556730016
23	37	3.3019999999999996
23	38	5.449746465179633
23	39	5.077483117534446
23	40	4.683976607387113
23	41	4.341999999999999
23	42	15.607071230098242
23	43	13.792837507558612
23	44	8.658981888903991
23	45	11.716940031194365
23	46	5.013043875168704
23	47	9.188832345791347
23	48	6.811999999999999
23	49	11.300442158233029
23	50	7.73569566173309
23	51	10.275191674724645
23	52	12.266713207494748
23	53	3.4839999999999964
23	54	11.725609545546707
23	55	14.024943497396269
23	56	15.154925426377023
23	57	1.268682781470609
23	58	4.926837507558612
23	59	12.466344387985208
23	60	16.63154114204137
23	61	17.573660030505028
24	0	17.303123634688635
24	1	14.654439433051905
24	2	13.769165032161261
24	3	11.685755326894435
24	4	17.642143825072267
24	5	15.876439433051907
24	6	20.988582143565708
24	7	18.970439433051904
24	8	20.095861984664978
24	9	17.75875265902358
24	10	19.071860625577028
24	11	16.821846403399753
24	12	20.354554736330222
24	13	18.199846403399754
24	14	20.157893896059534
24	15	18.641846403399754
24	16	10.614351514233494
24	17	8.586351514233495
24	18	8.491657922695333
24	19	5.908351514233493
24	20	3.545588917145018
24	21	3.126351514233493
24	22	7.152789084997675
24	23	4.972351514233493
24	24	0.0
24	25	1.2803515142334945
24	26	10.515593129861866
24	27	9.001107078423953
24	28	12.044406717513318
24	29	9.703107078423955
24	30	12.584230278868638
24	31	10.920839765489415
24	32	9.893202408734416
24	33	8.508351514233494
24	34	11.289464806956486
24	35	10.146351514233494
24	36	12.074999329040342
24	37	6.532362772310324
24	38	8.39665283738502
24	39	8.024389489739834
24	40	7.815356423459944
24	41	7.473379816072829
24	42	13.390585236773124
24	43	11.576351514233494
24	44	11.605888261109378
24	45	14.663846403399752
24	46	7.959950247374091
24	47	13.483939424215306
24	48	11.107107078423958
24	49	15.595549236656987
24	50	12.030802740157048
24	51	14.570298753148602
24	52	16.561820285918706
24	53	7.779107078423954
24	54	16.020716623970664
24	55	16.971849869601655
24	56	12.938439433051904
24	57	4.215589153675996
24	58	2.710351514233494
24	59	10.249858394660091
24	60	14.415055148716256
24	61	15.357174037179913
25	0	16.02277212045514
25	1	13.374087918818411
25	2	12.488813517927767
25	3	10.405403812660941
25	4	16.361792310838773
25	5	14.596087918818412
25	6	19.708230629332213
25	7	17.69008791881841
25	8	18.815510470431484
25	9	16.478401144790084
25	10	17.791509111343533
25	11	15.541494889166259
25	12	19.074203222096727
25	13	16.91949488916626
25	14	18.87754238182604
25	15	17.36149488916626
25	16	9.334
25	17	7.306
25	18	7.211306408461839
25	19	4.627999999999998
25	20	2.2652374029115236
25	21	1.8459999999999983
25	22	5.8724375707641805
25	23	3.6919999999999984
25	24	1.2803515142334945
25	25	0.0
25	26	9.235241615628372
25	27	7.720755564190458
25	28	10.764055203279824
25	29	8.42275556419046
25	30	11.303878764635144
25	31	9.64048825125592
25	32	8.612850894500921
25	33	7.228
25	34	10.009113292722992
25	35	8.866
25	36	10.794647814806847
25	37	5.252011258076831
25	38	7.116301323151525
25	39	6.744037975506339
25	40	6.5350049092264495
25	41	6.193028301839336
25	42	12.110233722539629
25	43	10.296
25	44	10.325536746875883
25	45	13.383494889166258
25	46	6.6795987331405975
25	47	12.203587909981811
25	48	9.826755564190464
25	49	14.315197722423493
25	50	10.750451225923554
25	51	13.289947238915108
25	52	15.281468771685212
25	53	6.498755564190461
25	54	14.74036510973717
25	55	15.69149835536816
25	56	11.65808791881841
25	57	2.935237639442502
25	58	1.4299999999999997
25	59	8.969506880426596
25	60	13.134703634482761
25	61	14.076822522946419
26	0	24.550930822729015
26	1	21.902246621092285
26	2	21.01697222020164
26	3	18.933562514934817
26	4	22.503551241813717
26	5	20.737846849793353
26	6	19.380481275544213
26	7	17.362338565030413
26	8	18.19171258226654
26	9	15.85460325662514
26	10	17.066942431848215
26	11	14.816928209670941
26	12	16.165636542601412
26	13	14.010928209670944
26	14	15.86076282799338
26	15	14.344715335333602
26	16	17.862158702273874
26	17	15.834158702273875
26	18	15.739465110735713
26	19	13.156158702273872
26	20	8.043455863235067
26	21	7.624218460323542
26	22	8.40092362220209
26	23	6.220486051437908
26	24	10.515593129861866
26	25	9.235241615628372
26	26	0.0
26	27	1.514486051437914
26	28	5.649785690527279
26	29	3.3084860514379146
26	30	19.832037466909018
26	31	18.168646953529795
26	32	17.141009596774794
26	33	15.756158702273874
26	34	18.537271994996864
26	35	17.394158702273874
26	36	11.997122608167931
26	37	6.454486051437914
26	38	6.2027493990831
26	39	5.830486051437913
26	40	5.132462658825027
26	41	4.790486051437912
26	42	20.638392424813503
26	43	18.824158702273873
26	44	10.7244240651732
26	45	13.782382207463574
26	46	7.078486051437912
26	47	7.869318397229261
26	48	5.492486051437912
26	49	9.980928209670942
26	50	6.121697789571944
26	51	8.6611938025635
26	52	10.652715335333601
26	53	2.736486051437912
26	54	10.11161167338556
26	55	15.067700467203219
26	56	20.186246621092284
26	57	6.30000397618587
26	58	9.958158702273874
26	59	17.49766558270047
26	60	21.662862336756636
26	61	22.604981225220293
27	0	23.036444771291098
27	1	20.38776056965437
27	2	19.502486168763724
27	3	17.4190764634969
27	4	20.989065190375804
27	5	19.22336079835544
27	6	17.8659952241063
27	7	15.847852513592498
27	8	16.677226530828626
27	9	14.340117205187227
27	10	15.552456380410302
27	11	13.302442158233028
27	12	14.651150491163499
27	13	12.49644215823303
27	14	14.346276776555467
27	15	12.830229283895687
27	16	16.34767265083596
27	17	14.319672650835958
27	18	14.224979059297798
27	19	11.641672650835957
27	20	6.528969811797153
27	21	6.109732408885628
27	22	6.886437570764176
27	23	4.705999999999994
27	24	9.001107078423953
27	25	7.720755564190458
27	26	1.514486051437914
27	27	0.0
