VERTICES = 62
;

DISTANCE_MATRIX = 
0	0	0.0
0	1	4.527665301943126
0	2	13.049544459017355
0	3	9.488160347450131
0	4	10.033661535810891
0	5	7.015363429793177
0	6	16.159606349800587
0	7	12.709789750631693
0	8	20.570120090543195
0	9	16.575061414233108
0	10	25.442593332370066
0	11	21.596415174802075
0	12	27.634980209086855
0	13	23.951718101513404
0	14	28.332658983072353
0	15	25.741124807585553
0	16	22.507239617384258
0	17	19.040572950717593
0	18	29.22988194330238
0	19	24.813973552769326
0	20	29.816636005428666
0	21	29.099990872246572
0	22	35.94473146382565
0	23	32.217487753117645
0	24	28.379385220288405
0	25	26.190750153222602
0	26	40.90675194085352
0	27	38.3178868956605
0	28	41.98864848744003
0	29	37.986426882159066
0	30	15.297002370326522
0	31	12.45359978335349
0	32	19.45879888487562
0	33	17.09153239854926
0	34	16.33567765649115
0	35	14.381637839870649
0	36	43.52646731561161
0	37	34.05187491094492
0	38	33.92287732600569
0	39	33.28652972319341
0	40	35.34542389928228
0	41	34.76084850203935
0	42	17.038013145608417
0	43	13.936758919044948
0	44	25.576479743277673
0	45	20.34920086756763
0	46	31.772806490666618
0	47	28.039236759102007
0	48	31.84601229045398
0	49	24.429647336124773
0	50	35.24041097347403
0	51	31.331232169115918
0	52	27.495081835419906
0	53	36.747167158142965
0	54	33.810578956845944
0	55	16.442175596351184
0	56	6.986210490554564
0	57	30.681292138359872
0	58	24.428036196329096
0	59	11.582075513446554
0	60	14.591926339851518
0	61	16.202385978250934
1	0	4.527665301943126
1	1	0.0
1	2	8.521879157074228
1	3	4.960495045507005
1	4	5.505996233867764
1	5	2.4876981278500505
1	6	11.63194104785746
1	7	8.182124448688565
1	8	16.042454788600068
1	9	12.047396112289983
1	10	20.91492803042694
1	11	17.068749872858948
1	12	23.107314907143728
1	13	19.424052799570276
1	14	23.804993681129226
1	15	21.213459505642426
1	16	17.979574315441134
1	17	14.512907648774465
1	18	24.702216641359257
1	19	20.286308250826202
1	20	25.288970703485543
1	21	24.572325570303448
1	22	31.41706616188252
1	23	27.68982245117452
1	24	23.85171991834528
1	25	21.66308485127948
1	26	36.379086638910394
1	27	33.790221593717376
1	28	37.46098318549691
1	29	33.458761580215935
1	30	10.769337068383395
1	31	7.925934481410364
1	32	14.931133582932492
1	33	12.563867096606131
1	34	11.808012354548021
1	35	9.853972537927522
1	36	38.99880201366849
1	37	29.524209609001794
1	38	29.39521202406257
1	39	28.758864421250284
1	40	30.817758597339157
1	41	30.233183200096224
1	42	12.510347843665288
1	43	9.40909361710182
1	44	21.04881444133455
1	45	15.821535565624504
1	46	27.245141188723494
1	47	23.51157145715888
1	48	27.318346988510854
1	49	19.901982034181646
1	50	30.712745671530897
1	51	26.80356686717279
1	52	22.96741653347678
1	53	32.21950185619984
1	54	29.282913654902814
1	55	11.914510294408059
1	56	2.458545188611437
1	57	26.15362683641675
1	58	19.900370894385972
1	59	7.054410211503427
1	60	10.064261037908393
1	61	11.67472067630781
2	0	13.049544459017355
2	1	8.521879157074228
2	2	0.0
2	3	3.561384111567223
2	4	12.764089654298703
2	5	9.74579154828099
2	6	17.609362149310407
2	7	14.159545550141512
2	8	21.87434754158324
2	9	17.879288865273153
2	10	26.656518492012204
2	11	22.810340334444213
2	12	28.822791571152692
2	13	25.139529463579244
2	14	29.386855714898388
2	15	26.79532153941159
2	16	16.62815365834106
2	17	13.161486991674392
2	18	23.386124345086692
2	19	18.970215954553638
2	20	24.23816219872623
2	21	23.521517065544135
2	22	30.366257657123207
2	23	26.639013946415208
2	24	22.800911413585972
2	25	20.612276346520165
2	26	35.32827813415108
2	27	32.73941308895806
2	28	38.013275304333845
2	29	34.01105369905288
2	30	9.94475252107179
2	31	7.1013499340987565
2	32	13.774322519484148
2	33	11.407056033157787
2	34	10.764574359154011
2	35	8.810534542533512
2	36	37.94799350890918
2	37	28.473401104242477
2	38	31.71839053593107
2	39	31.082042933118792
2	40	31.097904622250148
2	41	30.51332922500722
2	42	11.151747243629876
2	43	8.050493017066408
2	44	26.45033856565663
2	45	21.223059689946588
2	46	30.470573586358547
2	47	28.44784756646075
2	48	32.254623097812726
2	49	24.83825814348352
2	50	35.72892263458313
2	51	31.819743830225022
2	52	27.98359349652901
2	53	31.168693351440524
2	54	34.299090617955045
2	55	17.47482914754525
2	56	6.063333968462791
2	57	25.102818331657435
2	58	18.84956238962666
2	59	6.015908782053282
2	60	9.636144687045297
2	61	11.246604325444714
3	0	9.488160347450131
3	1	4.960495045507005
3	2	3.561384111567223
3	3	0.0
3	4	9.20270554273148
3	5	6.184407436713766
3	6	14.047978037743183
3	7	10.598161438574289
3	8	18.31296343001602
3	9	14.317904753705932
3	10	23.09513438044498
3	11	19.248956222876988
3	12	25.26140745958547
3	13	21.57814535201202
3	14	25.825471603331163
3	15	23.233937427844364
3	16	13.066769546773836
3	17	9.600102880107169
3	18	19.82474023351947
3	19	15.408831842986416
3	20	20.676778087159008
3	21	19.960132953976913
3	22	26.804873545555985
3	23	23.077629834847986
3	24	19.23952730201875
3	25	17.050892234952943
3	26	31.76689402258386
3	27	29.17802897739084
3	28	34.451891192766624
3	29	30.449669587485655
3	30	6.383368409504566
3	31	3.5399658225315336
3	32	10.212938407916926
3	33	7.845671921590564
3	34	7.203190247586788
3	35	5.249150430966289
3	36	34.38660939734196
3	37	24.912016992675255
3	38	28.15700642436385
3	39	27.52065882155157
3	40	27.536520510682926
3	41	26.951945113439997
3	42	7.590363132062654
3	43	4.489108905499186
3	44	22.888954454089404
3	45	17.661675578379363
3	46	26.909189474791326
3	47	24.88646345489353
3	48	28.693238986245504
3	49	21.276874031916297
3	50	32.16753852301591
3	51	28.2583597186578
3	52	24.42220938496179
3	53	27.607309239873302
3	54	30.737706506387823
3	55	13.913445035978029
3	56	2.501949856895568
3	57	21.541434220090213
3	58	15.288178278059437
3	59	2.4545246704860597
3	60	6.0747605754780745
3	61	7.685220213877491
4	0	10.033661535810891
4	1	5.505996233867764
4	2	12.764089654298703
4	3	9.20270554273148
4	4	0.0
4	5	3.018298106017714
4	6	12.314713378721736
4	7	8.864896779552842
4	8	16.71691346767153
4	9	12.721854791361444
4	10	21.585251873855064
4	11	17.739073716287074
4	12	23.776558180078762
4	13	20.09329607250531
4	14	24.518371080316356
4	15	21.926836904829557
4	16	22.221784812665607
4	17	18.755118145998942
4	18	28.94442713858373
4	19	24.528518748050676
4	20	29.531181200710016
4	21	28.81453606752792
4	22	35.65927665910699
4	23	31.932032948398994
4	24	28.09393041556976
4	25	25.90529534850395
4	26	37.617382882299424
4	27	35.028517837106406
4	28	38.54654596275983
4	29	34.54432435747886
4	30	15.01154756560787
4	31	12.168144978634839
4	32	19.173344080156966
4	33	16.806077593830608
4	34	16.050222851772496
4	35	14.096183035151997
4	36	40.0545727708957
4	37	30.57998036622901
4	38	30.225339592038242
4	39	29.588991989225956
4	40	31.64788616531483
4	41	31.063310768071897
4	42	16.752558340889763
4	43	13.651304114326294
4	44	21.878942009310222
4	45	16.65166313360018
4	46	28.075268756699167
4	47	24.5971342344218
4	48	28.403909765773776
4	49	20.987544811444568
4	50	31.72148030535346
4	51	27.812301500995353
4	52	23.976151167299342
4	53	33.626841159701804
4	54	30.291648288725376
4	55	12.710856024975213
4	56	6.700755685835912
4	57	30.39583733364122
4	58	24.142581391610445
4	59	11.296620708727902
4	60	14.306471535132868
4	61	15.916931173532285
5	0	7.015363429793177
5	1	2.4876981278500505
5	2	9.74579154828099
5	3	6.184407436713766
5	4	3.018298106017714
5	5	0.0
5	6	9.296415272704023
5	7	5.846598673535128
5	8	13.698615361653818
5	9	9.703556685343731
5	10	18.56695376783735
5	11	14.72077561026936
5	12	20.75826007406105
5	13	17.074997966487597
5	14	21.500072974298643
5	15	18.908538798811843
5	16	19.203486706647894
5	17	15.736820039981227
5	18	25.926129032566017
5	19	21.510220642032962
5	20	26.512883094692302
5	21	25.796237961510208
5	22	32.64097855308928
5	23	28.91373484238128
5	24	25.07563230955204
5	25	22.88699724248624
5	26	34.59908477628171
5	27	32.0102197310887
5	28	35.52824785674211
5	29	31.526026251461143
5	30	11.993249459590157
5	31	9.149846872617125
5	32	16.155045974139256
5	33	13.787779487812893
5	34	13.031924745754782
5	35	11.077884929134283
5	36	37.03627466487799
5	37	27.5616822602113
5	38	27.207041486020533
5	39	26.570693883208246
5	40	28.62958805929712
5	41	28.045012662054187
5	42	13.73426023487205
5	43	10.63300600830858
5	44	18.860643903292512
5	45	13.633365027582467
5	46	25.056970650681457
5	47	21.578836128404088
5	48	25.385611659756062
5	49	17.969246705426855
5	50	28.703182199335746
5	51	24.79400339497764
5	52	20.95785306128163
5	53	30.60854305368409
5	54	27.273350182707663
5	55	9.6925579189575
5	56	3.682457579818198
5	57	27.377539227623508
5	58	21.124283285592732
5	59	8.278322602710189
5	60	11.288173429115155
5	61	12.898633067514572
6	0	16.159606349800587
6	1	11.63194104785746
6	2	17.609362149310407
6	3	14.047978037743183
6	4	12.314713378721736
6	5	9.296415272704023
6	6	0.0
6	7	3.4498165991688947
6	8	11.311541942145649
6	9	7.316483265835561
6	10	16.184883645625774
6	11	12.338705488057784
6	12	18.37752315118679
6	13	14.694261043613338
6	14	19.103632729832714
6	15	16.512098554345915
6	16	27.06705730767731
6	17	23.600390641010645
6	18	33.78969963359543
6	19	29.373791243062378
6	20	32.092653615753086
6	21	31.376008482570995
6	22	33.50300167671038
6	23	29.775757966002388
6	24	32.93920291058146
6	25	30.750567843515654
6	26	32.57027100521698
6	27	29.981405960023963
6	28	33.52448694188747
6	29	29.522265336606495
6	30	19.856820060619576
6	31	17.01341747364654
6	32	24.01861657516867
6	33	21.65135008884231
6	34	20.8954953467842
6	35	18.9414555301637
6	36	34.711353641511565
6	37	25.23676123684487
6	38	24.882120462654104
6	39	24.245772859841818
6	40	26.30466703593069
6	41	25.72009163868776
6	42	21.59783083590147
6	43	18.496576609338
6	44	16.535722879926084
6	45	11.30844400421604
6	46	22.73204962731503
6	47	19.57507521354944
6	48	23.38185074490141
6	49	15.965485790572204
6	50	26.548240893060406
6	51	22.6390620887023
6	52	18.80291175500629
6	53	28.410686222506424
6	54	25.118408876432323
6	55	7.3722748860529865
6	56	11.546028180847616
6	57	29.13266688149981
6	58	28.987853886622148
6	59	16.141893203739606
6	60	19.15174403014457
6	61	20.762203668543986
7	0	12.709789750631693
7	1	8.182124448688565
7	2	14.159545550141512
7	3	10.598161438574289
7	4	8.864896779552842
7	5	5.846598673535128
7	6	3.4498165991688947
7	7	0.0
7	8	7.861725342976754
7	9	3.866666666666667
7	10	12.73506704645688
7	11	8.88888888888889
7	12	14.927706552017897
7	13	11.244444444444444
7	14	15.65381613066382
7	15	13.06228195517702
7	16	23.61724070850842
7	17	20.15057404184175
7	18	30.339883034426542
7	19	25.923974643893487
7	20	28.642837016584192
7	21	27.926191883402097
7	22	30.053185077541492
7	23	26.325941366833494
7	24	29.489386311412566
7	25	27.300751244346763
7	26	29.120454406048083
7	27	26.53158936085507
7	28	30.07467034271857
7	29	26.072448737437597
7	30	16.407003461450678
7	31	13.563600874477647
7	32	20.568799975999777
7	33	18.201533489673416
7	34	17.445678747615304
7	35	15.491638930994807
7	36	31.261537042342674
7	37	21.786944637675976
7	38	21.43230386348521
7	39	20.795956260672924
7	40	22.854850436761797
7	41	22.270275039518864
7	42	18.14801423673257
7	43	15.046760010169105
7	44	13.08590628075719
7	45	7.858627405047146
7	46	19.282233028146134
7	47	16.125258614380545
7	48	19.932034145732516
7	49	12.51566919140331
7	50	23.09842429389151
7	51	19.189245489533405
7	52	15.353095155837394
7	53	24.96086962333753
7	54	21.66859227726343
7	55	3.922458286884092
7	56	8.096211581678721
7	57	25.682850282330914
7	58	25.538037287453257
7	59	12.692076604570712
7	60	15.701927430975676
7	61	17.31238706937509
8	0	20.570120090543195
8	1	16.042454788600068
8	2	21.87434754158324
8	3	18.31296343001602
8	4	16.71691346767153
8	5	13.698615361653818
8	6	11.311541942145649
8	7	7.861725342976754
8	8	0.0
8	9	3.9950586763100873
8	10	12.8634590561003
8	11	9.01728089853231
8	12	15.056098561661317
8	13	11.372836454087864
8	14	15.799037467775271
8	15	13.207503292288472
8	16	31.332042699950147
8	17	27.865376033283482
8	18	38.05468502586827
8	19	33.63877663533522
8	20	29.094730010136324
8	21	28.378084876954233
8	22	30.50507807109362
8	23	26.777834360385626
8	24	32.85690740000189
8	25	30.668272332936084
8	26	29.572347399600215
8	27	26.9834823544072
8	28	30.95708009365992
8	29	26.954858488378946
8	30	24.12180545289241
8	31	21.27840286591938
8	32	28.283601967441506
8	33	25.916335481115148
8	34	25.160480739057036
8	35	23.206440922436535
8	36	31.713430035894806
8	37	22.238837631228108
8	38	21.88419685703734
8	39	21.247849254225056
8	40	23.30674343031393
8	41	22.722168033070997
8	42	25.862816228174303
8	43	22.761562001610834
8	44	13.537799274309323
8	45	8.31052039859928
8	46	19.734126021698266
8	47	17.00766836532189
8	48	20.81444389667386
8	49	13.398078942344656
8	50	23.68801013063893
8	51	19.778831326280823
8	52	15.94268099258481
8	53	25.412762616889662
8	54	22.258178114010846
8	55	5.340191649680891
8	56	15.811013573120452
8	57	26.134743275883046
8	58	31.355137218430155
8	59	20.40687859601244
8	60	23.416729422417408
8	61	25.027189060816823
9	0	16.575061414233108
9	1	12.047396112289983
9	2	17.879288865273153
9	3	14.317904753705932
9	4	12.721854791361444
9	5	9.703556685343731
9	6	7.316483265835561
9	7	3.866666666666667
9	8	3.9950586763100873
9	9	0.0
9	10	8.868400379790213
9	11	5.022222222222222
9	12	11.06103988535123
9	13	7.377777777777776
9	14	11.803978791465184
9	15	9.212444615978384
9	16	27.33698402364006
9	17	23.870317356973395
9	18	34.05962634955819
9	19	29.64371795902513
9	20	25.09967133382624
9	21	24.383026200644146
9	22	26.51001939478354
9	23	22.782775684075542
9	24	28.8618487236918
9	25	26.673213656625997
9	26	25.57728872329013
9	27	22.988423678097117
9	28	26.96202141734983
9	29	22.95979981206886
9	30	20.126746776582323
9	31	17.28334418960929
9	32	24.28854329113142
9	33	21.92127680480506
9	34	21.16542206274695
9	35	19.211382246126448
9	36	27.718371359584722
9	37	18.243778954918024
9	38	17.889138180727258
9	39	17.252790577914972
9	40	19.311684754003846
9	41	18.727109356760913
9	42	21.867757551864216
9	43	18.766503325300746
9	44	9.542740597999238
9	45	4.315461722289194
9	46	15.739067345388182
9	47	13.012609689011802
9	48	16.819385220363774
9	49	9.403020266034568
9	50	19.692951454328842
9	51	15.783772649970734
9	52	11.947622316274723
9	53	21.417703940579578
9	54	18.26311943770076
9	55	1.3451329733708037
9	56	11.815954896810364
9	57	22.139684599572963
9	58	27.36007854212007
9	59	16.411819919702353
9	60	19.42167074610732
9	61	21.032130384506736
10	0	25.442593332370066
10	1	20.91492803042694
10	2	26.656518492012204
10	3	23.09513438044498
10	4	21.585251873855064
10	5	18.56695376783735
10	6	16.184883645625774
10	7	12.73506704645688
10	8	12.8634590561003
10	9	8.868400379790213
10	10	0.0
10	11	3.84617815756799
10	12	9.884995820696997
10	13	6.201733713123544
10	14	10.695573617320562
10	15	8.104039441833763
10	16	36.11421365037911
10	17	32.64754698371244
10	18	38.52478357009899
10	19	34.10887517956594
10	20	27.321020812245536
10	21	26.604375679063445
10	22	28.731368873202833
10	23	25.004125162494837
10	24	31.0831982021111
10	25	28.894563135045296
10	26	27.14268289508951
10	27	24.553817849896497
10	28	28.07184597554992
10	29	24.069624370268947
10	30	28.90397640332137
10	31	26.060573816348338
10	32	33.06577291787047
10	33	30.698506431544104
10	34	29.942651689485995
10	35	27.988611872865498
10	36	29.939720838004018
10	37	20.46512843333732
10	38	20.110487659146553
10	39	19.474140056334267
10	40	21.53303423242314
10	41	20.948458835180208
10	42	30.644987178603262
10	43	27.543732952039793
10	44	11.764090076418531
10	45	6.536811200708488
10	46	17.960416823807478
10	47	14.122434247211892
10	48	17.929209778563866
10	49	10.512844824234659
10	50	19.754295490296226
10	51	15.84511668593812
10	52	12.008966352242108
10	53	23.152141172491895
10	54	18.324463473668143
10	55	9.214397394687294
10	56	20.59318452354941
10	57	24.361034077992258
10	58	29.581428020539366
10	59	25.189049546441403
10	60	28.198900372846367
10	61	29.809360011245783
11	0	21.596415174802075
11	1	17.068749872858948
11	2	22.810340334444213
11	3	19.248956222876988
11	4	17.739073716287074
11	5	14.72077561026936
11	6	12.338705488057784
11	7	8.88888888888889
11	8	9.01728089853231
11	9	5.022222222222222
11	10	3.84617815756799
11	11	0.0
11	12	6.038817663129008
11	13	2.3555555555555543
11	14	6.8493954597525715
11	15	4.257861284265773
11	16	32.268035492811116
11	17	28.801368826144447
11	18	34.678605412531
11	19	30.262697021997944
11	20	23.474842654677545
11	21	22.75819752149545
11	22	24.88519071563484
11	23	21.157947004926843
11	24	27.237020044543105
11	25	25.0483849774773
11	26	23.29650473752152
11	27	20.707639692328506
11	28	24.22566781798193
11	29	20.223446212700956
11	30	25.05779824575338
11	31	22.214395658780347
11	32	29.219594760302478
11	33	26.852328273976113
11	34	26.096473531918004
11	35	24.142433715297507
11	36	26.093542680436023
11	37	16.61895027576933
11	38	16.26430950157856
11	39	15.627961898766277
11	40	17.686856074855147
11	41	17.102280677612217
11	42	26.79880902103527
11	43	23.697554794471802
11	44	7.917911918850541
11	45	2.690633043140498
11	46	14.114238666239485
11	47	10.276256089643901
11	48	14.083031620995875
11	49	6.666666666666668
11	50	15.908117332728235
11	51	11.998938528370129
11	52	8.162788194674118
11	53	19.305963014923904
11	54	14.478285316100152
11	55	5.3682192371193045
11	56	16.74700636598142
11	57	20.514855920424264
11	58	25.735249862971372
11	59	21.342871388873412
11	60	24.352722215278376
11	61	25.963181853677792
12	0	27.634980209086855
12	1	23.107314907143728
12	2	28.822791571152692
12	3	25.26140745958547
12	4	23.776558180078762
12	5	20.75826007406105
12	6	18.37752315118679
12	7	14.927706552017897
12	8	15.056098561661317
12	9	11.06103988535123
12	10	9.884995820696997
12	11	6.038817663129008
12	12	0.0
12	13	3.683262107573453
12	14	8.325511304404133
12	15	5.733977128917334
12	16	38.280486729519595
12	17	34.81382006285293
12	18	40.062021689489626
12	19	35.64611329895658
12	20	28.858258931636172
12	21	28.14161379845408
12	22	30.26860699259347
12	23	26.541363281885474
12	24	32.620436321501735
12	25	30.431801254435932
12	26	26.73174585689343
12	27	24.142880811700415
12	28	27.660908937353838
12	29	23.658687332072866
12	30	31.07024948246186
12	31	28.22684689548883
12	32	35.23204599701096
12	33	32.8647795106846
12	34	32.10892476862649
12	35	30.154884952005986
12	36	31.476958957394654
12	37	22.002366552727956
12	38	21.64772577853719
12	39	21.011378175724904
12	40	23.070272351813777
12	41	22.485696954570844
12	42	32.811260257743754
12	43	29.710006031180285
12	44	13.301328195809171
12	45	8.074049320099128
12	46	19.497654943198114
12	47	13.71149720901581
12	48	17.518272740367784
12	49	10.101907786038577
12	50	18.379139674117955
12	51	14.469960869759849
12	52	10.633810536063837
12	53	22.741204134295813
12	54	16.94930765748987
12	55	11.355562774965481
12	56	22.759457602689903
12	57	25.898272197382894
12	58	31.118666139930003
12	59	27.35532262558189
12	60	30.36517345198686
12	61	31.975633090386275
13	0	23.951718101513404
13	1	19.424052799570276
13	2	25.139529463579244
13	3	21.57814535201202
13	4	20.09329607250531
13	5	17.074997966487597
13	6	14.694261043613338
13	7	11.244444444444444
13	8	11.372836454087864
13	9	7.377777777777776
13	10	6.201733713123544
13	11	2.3555555555555543
13	12	3.683262107573453
13	13	0.0
13	14	4.642249196830679
13	15	2.050715021343881
13	16	34.59722462194615
13	17	31.130557955279478
13	18	36.37875958191618
13	19	31.962851191383123
13	20	25.17499682406272
13	21	24.458351690880626
13	22	26.58534488502002
13	23	22.858101174312022
13	24	28.93717421392828
13	25	26.748539146862477
13	26	23.048483749319978
13	27	20.459618704126964
13	28	23.977646829780387
13	29	19.975425224499414
13	30	27.38698737488841
13	31	24.54358478791538
13	32	31.54878388943751
13	33	29.181517403111144
13	34	28.425662661053035
13	35	26.471622844432538
13	36	27.793696849821202
13	37	18.319104445154505
13	38	17.964463670963738
13	39	17.328116068151452
13	40	19.387010244240326
13	41	18.802434846997393
13	42	29.127998150170303
13	43	26.026743923606833
13	44	9.618066088235718
13	45	4.390787212525675
13	46	15.814392835624663
13	47	10.028235101442359
13	48	13.835010632794331
13	49	6.418645678465125
13	50	14.695877566544503
13	51	10.786698762186397
13	52	6.950548428490385
13	53	19.057942026722362
13	54	13.26604554991642
13	55	7.672300667392028
13	56	19.07619549511645
13	57	22.215010089809443
13	58	27.43540403235655
13	59	23.672060518008443
13	60	26.681911344413408
13	61	28.292370982812823
14	0	28.332658983072353
14	1	23.804993681129226
14	2	29.386855714898388
14	3	25.825471603331163
14	4	24.518371080316356
14	5	21.500072974298643
14	6	19.103632729832714
14	7	15.65381613066382
14	8	15.799037467775271
14	9	11.803978791465184
14	10	10.695573617320562
14	11	6.8493954597525715
14	12	8.325511304404133
14	13	4.642249196830679
14	14	0.0
14	15	2.5915341754867987
14	16	38.84455087326529
14	17	35.37788420659862
14	18	40.23932811864741
14	19	35.82341972811436
14	20	29.035565360793953
14	21	28.318920227611862
14	22	29.57464004913833
14	23	25.84739633843033
14	24	32.797742750659516
14	25	30.609107683593713
14	26	25.057318750974662
14	27	22.46845370578165
14	28	25.221661524997323
14	29	21.21943991971635
14	30	31.634313626207554
14	31	28.790911039234523
14	32	35.79611014075665
14	33	33.42884365443029
14	34	32.672988912372176
14	35	30.718949095751682
14	36	31.654265386552435
14	37	22.179672981885737
14	38	21.82503220769497
14	39	21.188684604882685
14	40	23.24757878097156
14	41	22.663003383728626
14	42	33.37532440148945
14	43	30.274070174925978
14	44	13.478634624966952
14	45	8.25135574925691
14	46	19.674961372355895
14	47	12.037070103097044
14	48	15.843845634449018
14	49	8.42748068011981
14	50	15.795031956801367
14	51	11.88585315244326
14	52	8.04970281874725
14	53	21.066777028377047
14	54	14.365199940173284
14	55	11.930051254475725
14	56	23.323521746435596
14	57	26.075578626540675
14	58	31.295972569087784
14	59	27.919386769327588
14	60	30.929237595732552
14	61	32.53969723413197
15	0	25.741124807585553
15	1	21.213459505642426
15	2	26.79532153941159
15	3	23.233937427844364
15	4	21.926836904829557
15	5	18.908538798811843
15	6	16.512098554345915
15	7	13.06228195517702
15	8	13.207503292288472
15	9	9.212444615978384
15	10	8.104039441833763
15	11	4.257861284265773
15	12	5.733977128917334
15	13	2.050715021343881
15	14	2.5915341754867987
15	15	0.0
15	16	36.25301669777849
15	17	32.78635003111182
15	18	37.64779394316061
15	19	33.23188555262756
15	20	26.444031185307153
15	21	25.727386052125063
15	22	26.98310587365153
15	23	23.25586216294353
15	24	30.206208575172717
15	25	28.017573508106913
15	26	22.465784575487863
15	27	19.87691953029485
15	28	22.630127349510524
15	29	18.62790574422955
15	30	29.042779450720754
15	31	26.199376863747723
15	32	33.204575965269854
15	33	30.83730947894349
15	34	30.08145473688538
15	35	28.127414920264883
15	36	29.062731211065636
15	37	19.588138806398938
15	38	19.23349803220817
15	39	18.597150429395885
15	40	20.65604460548476
15	41	20.071469208241826
15	42	30.783790226002647
15	43	27.682535999439178
15	44	10.887100449480153
15	45	5.65982157377011
15	46	17.083427196869096
15	47	9.445535927610246
15	48	13.252311458962218
15	49	5.835946504633012
15	50	13.203497781314567
15	51	9.294318976956461
15	52	5.45816864326045
15	53	18.475242852890247
15	54	11.773665764686484
15	55	9.338517078988927
15	56	20.731987570948796
15	57	23.484044451053876
15	58	28.704438393600984
15	59	25.327852593840788
15	60	28.337703420245752
15	61	29.948163058645168
16	0	22.507239617384258
16	1	17.979574315441134
16	2	16.62815365834106
16	3	13.066769546773836
16	4	22.221784812665607
16	5	19.203486706647894
16	6	27.06705730767731
16	7	23.61724070850842
16	8	31.332042699950147
16	9	27.33698402364006
16	10	36.11421365037911
16	11	32.268035492811116
16	12	38.280486729519595
16	13	34.59722462194615
16	14	38.84455087326529
16	15	36.25301669777849
16	16	0.0
16	17	3.466666666666667
16	18	13.735251979813324
16	19	9.319343589280269
16	20	15.971375830299724
16	21	15.254730697117633
16	22	22.099471288696705
16	23	18.372227577988706
16	24	14.534125045159467
16	25	12.345489978093664
16	26	27.061491765724575
16	27	24.472626720531558
16	28	29.746488935907344
16	29	25.74426733062637
16	30	13.492627001578045
16	31	10.649224414605012
16	32	8.883806657757075
16	33	6.516540171430714
16	34	10.732143014461323
16	35	8.778103197840824
16	36	29.68120714048267
16	37	20.206614735815975
16	38	23.45160416750457
16	39	22.815256564692287
16	40	22.831118253823647
16	41	22.246542856580717
16	42	11.679032004341245
16	43	8.577777777777778
16	44	28.43615989098381
16	45	30.68075484831349
16	46	22.203787217932046
16	47	32.187799651799054
16	48	28.12483837694205
16	49	34.295953301850425
16	50	30.1697628150364
16	51	33.94677619013771
16	52	36.24183127990992
16	53	22.901906983014023
16	54	36.426122977867735
16	55	26.932524305912157
16	56	15.521029126829696
16	57	16.83603196323093
16	58	10.582776021200155
16	59	11.080169940374862
16	60	13.280036231817173
16	61	14.89049587021659
17	0	19.040572950717593
17	1	14.512907648774465
17	2	13.161486991674392
17	3	9.600102880107169
17	4	18.755118145998942
17	5	15.736820039981227
17	6	23.600390641010645
17	7	20.15057404184175
17	8	27.865376033283482
17	9	23.870317356973395
17	10	32.64754698371244
17	11	28.801368826144447
17	12	34.81382006285293
17	13	31.130557955279478
17	14	35.37788420659862
17	15	32.78635003111182
17	16	3.466666666666667
17	17	0.0
17	18	10.268585313146659
17	19	5.852676922613603
17	20	12.50470916363306
17	21	11.788064030450965
17	22	18.632804622030037
17	23	14.905560911322038
17	24	11.0674583784928
17	25	8.878823311426997
17	26	23.59482509905791
17	27	21.005960053864893
17	28	26.27982226924068
17	29	22.277600663959706
17	30	10.025960334911378
17	31	7.182557747938345
17	32	5.417139991090409
17	33	3.049873504764047
17	34	7.265476347794657
17	35	5.311436531174158
17	36	26.214540473816005
17	37	16.739948069149307
17	38	19.9849375008379
17	39	19.348589898025622
17	40	19.364451587156978
17	41	18.77987618991405
17	42	8.212365337674578
17	43	5.111111111111111
17	44	24.969493224317144
17	45	27.214088181646822
17	46	18.737120551265377
17	47	28.72113298513239
17	48	24.658171710275386
17	49	30.829286635183756
17	50	26.703096148369735
17	51	30.480109523471047
17	52	32.77516461324325
17	53	19.435240316347354
17	54	32.959456311201066
17	55	23.465857639245492
17	56	12.054362460163029
17	57	13.369365296564265
17	58	7.116109354533489
17	59	7.613503273708195
17	60	9.813369565150506
17	61	11.423829203549923
18	0	29.22988194330238
18	1	24.702216641359257
18	2	23.386124345086692
18	3	19.82474023351947
18	4	28.94442713858373
18	5	25.926129032566017
18	6	33.78969963359543
18	7	30.339883034426542
18	8	38.05468502586827
18	9	34.05962634955819
18	10	38.52478357009899
18	11	34.678605412531
18	12	40.062021689489626
18	13	36.37875958191618
18	14	40.23932811864741
18	15	37.64779394316061
18	16	13.735251979813324
18	17	10.268585313146659
18	18	0.0
18	19	4.415908390533055
18	20	14.331955358659197
18	21	13.615310225477103
18	22	20.460050817056175
18	23	16.732807106348176
18	24	12.894704573518938
18	25	10.706069506453135
18	26	25.42207129408405
18	27	22.83320624889103
18	28	28.107068464266817
18	29	24.104846858985844
18	30	19.942730697852376
18	31	17.099328110879345
18	32	14.754729243000671
18	33	12.38746275667431
18	34	17.064818328551958
18	35	15.110778511931457
18	36	28.041786668842143
18	37	18.56719426417545
18	38	21.812183695864043
18	39	21.175836093051757
18	40	21.19169778218312
18	41	20.607122384940187
18	42	18.445978305252265
18	43	15.344724078688795
18	44	26.796739419343282
18	45	31.987972369390505
18	46	20.564366746291515
18	47	30.548379180158527
18	48	26.485417905301524
18	49	33.90178285963073
18	50	28.530342343395873
18	51	32.307355718497185
18	52	34.60241080826939
18	53	21.262486511373496
18	54	34.78670250622721
18	55	33.655166631830284
18	56	22.24367145274782
18	57	15.196611491590403
18	58	8.943355549559627
18	59	17.708438549411436
18	60	19.660935914205517
18	61	21.271395552604933
19	0	24.813973552769326
19	1	20.286308250826202
19	2	18.970215954553638
19	3	15.408831842986416
19	4	24.528518748050676
19	5	21.510220642032962
19	6	29.373791243062378
19	7	25.923974643893487
19	8	33.63877663533522
19	9	29.64371795902513
19	10	34.10887517956594
19	11	30.262697021997944
19	12	35.64611329895658
19	13	31.962851191383123
19	14	35.82341972811436
19	15	33.23188555262756
19	16	9.319343589280269
19	17	5.852676922613603
19	18	4.415908390533055
19	19	0.0
19	20	9.916046968126143
19	21	9.199401834944048
19	22	16.04414242652312
19	23	12.316898715815121
19	24	8.478796182985883
19	25	6.290161115920079
19	26	21.006162903550994
19	27	18.417297858357976
19	28	23.691160073733762
19	29	19.68893846845279
19	30	15.526822307319323
19	31	12.68341972034629
19	32	10.338820852467617
19	33	7.9715543661412545
19	34	12.648909938018901
19	35	10.694870121398402
19	36	23.625878278309088
19	37	14.151285873642392
19	38	17.396275305330988
19	39	16.759927702518702
19	40	16.775789391650065
19	41	16.191213994407132
19	42	14.030069914719208
19	43	10.92881568815574
19	44	22.380831028810228
19	45	27.57206397885745
19	46	16.14845835575846
19	47	26.132470789625472
19	48	22.06950951476847
19	49	29.485874469097674
19	50	24.114433952862818
19	51	27.89144732796413
19	52	30.186502417736335
19	53	16.84657812084044
19	54	30.370794115694153
19	55	29.239258241297225
19	56	17.827763062214764
19	57	10.780703101057348
19	58	4.527447159026572
19	59	13.292530158878382
19	60	15.24502752367246
19	61	16.855487162071878
20	0	29.816636005428666
20	1	25.288970703485543
20	2	24.23816219872623
20	3	20.676778087159008
20	4	29.531181200710016
20	5	26.512883094692302
20	6	32.092653615753086
20	7	28.642837016584192
20	8	29.094730010136324
20	9	25.09967133382624
20	10	27.321020812245536
20	11	23.474842654677545
20	12	28.858258931636172
20	13	25.17499682406272
20	14	29.035565360793953
20	15	26.444031185307153
20	16	15.971375830299724
20	17	12.50470916363306
20	18	14.331955358659197
20	19	9.916046968126143
20	20	0.0
20	21	0.7166451331820924
20	22	7.599444399445646
20	23	3.8722006887376477
20	24	6.016708755481165
20	25	3.828073688415361
20	26	12.731337556745363
20	27	10.142472511552347
20	28	15.416334726928131
20	29	11.414113121647159
20	30	20.21066655622537
20	31	17.36726396925234
20	32	15.233767895853621
20	33	12.86650140952726
20	34	17.405749127236298
20	35	15.451709310615797
20	36	16.41377721229041
20	37	6.939184807623711
20	38	10.122186851310715
20	39	9.485839248498433
20	40	9.046549668479138
20	41	8.461974271236206
20	42	19.66663773345197
20	43	16.565383506888505
20	44	15.592976661489827
20	45	20.784209611537044
20	46	9.360603988438058
20	47	17.857645442819845
20	48	13.79468416796284
20	49	21.211049122292046
20	50	15.839608606057187
20	51	19.6166219811585
20	52	21.911677070930708
20	53	8.57175277403481
20	54	22.095968768888522
20	55	24.72951468196765
20	56	22.830425514874104
20	57	2.9802596359815308
20	58	5.38859980909957
20	59	18.276645758546742
20	60	22.23022959446062
20	61	23.840689232860036
21	0	29.099990872246572
21	1	24.572325570303448
21	2	23.521517065544135
21	3	19.960132953976913
21	4	28.81453606752792
21	5	25.796237961510208
21	6	31.376008482570995
21	7	27.926191883402097
21	8	28.378084876954233
21	9	24.383026200644146
21	10	26.604375679063445
21	11	22.75819752149545
21	12	28.14161379845408
21	13	24.458351690880626
21	14	28.318920227611862
21	15	25.727386052125063
21	16	15.254730697117633
21	17	11.788064030450965
21	18	13.615310225477103
21	19	9.199401834944048
21	20	0.7166451331820924
21	21	0.0
21	22	6.882799266263554
21	23	3.155555555555555
21	24	5.3000636222990725
21	25	3.1114285552332688
21	26	12.01469242356327
21	27	9.425827378370254
21	28	14.69968959374604
21	29	10.697467988465068
21	30	19.49402142304328
21	31	16.650618836070244
21	32	14.51712276267153
21	33	12.149856276345169
21	34	16.689103994054204
21	35	14.735064177433706
21	36	15.697132079108316
21	37	6.222539674441618
21	38	9.405541718128623
21	39	8.76919411531634
21	40	8.329904535297045
21	41	7.745329138054114
21	42	18.94999260026988
21	43	15.84873837370641
21	44	14.876331528307734
21	45	20.067564478354953
21	46	8.643958855255965
21	47	17.141000309637754
21	48	13.078039034780748
21	49	20.494403989109955
21	50	15.122963472875094
21	51	18.899976847976404
21	52	21.195031937748617
21	53	7.855107640852717
21	54	21.379323635706427
21	55	24.01286954878556
21	56	22.11378038169201
21	57	2.263614502799438
21	58	4.671954675917477
21	59	17.56000062536465
21	60	21.513584461278526
21	61	23.124044099677942
22	0	35.94473146382565
22	1	31.41706616188252
22	2	30.366257657123207
22	3	26.804873545555985
22	4	35.65927665910699
22	5	32.64097855308928
22	6	33.50300167671038
22	7	30.053185077541492
22	8	30.50507807109362
22	9	26.51001939478354
22	10	28.731368873202833
22	11	24.88519071563484
22	12	30.26860699259347
22	13	26.58534488502002
22	14	29.57464004913833
22	15	26.98310587365153
22	16	22.099471288696705
22	17	18.632804622030037
22	18	20.460050817056175
22	19	16.04414242652312
22	20	7.599444399445646
22	21	6.882799266263554
22	22	0.0
22	23	3.7272437107079983
22	24	12.182703046871593
22	25	9.99406797980579
22	26	12.667447803471836
22	27	10.07858275827882
22	28	15.352444973654606
22	29	11.350223368373634
22	30	26.338762014622347
22	31	23.495359427649316
22	32	21.361863354250602
22	33	18.994596867924237
22	34	23.533844585633275
22	35	21.579804769012775
22	36	17.77443296785455
22	37	8.299840563187852
22	38	11.034552893012531
22	39	10.398205290200249
22	40	9.56473129261127
22	41	8.98015589536834
22	42	25.794733191848948
22	43	22.693478965285482
22	44	17.003324722447125
22	45	22.194557672494344
22	46	10.770952049395357
22	47	17.793755689546316
22	48	13.730794414689313
22	49	21.147159369018517
22	50	15.77571885278366
22	51	19.552732227884974
22	52	21.84778731765718
22	53	8.507863020761283
22	54	22.032079015614997
22	55	26.139862742924947
22	56	28.95852097327108
22	57	5.895932226042374
22	58	11.516695267496548
22	59	24.40474121694372
22	60	28.358325052857598
22	61	29.968784691257014
23	0	32.217487753117645
23	1	27.68982245117452
23	2	26.639013946415208
23	3	23.077629834847986
23	4	31.932032948398994
23	5	28.91373484238128
23	6	29.775757966002388
23	7	26.325941366833494
23	8	26.777834360385626
23	9	22.782775684075542
23	10	25.004125162494837
23	11	21.157947004926843
23	12	26.541363281885474
23	13	22.858101174312022
23	14	25.84739633843033
23	15	23.25586216294353
23	16	18.372227577988706
23	17	14.905560911322038
23	18	16.732807106348176
23	19	12.316898715815121
23	20	3.8722006887376477
23	21	3.155555555555555
23	22	3.7272437107079983
23	23	0.0
23	24	8.455459336163596
23	25	6.266824269097792
23	26	8.940204092763837
23	27	6.351339047570822
23	28	11.625201262946607
23	29	7.622979657665634
23	30	22.61151830391435
23	31	19.768115716941317
23	32	17.634619643542603
23	33	15.267353157216242
23	34	19.806600874925277
23	35	17.85256105830478
23	36	14.04718925714655
23	37	4.572596852479853
23	38	7.307309182304533
23	39	6.67096157949225
23	40	5.837487581903272
23	41	5.252912184660341
23	42	22.067489481140953
23	43	18.966235254577484
23	44	13.276081011739127
23	45	18.467313961786346
23	46	7.043708338687359
23	47	14.066511978838319
23	48	10.003550703981315
23	49	17.419915658310522
23	50	12.048475142075661
23	51	15.825488517176973
23	52	18.120543606949184
23	53	4.780619310053284
23	54	18.304835304906995
23	55	22.412619032216952
23	56	25.231277262563083
23	57	2.168688515334376
23	58	7.78945155678855
23	59	20.677497506235724
23	60	24.6310813421496
23	61	26.241540980549015
24	0	28.379385220288405
24	1	23.85171991834528
24	2	22.800911413585972
24	3	19.23952730201875
24	4	28.09393041556976
24	5	25.07563230955204
24	6	32.93920291058146
24	7	29.489386311412566
24	8	32.85690740000189
24	9	28.8618487236918
24	10	31.0831982021111
24	11	27.237020044543105
24	12	32.620436321501735
24	13	28.93717421392828
24	14	32.797742750659516
24	15	30.206208575172717
24	16	14.534125045159467
24	17	11.0674583784928
24	18	12.894704573518938
24	19	8.478796182985883
24	20	6.016708755481165
24	21	5.3000636222990725
24	22	12.182703046871593
24	23	8.455459336163596
24	24	0.0
24	25	2.1886350670658037
24	26	17.28552716730313
24	27	14.696662122110114
24	28	19.970524337485898
24	29	15.968302732204926
24	30	18.773415771085112
24	31	15.93001318411208
24	32	13.796517110713364
24	33	11.429250624387002
24	34	15.968498342096039
24	35	14.01445852547554
24	36	20.390763008366534
24	37	10.916170603699834
24	38	14.175731815764426
24	39	13.539384212952143
24	40	13.345477936623876
24	41	12.760902539380945
24	42	18.229386948311713
24	43	15.128132721748246
24	44	19.355154051355388
24	45	24.546387001402607
24	46	13.12278137830362
24	47	22.41183505337761
24	48	18.348873778520606
24	49	25.765238732849813
24	50	20.393798216614954
24	51	24.170811591716266
24	52	26.465866681488475
24	53	13.125942384592577
24	54	26.65015837944629
24	55	28.491692071833214
24	56	21.393174729733843
24	57	7.206135305429056
24	58	3.9513490239593114
24	59	16.839394973406485
24	60	20.79297880932036
24	61	22.403438447719775
25	0	26.190750153222602
25	1	21.66308485127948
25	2	20.612276346520165
25	3	17.050892234952943
25	4	25.90529534850395
25	5	22.88699724248624
25	6	30.750567843515654
25	7	27.300751244346763
25	8	30.668272332936084
25	9	26.673213656625997
25	10	28.894563135045296
25	11	25.0483849774773
25	12	30.431801254435932
25	13	26.748539146862477
25	14	30.609107683593713
25	15	28.017573508106913
25	16	12.345489978093664
25	17	8.878823311426997
25	18	10.706069506453135
25	19	6.290161115920079
25	20	3.828073688415361
25	21	3.1114285552332688
25	22	9.99406797980579
25	23	6.266824269097792
25	24	2.1886350670658037
25	25	0.0
25	26	15.096892100237326
25	27	12.50802705504431
25	28	17.781889270420095
25	29	13.779667665139122
25	30	16.58478070401931
25	31	13.741378117046276
25	32	11.60788204364756
25	33	9.240615557321199
25	34	13.779863275030236
25	35	11.825823458409737
25	36	18.20212794130073
25	37	8.727535536634031
25	38	11.987096748698622
25	39	11.35074914588634
25	40	11.156842869558073
25	41	10.572267472315142
25	42	16.04075188124591
25	43	12.939497654682443
25	44	17.166518984289585
25	45	22.357751934336804
25	46	10.934146311237816
25	47	20.22319998631181
25	48	16.160238711454802
25	49	23.57660366578401
25	50	18.20516314954915
25	51	21.982176524650463
25	52	24.27723161442267
25	53	10.937307317526773
25	54	24.461523312380486
25	55	26.30305700476741
25	56	19.20453966266804
25	57	5.017500238363252
25	58	1.7627139568935075
25	59	14.650759906340681
25	60	18.604343742254557
25	61	20.214803380653972
26	0	40.90675194085352
26	1	36.379086638910394
26	2	35.32827813415108
26	3	31.76689402258386
26	4	37.617382882299424
26	5	34.59908477628171
26	6	32.57027100521698
26	7	29.120454406048083
26	8	29.572347399600215
26	9	25.57728872329013
26	10	27.14268289508951
26	11	23.29650473752152
26	12	26.73174585689343
26	13	23.048483749319978
26	14	25.057318750974662
26	15	22.465784575487863
26	16	27.061491765724575
26	17	23.59482509905791
26	18	25.42207129408405
26	19	21.006162903550994
26	20	12.731337556745363
26	21	12.01469242356327
26	22	12.667447803471836
26	23	8.940204092763837
26	24	17.28552716730313
26	25	15.096892100237326
26	26	0.0
26	27	2.588865045193015
26	28	8.919653210017051
26	29	4.917431604736079
26	30	31.300782491650224
26	31	28.45737990467719
26	32	26.323883831278472
26	33	23.956617344952114
26	34	28.49586506266115
26	35	26.541825246040652
26	36	18.133614737961206
26	37	8.659022333294509
26	38	9.183344232620096
26	39	8.546996629807811
26	40	7.434793223093983
26	41	6.850217825851052
26	42	30.756753668876826
26	43	27.655499442313356
26	44	16.070594050953716
26	45	21.261827001000935
26	46	9.838221377901949
26	47	13.27643439138265
26	48	9.213473116525646
26	49	16.629838070854852
26	50	10.464440665934948
26	51	14.516217156833793
26	52	17.08961002392675
26	53	4.159584782710553
26	54	16.995563944563816
26	55	25.20713207143154
26	56	33.920541450298956
26	57	10.25106841475835
26	58	16.478715744524422
26	59	29.366761693971597
26	60	33.32034552988547
26	61	34.93080516828489
27	0	38.3178868956605
27	1	33.790221593717376
27	2	32.73941308895806
27	3	29.17802897739084
27	4	35.028517837106406
27	5	32.0102197310887
