VERTICES = 80
;

DISTANCE_MATRIX = 
0	0	0.0
0	1	4.748631802951246
0	2	4.639117157391048
0	3	4.422140658097614
0	4	11.604973105120582
0	5	17.87444198214677
0	6	12.639117157391048
0	7	6.815117157391047
0	8	27.964595598420413
0	9	15.647117157391047
0	10	10.699268839878654
0	11	9.798140658097616
0	12	11.504372948452206
0	13	12.848753846858607
0	14	9.567117157391047
0	15	19.90765650889404
0	16	17.475445991689575
0	17	21.459189809908757
0	18	17.617989997350186
0	19	16.138703682940427
0	20	15.136434258085014
0	21	14.641039538370984
0	22	27.102383461209403
0	23	22.25990475707451
0	24	32.75590475707451
0	25	21.92545347093835
0	26	21.27829352162134
0	27	14.437113832030455
0	28	13.894140658097614
0	29	8.454140658097614
0	30	9.814040769658673
0	31	6.278140658097613
0	32	9.83978173030863
0	33	44.44613236385404
0	34	42.65384667234166
0	35	44.66384520322453
0	36	43.22669246255985
0	37	47.36536113853623
0	38	45.70105347467116
0	39	48.143767815709005
0	40	45.27784667234165
0	41	48.86289709032005
0	42	52.923872342645524
0	43	42.52584667234166
0	44	56.64444873008697
0	45	58.65384667234166
0	46	51.67784667234166
0	47	58.185179956546996
0	48	61.755872342645524
0	49	53.66184667234164
0	50	64.16426153875598
0	51	67.61384667234165
0	52	67.19429249216664
0	53	70.65187234264552
0	54	61.64831304755994
0	55	72.78093018240804
0	56	77.14984667234165
0	57	75.01855346221448
0	58	79.73987234264551
0	59	71.32584667234164
0	60	81.96953960861882
0	61	76.75576600364825
0	62	79.953083183988
0	63	80.91361636925542
0	64	81.29898659805603
0	65	79.11556303497665
0	66	81.70071229733534
0	67	83.7663090334098
0	68	82.319199386663
0	69	80.54227597999568
0	70	78.49202721460159
0	71	81.75859261200235
0	72	80.00792645307884
0	73	73.64056970164737
0	74	65.56584667234165
0	75	57.956089869039985
0	76	48.02984667234165
0	77	35.38302485330155
0	78	40.18984667234166
0	79	41.73912263226616
1	0	4.748631802951246
1	1	0.0
1	2	9.387748960342295
1	3	7.103999999999999
1	4	16.35360490807183
1	5	22.62307378509802
1	6	17.387748960342293
1	7	11.563748960342293
1	8	32.71322740137166
1	9	20.395748960342292
1	10	13.381128181781039
1	11	12.48
1	12	16.253004751403452
1	13	17.597385649809855
1	14	14.315748960342294
1	15	24.656288311845287
1	16	22.22407779464082
1	17	26.207821612860002
1	18	22.36662180030143
1	19	20.887335485891676
1	20	19.885066061036262
1	21	19.38967134132223
1	22	31.85101526416065
1	23	27.008536560025753
1	24	37.504536560025755
1	25	26.6740852738896
1	26	26.026925324572588
1	27	12.756032301930306
1	28	9.407633281502783
1	29	11.136
1	30	5.065408966707427
1	31	7.488
1	32	14.588413533259876
1	33	49.19476416680529
1	34	47.40247847529291
1	35	49.412477006175784
1	36	47.975324265511105
1	37	52.11399294148748
1	38	50.449685277622415
1	39	52.89239961866026
1	40	50.026478475292905
1	41	53.6115288932713
1	42	57.672504145596776
1	43	47.27447847529291
1	44	61.39308053303822
1	45	63.40247847529291
1	46	56.42647847529291
1	47	62.93381175949825
1	48	66.50450414559677
1	49	58.41047847529289
1	50	68.91289334170723
1	51	72.3624784752929
1	52	71.94292429511789
1	53	75.40050414559677
1	54	66.39694485051119
1	55	77.5295619853593
1	56	81.8984784752929
1	57	79.76718526516574
1	58	84.48850414559676
1	59	76.07447847529289
1	60	86.71817141157007
1	61	81.5043978065995
1	62	84.70171498693925
1	63	85.66224817220667
1	64	86.04761840100728
1	65	83.8641948379279
1	66	86.4493441002866
1	67	88.51494083636105
1	68	87.06783118961425
1	69	85.29090778294693
1	70	83.24065901755284
1	71	86.5072244149536
1	72	84.75655825603009
1	73	78.38920150459862
1	74	70.3144784752929
1	75	62.70472167199124
1	76	52.7784784752929
1	77	40.1316566562528
1	78	44.93847847529291
1	79	46.48775443521741
2	0	4.639117157391048
2	1	9.387748960342295
2	2	0.0
2	3	6.144000000000002
2	4	6.965855947729534
2	5	13.235324824755724
2	6	8.0
2	7	2.1759999999999984
2	8	23.325478441029365
2	9	11.008
2	10	9.093128181781038
2	11	8.192
2	12	6.865255791061157
2	13	8.209636689467558
2	14	4.927999999999999
2	15	15.26853935150299
2	16	12.836328834298525
2	17	16.82007265251771
2	18	12.978872839959138
2	19	11.499586525549379
2	20	10.497317100693966
2	21	10.001922380979936
2	22	22.463266303818354
2	23	17.62078759968346
2	24	28.116787599683462
2	25	17.286336313547302
2	26	16.63917636423029
2	27	14.558973173932841
2	28	15.616
2	29	8.576
2	30	14.453157927049721
2	31	8.0
2	32	5.2006645729175816
2	33	39.80701520646299
2	34	38.01472951495061
2	35	40.024728045833484
2	36	38.587575305168805
2	37	42.72624398114518
2	38	41.061936317280114
2	39	43.504650658317956
2	40	40.638729514950604
2	41	44.223779932929
2	42	48.284755185254475
2	43	37.88672951495061
2	44	52.00533157269592
2	45	54.01472951495061
2	46	47.0387295149506
2	47	53.54606279915595
2	48	57.116755185254476
2	49	49.02272951495059
2	50	59.52514438136493
2	51	62.97472951495061
2	52	62.55517533477558
2	53	66.01275518525446
2	54	57.00919589016889
2	55	68.141813025017
2	56	72.51072951495061
2	57	70.37943630482343
2	58	75.10075518525446
2	59	66.68672951495058
2	60	77.33042245122776
2	61	72.11664884625719
2	62	75.31396602659694
2	63	76.27449921186437
2	64	76.65986944066498
2	65	74.4764458775856
2	66	77.0615951399443
2	67	79.12719187601874
2	68	77.68008222927196
2	69	75.90315882260464
2	70	73.85291005721054
2	71	77.11947545461129
2	72	75.36880929568778
2	73	69.00145254425631
2	74	60.9267295149506
2	75	53.31697271164894
2	76	43.3907295149506
2	77	30.743907695910504
2	78	35.55072951495061
2	79	37.10000547487511
3	0	4.422140658097614
3	1	7.103999999999999
3	2	6.144000000000002
3	3	0.0
3	4	13.109855947729535
3	5	19.379324824755727
3	6	14.144000000000002
3	7	8.32
3	8	29.469478441029366
3	9	17.152
3	10	6.277128181781039
3	11	5.376000000000001
3	12	13.00925579106116
3	13	14.35363668946756
3	14	11.072000000000001
3	15	21.316455133456866
3	16	18.884244616252403
3	17	22.867988434471584
3	18	19.026788621913013
3	19	17.547502307503255
3	20	16.54523288264784
3	21	16.14592238097994
3	22	28.51118208577223
3	23	23.668703381637336
3	24	34.16470338163734
3	25	23.334252095501178
3	26	22.687092146184167
3	27	10.014973173932841
3	28	9.472
3	29	4.032000000000001
3	30	8.406627450863008
3	31	1.855999999999999
3	32	11.248580354871457
3	33	45.854930988416875
3	34	44.06264529690449
3	35	46.07264382778737
3	36	44.63549108712269
3	37	48.774159763099064
3	38	47.109852099234
3	39	49.55256644027184
3	40	46.68664529690449
3	41	50.27169571488288
3	42	54.33267096720836
3	43	43.93464529690449
3	44	58.053247354649805
3	45	60.06264529690449
3	46	53.08664529690449
3	47	59.59397858110983
3	48	63.16467096720836
3	49	55.07064529690447
3	50	65.57306016331881
3	51	69.02264529690449
3	52	68.60309111672947
3	53	72.06067096720835
3	54	63.05711167212277
3	55	74.18972880697088
3	56	78.55864529690449
3	57	76.42735208677732
3	58	81.14867096720835
3	59	72.73464529690447
3	60	83.37833823318164
3	61	78.16456462821108
3	62	81.36188180855083
3	63	82.32241499381826
3	64	82.70778522261887
3	65	80.52436165953948
3	66	83.10951092189819
3	67	85.17510765797263
3	68	83.72799801122584
3	69	81.95107460455851
3	70	79.90082583916441
3	71	83.16739123656518
3	72	81.41672507764167
3	73	75.04936832621019
3	74	66.97464529690448
3	75	59.36488849360282
3	76	49.43864529690448
3	77	36.791823477864384
3	78	41.59864529690449
3	79	43.147921256828994
4	0	11.604973105120582
4	1	16.35360490807183
4	2	6.965855947729534
4	3	13.109855947729535
4	4	0.0
4	5	6.269468877026189
4	6	6.675433169465485
4	7	4.789855947729536
4	8	16.35962249329983
4	9	9.683433169465484
4	10	16.058984129510574
4	11	15.157855947729534
4	12	9.735111738790694
4	13	11.079492637197095
4	14	7.797855947729536
4	15	16.374655420274507
4	16	13.942444903070042
4	17	17.926188721289225
4	18	14.084988908730654
4	19	12.605702594320897
4	20	11.603433169465484
4	21	12.871778328709473
4	22	21.98191187360038
4	23	17.139433169465487
4	24	27.63543316946549
4	25	17.690593118782495
4	26	17.04343316946548
4	27	21.524829121662375
4	28	22.581855947729533
4	29	15.541855947729534
4	30	21.419013874779253
4	31	14.965855947729533
4	32	7.939052670705097
4	33	39.32566077624502
4	34	37.53337508473264
4	35	39.543373615615515
4	36	38.106220874950836
4	37	42.24488955092721
4	38	40.580581887062145
4	39	43.02329622809999
4	40	40.157375084732635
4	41	43.74242550271103
4	42	47.803400755036506
4	43	37.40537508473264
4	44	51.52397714247795
4	45	53.53337508473264
4	46	46.55737508473264
4	47	53.06470836893798
4	48	56.63540075503651
4	49	48.54137508473262
4	50	59.04378995114696
4	51	62.493375084732634
4	52	62.07382090455762
4	53	65.5314007550365
4	54	56.52784145995092
4	55	67.66045859479902
4	56	72.02937508473264
4	57	69.89808187460547
4	58	74.6194007550365
4	59	66.20537508473262
4	60	76.8490680210098
4	61	71.63529441603923
4	62	74.83261159637898
4	63	75.7931447816464
4	64	76.17851501044701
4	65	73.99509144736763
4	66	76.58024070972633
4	67	78.64583744580078
4	68	77.19872779905398
4	69	75.42180439238666
4	70	73.37155562699257
4	71	76.63812102439333
4	72	74.88745486546982
4	73	68.52009811403835
4	74	60.44537508473263
4	75	52.83561828143097
4	76	42.90937508473263
4	77	30.26255326569253
4	78	35.06937508473264
4	79	36.61865104465714
5	0	17.87444198214677
5	1	22.62307378509802
5	2	13.235324824755724
5	3	19.379324824755727
5	4	6.269468877026189
5	5	0.0
5	6	7.296000000000001
5	7	11.059324824755725
5	8	10.090153616273641
5	9	7.551999999999998
5	10	21.257101397709867
5	11	20.355973215928827
5	12	15.847677850748974
5	13	17.192058749155375
5	14	13.910422059687816
5	15	16.03522225080902
5	16	13.603011733604557
5	17	17.586755551823742
5	18	13.74555573926517
5	19	12.266269424855412
5	20	11.264
5	21	18.984344440667755
5	22	19.850478704134893
5	23	15.008
5	24	25.504
5	25	15.559159949317008
5	26	14.911999999999995
5	27	27.082883957365826
5	28	28.85132482475572
5	29	21.09991078343299
5	30	27.688482751805445
5	31	21.235324824755722
5	32	10.56141145952543
5	33	37.194227606779535
5	34	35.40194191526715
5	35	37.41194044615003
5	36	35.97478770548535
5	37	40.113456381461724
5	38	38.44914871759666
5	39	40.8918630586345
5	40	38.02594191526715
5	41	41.61099233324554
5	42	45.67196758557102
5	43	35.27394191526715
5	44	49.392543973012465
5	45	51.40194191526715
5	46	44.425941915267146
5	47	50.93327519947249
5	48	54.50396758557102
5	49	46.40994191526713
5	50	56.912356781681474
5	51	60.36194191526715
5	52	59.942387735092126
5	53	63.39996758557101
5	54	54.39640829048543
5	55	65.52902542533354
5	56	69.89794191526715
5	57	67.76664870513997
5	58	72.487967585571
5	59	64.07394191526713
5	60	74.7176348515443
5	61	69.50386124657373
5	62	72.70117842691349
5	63	73.66171161218091
5	64	74.04708184098152
5	65	71.86365827790215
5	66	74.44880754026084
5	67	76.51440427633528
5	68	75.0672946295885
5	69	73.29037122292118
5	70	71.24012245752708
5	71	74.50668785492783
5	72	72.75602169600432
5	73	66.38866494457285
5	74	58.313941915267144
5	75	50.70418511196548
5	76	40.77794191526714
5	77	28.131120096227043
5	78	32.93794191526715
5	79	34.487217875191654
6	0	12.639117157391048
6	1	17.387748960342293
6	2	8.0
6	3	14.144000000000002
6	4	6.675433169465485
6	5	7.296000000000001
6	6	0.0
6	7	5.824000000000002
6	8	17.386153616273642
6	9	3.007999999999999
6	10	13.961101397709866
6	11	13.059973215928828
6	12	8.551677850748973
6	13	9.896058749155374
6	14	6.614422059687815
6	15	9.699222250809022
6	16	7.267011733604557
6	17	11.25075555182374
6	18	7.409555739265169
6	19	5.930269424855412
6	20	4.927999999999999
6	21	11.688344440667752
6	22	15.306478704134896
6	23	10.464000000000002
6	24	20.960000000000004
6	25	11.01515994931701
6	26	10.367999999999997
6	27	19.786883957365824
6	28	22.787518799878114
6	29	13.803910783432986
6	30	21.72214625074112
6	31	15.171518799878113
6	32	3.2654114595254295
6	33	32.65022760677953
6	34	30.85794191526715
6	35	32.86794044615002
6	36	31.430787705485344
6	37	35.56945638146173
6	38	33.90514871759666
6	39	36.3478630586345
6	40	33.48194191526715
6	41	37.06699233324554
6	42	41.127967585571014
6	43	30.72994191526715
6	44	44.84854397301247
6	45	46.85794191526715
6	46	39.88194191526715
6	47	46.38927519947249
6	48	49.95996758557102
6	49	41.86594191526713
6	50	52.36835678168147
6	51	55.81794191526715
6	52	55.39838773509213
6	53	58.85596758557101
6	54	49.85240829048543
6	55	60.98502542533353
6	56	65.35394191526714
6	57	63.222648705139974
6	58	67.943967585571
6	59	59.52994191526713
6	60	70.1736348515443
6	61	64.95986124657374
6	62	68.15717842691349
6	63	69.11771161218091
6	64	69.50308184098152
6	65	67.31965827790214
6	66	69.90480754026085
6	67	71.97040427633529
6	68	70.52329462958849
6	69	68.74637122292117
6	70	66.69612245752708
6	71	69.96268785492784
6	72	68.21202169600433
6	73	61.844664944572855
6	74	53.76994191526714
6	75	46.160185111965475
6	76	36.233941915267145
6	77	23.587120096227046
6	78	28.393941915267153
6	79	29.943217875191653
7	0	6.815117157391047
7	1	11.563748960342293
7	2	2.1759999999999984
7	3	8.32
7	4	4.789855947729536
7	5	11.059324824755725
7	6	5.824000000000002
7	7	0.0
7	8	21.149478441029366
7	9	8.832
7	10	11.269128181781037
7	11	10.367999999999999
7	12	4.945255791061159
7	13	6.28963668946756
7	14	3.0080000000000005
7	15	13.217071501560971
7	16	10.784860984356506
7	17	14.76860480257569
7	18	10.927404990017116
7	19	9.44811867560736
7	20	8.445849250751946
7	21	8.081922380979938
7	22	20.411798453876333
7	23	15.56931974974144
7	24	26.06531974974144
7	25	15.234868463605284
7	26	14.587708514288272
7	27	16.73497317393284
7	28	17.791999999999998
7	29	10.751999999999999
7	30	16.629157927049718
7	31	10.175999999999998
7	32	3.1491967229755615
7	33	37.75554735652097
7	34	35.96326166500859
7	35	37.97326019589146
7	36	36.536107455226784
7	37	40.67477613120316
7	38	39.01046846733809
7	39	41.453182808375935
7	40	38.58726166500858
7	41	42.17231208298698
7	42	46.233287335312454
7	43	35.83526166500859
7	44	49.9538637227539
7	45	51.96326166500859
7	46	44.98726166500859
7	47	51.494594949213926
7	48	55.065287335312455
7	49	46.97126166500857
7	50	57.47367653142291
7	51	60.92326166500858
7	52	60.50370748483357
7	53	63.96128733531245
7	54	54.95772804022687
7	55	66.09034517507497
7	56	70.45926166500858
7	57	68.32796845488141
7	58	73.04928733531244
7	59	64.63526166500857
7	60	75.27895460128573
7	61	70.06518099631518
7	62	73.26249817665493
7	63	74.22303136192235
7	64	74.60840159072296
7	65	72.42497802764358
7	66	75.01012729000229
7	67	77.07572402607673
7	68	75.62861437932993
7	69	73.85169097266261
7	70	71.80144220726851
7	71	75.06800760466928
7	72	73.31734144574577
7	73	66.94998469431428
7	74	58.87526166500858
7	75	51.265504861706916
7	76	41.33926166500858
7	77	28.692439845968483
7	78	33.49926166500859
7	79	35.04853762493309
8	0	27.964595598420413
8	1	32.71322740137166
8	2	23.325478441029365
8	3	29.469478441029366
8	4	16.35962249329983
8	5	10.090153616273641
8	6	17.386153616273642
8	7	21.149478441029366
8	8	0.0
8	9	15.924075860155904
8	10	31.347255013983506
8	11	30.446126832202467
8	12	25.93783146702261
8	13	27.282212365429015
8	14	24.000575675961453
8	15	24.40729811096493
8	16	21.975087593760463
8	17	25.958831411979645
8	18	22.117631599421074
8	19	20.63834528501132
8	20	19.636075860155906
8	21	29.074498056941394
8	22	28.2225545642908
8	23	23.380075860155905
8	24	33.87607586015591
8	25	23.931235809472916
8	26	23.2840758601559
8	27	37.17303757363946
8	28	38.94147844102937
8	29	31.19006439970663
8	30	37.778636368079084
8	31	31.325478441029365
8	32	20.65156507579907
8	33	45.56630346693544
8	34	43.774017775423054
8	35	45.78401630630593
8	36	44.34686356564125
8	37	48.485532241617626
8	38	46.82122457775256
8	39	49.2639389187904
8	40	46.39801777542305
8	41	49.983068193401444
8	42	54.04404344572692
8	43	43.646017775423054
8	44	57.76461983316837
8	45	59.774017775423054
8	46	52.79801777542305
8	47	59.30535105962839
8	48	62.87604344572692
8	49	54.782017775423036
8	50	65.28443264183738
8	51	68.73401777542306
8	52	68.31446359524803
8	53	71.77204344572692
8	54	62.768484150641335
8	55	73.90110128548943
8	56	78.27001777542304
8	57	76.13872456529589
8	58	80.86004344572692
8	59	72.44601777542303
8	60	83.0897107117002
8	61	77.87593710672965
8	62	81.0732542870694
8	63	82.03378747233683
8	64	82.41915770113744
8	65	80.23573413805804
8	66	82.82088340041675
8	67	84.8864801364912
8	68	83.43937048974439
8	69	81.66244708307707
8	70	79.61219831768298
8	71	82.87876371508375
8	72	81.12809755616024
8	73	74.76074080472875
8	74	66.68601777542304
8	75	59.07626097212138
8	76	49.150017775423045
8	77	36.503195956382946
8	78	41.310017775423056
8	79	42.859293735347556
9	0	15.647117157391047
9	1	20.395748960342292
9	2	11.008
9	3	17.152
9	4	9.683433169465484
9	5	7.551999999999998
9	6	3.007999999999999
9	7	8.832
9	8	15.924075860155904
9	9	0.0
9	10	16.82876355587402
9	11	15.927635374092981
9	12	11.419340008913126
9	13	12.763720907319527
9	14	9.482084217851968
9	15	8.483222250809025
9	16	6.051011733604559
9	17	10.034755551823743
9	18	6.193555739265172
9	19	4.714269424855414
9	20	3.712000000000001
9	21	14.556006598831905
9	22	12.298478704134897
9	23	7.456000000000002
9	24	17.952000000000005
9	25	8.00715994931701
9	26	7.359999999999998
9	27	22.65454611552998
9	28	25.655180958042266
9	29	16.67157294159714
9	30	24.589808408905274
9	31	18.039180958042266
9	32	6.133073617689583
9	33	29.64222760677953
9	34	27.849941915267152
9	35	29.859940446150027
9	36	28.422787705485344
9	37	32.561456381461724
9	38	30.897148717596657
9	39	33.3398630586345
9	40	30.47394191526715
9	41	34.05899233324554
9	42	38.11996758557102
9	43	27.721941915267152
9	44	41.840543973012466
9	45	43.84994191526715
9	46	36.87394191526715
9	47	43.38127519947249
9	48	46.95196758557102
9	49	38.85794191526713
9	50	49.360356781681475
9	51	52.809941915267146
9	52	52.39038773509213
9	53	55.84796758557101
9	54	46.84440829048543
9	55	57.97702542533354
9	56	62.34594191526715
9	57	60.21464870513998
9	58	64.935967585571
9	59	56.521941915267135
9	60	67.1656348515443
9	61	61.95186124657374
9	62	65.1491784269135
9	63	66.10971161218092
9	64	66.49508184098153
9	65	64.31165827790214
9	66	66.89680754026085
9	67	68.96240427633529
9	68	67.5152946295885
9	69	65.73837122292117
9	70	63.68812245752708
9	71	66.95468785492784
9	72	65.20402169600433
9	73	58.83666494457285
9	74	50.761941915267144
9	75	43.15218511196548
9	76	33.22594191526714
9	77	20.579120096227047
9	78	25.385941915267153
9	79	26.935217875191654
10	0	10.699268839878654
10	1	13.381128181781039
10	2	9.093128181781038
10	3	6.277128181781039
10	4	16.058984129510574
10	5	21.257101397709867
10	6	13.961101397709866
10	7	11.269128181781037
10	8	31.347255013983506
10	9	16.82876355587402
10	10	0.0
10	11	0.9011281817810383
10	12	10.198383972842196
10	13	11.542764871248597
10	14	8.261128181781038
10	15	20.763564716769846
10	16	18.331354199565382
10	17	22.315098017784564
10	18	18.473898205225993
10	19	16.994611890816234
10	20	15.99234246596082
10	21	13.335050562760975
10	22	27.95829166908521
10	23	23.115812964950315
10	24	33.61181296495032
10	25	22.781361678814157
10	26	22.134201729497146
10	27	8.228101355713878
10	28	11.576500376141404
10	29	2.245128181781039
10	30	12.443755632644049
10	31	5.893128181781039
10	32	10.695689938184437
10	33	45.302040571729854
10	34	43.50975488021747
10	35	45.519753411100346
10	36	44.08260067043567
10	37	48.22126934641204
10	38	46.55696168254698
10	39	48.99967602358482
10	40	46.13375488021747
10	41	49.71880529819586
10	42	53.77978055052134
10	43	43.38175488021747
10	44	57.500356937962785
10	45	59.50975488021747
10	46	52.53375488021747
10	47	59.04108816442281
10	48	62.61178055052134
10	49	54.51775488021745
10	50	65.0201697466318
10	51	68.46975488021747
10	52	68.05020070004245
10	53	71.50778055052133
10	54	62.50422125543575
10	55	73.63683839028386
10	56	78.00575488021747
10	57	75.8744616700903
10	58	80.59578055052133
10	59	72.18175488021745
10	60	82.82544781649463
10	61	77.61167421152406
10	62	80.80899139186381
10	63	81.76952457713124
10	64	82.15489480593185
10	65	79.97147124285246
10	66	82.55662050521116
10	67	84.62221724128561
10	68	83.17510759453882
10	69	81.3981841878715
10	70	79.3479354224774
10	71	82.61450081987816
10	72	80.86383466095465
10	73	74.49647790952318
10	74	66.42175488021746
10	75	58.8119980769158
10	76	48.88575488021746
10	77	36.23893306117736
10	78	41.04575488021747
10	79	42.59503084014197
11	0	9.798140658097616
11	1	12.48
11	2	8.192
11	3	5.376000000000001
11	4	15.157855947729534
11	5	20.355973215928827
11	6	13.059973215928828
11	7	10.367999999999999
11	8	30.446126832202467
11	9	15.927635374092981
11	10	0.9011281817810383
11	11	0.0
11	12	9.297255791061158
11	13	10.641636689467559
11	14	7.3599999999999985
11	15	19.86243653498881
11	16	17.430226017784342
11	17	21.413969836003524
11	18	17.572770023444953
11	19	16.093483709035198
11	20	15.091214284179784
11	21	12.433922380979936
11	22	27.057163487304173
11	23	22.214684783169275
11	24	32.71068478316928
11	25	21.88023349703312
11	26	21.23307354771611
11	27	7.32697317393284
11	28	10.675372194360365
11	29	1.3440000000000007
11	30	11.542627450863009
11	31	4.992000000000001
11	32	9.794561756403398
11	33	44.400912389948815
11	34	42.60862669843643
11	35	44.618625229319306
11	36	43.18147248865463
11	37	47.320141164631
11	38	45.65583350076594
11	39	48.09854784180378
11	40	45.23262669843643
11	41	48.81767711641482
11	42	52.8786523687403
11	43	42.48062669843643
11	44	56.599228756181745
11	45	58.60862669843643
11	46	51.632626698436425
11	47	58.13995998264177
11	48	61.7106523687403
11	49	53.61662669843641
11	50	64.11904156485076
11	51	67.56862669843643
11	52	67.1490725182614
11	53	70.6066523687403
11	54	61.60309307365471
11	55	72.73571020850281
11	56	77.10462669843642
11	57	74.97333348830927
11	58	79.6946523687403
11	59	71.28062669843641
11	60	81.92431963471358
11	61	76.71054602974303
11	62	79.90786321008278
11	63	80.8683963953502
11	64	81.25376662415081
11	65	79.07034306107141
11	66	81.65549232343012
11	67	83.72108905950458
11	68	82.27397941275777
11	69	80.49705600609045
11	70	78.44680724069636
11	71	81.71337263809713
11	72	79.96270647917362
11	73	73.59534972774213
11	74	65.52062669843642
11	75	57.91086989513476
11	76	47.98462669843642
11	77	35.33780487939632
11	78	40.14462669843643
11	79	41.69390265836093
12	0	11.504372948452206
12	1	16.253004751403452
12	2	6.865255791061157
12	3	13.00925579106116
12	4	9.735111738790694
12	5	15.847677850748974
12	6	8.551677850748973
12	7	4.945255791061159
12	8	25.93783146702261
12	9	11.419340008913126
12	10	10.198383972842196
12	11	9.297255791061158
12	12	0.0
12	13	1.3443808984064014
12	14	1.9372557910611585
12	15	14.836478041870182
12	16	12.404267524665716
12	17	16.3880113428849
12	18	12.546811530326329
12	19	11.067525215916572
12	20	10.065255791061158
12	21	3.1366665899187787
12	22	22.54886812212432
12	23	17.70638941798942
12	24	28.202389417989423
12	25	17.371938131853266
12	26	16.724778182536255
12	27	15.664228964993999
12	28	19.012627985421524
12	29	9.681255791061158
12	30	19.175883241924165
12	31	12.625255791061157
12	32	5.286266391223544
12	33	39.89261702476896
12	34	38.10033133325658
12	35	40.11032986413945
12	36	38.67317712347477
12	37	42.81184579945115
12	38	41.14753813558608
12	39	43.590252476623924
12	40	40.72433133325657
12	41	44.309381751234966
12	42	48.37035700356044
12	43	37.97233133325658
12	44	52.09093339100189
12	45	54.10033133325658
12	46	47.12433133325658
12	47	53.631664617461915
12	48	57.202357003560444
12	49	49.10833133325656
12	50	59.6107461996709
12	51	63.06033133325657
12	52	62.64077715308156
12	53	66.09835700356044
12	54	57.09479770847486
12	55	68.22741484332296
12	56	72.59633133325657
12	57	70.4650381231294
12	58	75.18635700356043
12	59	66.77233133325656
12	60	77.41602426953372
12	61	72.20225066456317
12	62	75.39956784490292
12	63	76.36010103017034
12	64	76.74547125897095
12	65	74.56204769589156
12	66	77.14719695825028
12	67	79.21279369432472
12	68	77.76568404757792
12	69	75.9887606409106
12	70	73.9385118755165
12	71	77.20507727291726
12	72	75.45441111399376
12	73	69.08705436256227
12	74	61.01233133325657
12	75	53.402574529954904
12	76	43.47633133325657
12	77	30.82950951421647
12	78	35.63633133325658
12	79	37.18560729318108
13	0	12.848753846858607
13	1	17.597385649809855
13	2	8.209636689467558
13	3	14.35363668946756
13	4	11.079492637197095
13	5	17.192058749155375
13	6	9.896058749155374
13	7	6.28963668946756
13	8	27.282212365429015
13	9	12.763720907319527
13	10	11.542764871248597
13	11	10.641636689467559
13	12	1.3443808984064014
13	13	0.0
13	14	3.28163668946756
13	15	16.180858940276586
13	16	13.748648423072119
13	17	17.7323922412913
13	18	13.891192428732731
13	19	12.411906114322974
13	20	11.409636689467561
13	21	1.792285691512377
13	22	23.893249020530718
13	23	19.050770316395823
13	24	29.546770316395826
13	25	18.71631903025967
13	26	18.069159080942654
13	27	17.0086098634004
13	28	20.357008883827923
13	29	11.02563668946756
13	30	20.520264140330568
13	31	13.96963668946756
13	32	6.630647289629945
13	33	41.23699792317536
13	34	39.444712231662976
13	35	41.45471076254585
13	36	40.01755802188117
13	37	44.15622669785755
13	38	42.49191903399248
13	39	44.93463337503032
13	40	42.06871223166297
13	41	45.653762649641365
13	42	49.71473790196684
13	43	39.316712231662976
13	44	53.43531428940829
13	45	55.444712231662976
13	46	48.46871223166298
13	47	54.976045515868314
13	48	58.54673790196684
13	49	50.45271223166296
13	50	60.9551270980773
13	51	64.40471223166297
13	52	63.98515805148796
13	53	67.44273790196684
13	54	58.439178606881256
13	55	69.57179574172936
13	56	73.94071223166297
13	57	71.8094190215358
13	58	76.53073790196683
13	59	68.11671223166296
13	60	78.76040516794012
13	61	73.54663156296957
13	62	76.74394874330932
13	63	77.70448192857674
13	64	78.08985215737735
13	65	75.90642859429796
13	66	78.49157785665668
13	67	80.55717459273112
13	68	79.11006494598432
13	69	77.333141539317
13	70	75.2828927739229
13	71	78.54945817132366
13	72	76.79879201240016
13	73	70.43143526096867
13	74	62.35671223166297
13	75	54.746955428361304
13	76	44.82071223166297
13	77	32.17389041262287
13	78	36.98071223166298
13	79	38.52998819158748
14	0	9.567117157391047
14	1	14.315748960342294
14	2	4.927999999999999
14	3	11.072000000000001
14	4	7.797855947729536
14	5	13.910422059687816
14	6	6.614422059687815
14	7	3.0080000000000005
14	8	24.000575675961453
14	9	9.482084217851968
14	10	8.261128181781038
14	11	7.3599999999999985
14	12	1.9372557910611585
14	13	3.28163668946756
14	14	0.0
14	15	12.899222250809023
14	16	10.467011733604558
14	17	14.450755551823741
14	18	10.60955573926517
14	19	9.130269424855413
14	20	8.128
14	21	5.073922380979937
14	22	20.611612331063156
14	23	15.769133626928264
14	24	26.265133626928264
14	25	15.434682340792108
14	26	14.787522391475095
14	27	13.72697317393284
14	28	17.075372194360362
14	29	7.744
14	30	17.238627450863007
14	31	10.687999999999999
14	32	3.349010600162385
14	33	37.9553612337078
14	34	36.163075542195415
14	35	38.17307407307829
14	36	36.73592133241361
14	37	40.87459000838999
14	38	39.21028234452492
14	39	41.65299668556276
14	40	38.78707554219541
14	41	42.372125960173804
14	42	46.43310121249928
14	43	36.035075542195415
14	44	50.15367759994073
14	45	52.163075542195415
14	46	45.187075542195416
14	47	51.69440882640075
14	48	55.26510121249928
14	49	47.171075542195396
14	50	57.67349040860974
14	51	61.12307554219541
14	52	60.703521362020396
14	53	64.16110121249928
14	54	55.157541917413695
14	55	66.2901590522618
14	56	70.65907554219541
14	57	68.52778233206824
14	58	73.24910121249927
14	59	64.8350755421954
14	60	75.47876847847257
14	61	70.264994873502
14	62	73.46231205384176
14	63	74.42284523910918
14	64	74.80821546790979
14	65	72.6247919048304
14	66	75.2099411671891
14	67	77.27553790326355
14	68	75.82842825651676
14	69	74.05150484984944
14	70	72.00125608445535
14	71	75.2678214818561
14	72	73.5171553229326
14	73	67.14979857150112
14	74	59.07507554219541
14	75	51.46531873889374
14	76	41.539075542195405
14	77	28.892253723155306
14	78	33.699075542195416
14	79	35.24835150211992
15	0	19.90765650889404
15	1	24.656288311845287
15	2	15.26853935150299
15	3	21.316455133456866
15	4	16.374655420274507
15	5	16.03522225080902
15	6	9.699222250809022
15	7	13.217071501560971
15	8	24.40729811096493
15	9	8.483222250809025
15	10	20.763564716769846
15	11	19.86243653498881
15	12	14.836478041870182
15	13	16.180858940276586
15	14	12.899222250809023
15	15	0.0
15	16	2.432210517204465
15	17	8.385410329763035
15	18	4.544210517204464
15	19	3.76895282595361
15	20	4.771222250809023
15	21	17.973144631788962
15	22	18.73370095494392
15	23	13.891222250809026
15	24	24.387222250809028
15	25	12.650382200126035
15	26	12.003222250809022
15	27	26.589347276425805
15	28	29.589982118938092
15	29	20.606374102492964
15	30	28.5246095698011
15	31	21.973982118938093
15	32	10.06787477858541
15	33	36.077449857588554
15	34	34.28516416607618
15	35	36.29516269695905
15	36	34.858009956294374
15	37	38.99667863227075
15	38	37.332370968405684
15	39	39.775085309443526
15	40	36.909164166076174
15	41	40.49421458405456
15	42	44.55518983638004
15	43	34.15716416607618
15	44	48.27576622382149
15	45	50.28516416607617
15	46	43.30916416607617
15	47	49.81649745028152
15	48	53.387189836380045
15	49	45.29316416607615
15	50	55.795579032490494
15	51	59.24516416607617
15	52	58.82560998590115
15	53	62.28318983638003
15	54	53.27963054129445
15	55	64.41224767614256
15	56	68.78116416607617
15	57	66.649870955949
15	58	71.37118983638003
15	59	62.957164166076154
15	60	73.60085710235333
15	61	68.38708349738276
15	62	71.58440067772251
15	63	72.54493386298994
15	64	72.93030409179055
15	65	70.74688052871116
15	66	73.33202979106987
15	67	75.39762652714431
15	68	73.95051688039752
15	69	72.1735934737302
15	70	70.1233447083361
15	71	73.38991010573686
15	72	71.63924394681335
15	73	65.27188719538188
15	74	57.19716416607616
15	75	49.5874073627745
15	76	39.66116416607617
15	77	27.01434234703607
15	78	31.821164166076176
15	79	33.37044012600068
16	0	17.475445991689575
16	1	22.22407779464082
16	2	12.836328834298525
16	3	18.884244616252403
16	4	13.942444903070042
16	5	13.603011733604557
16	6	7.267011733604557
16	7	10.784860984356506
16	8	21.975087593760463
16	9	6.051011733604559
16	10	18.331354199565382
16	11	17.430226017784342
16	12	12.404267524665716
16	13	13.748648423072119
16	14	10.467011733604558
16	15	2.432210517204465
16	16	0.0
16	17	5.9531998125585694
16	18	2.1119999999999983
16	19	1.3367423087491452
16	20	2.339011733604558
16	21	15.540934114584495
16	22	16.301490437739456
16	23	11.45901173360456
16	24	21.955011733604564
16	25	10.21817168292157
16	26	9.571011733604557
16	27	24.157136759221338
16	28	27.15777160173363
16	29	18.1741635852885
16	30	26.092399052596633
16	31	19.54177160173363
16	32	7.635664261380944
16	33	33.64523934038409
16	34	31.852953648871708
16	35	33.86295217975458
16	36	32.4257994390899
16	37	36.56446811506628
16	38	34.90016045120122
16	39	37.34287479223906
16	40	34.47695364887171
16	41	38.06200406685009
16	42	42.12297931917557
16	43	31.724953648871708
16	44	45.843555706617025
16	45	47.852953648871704
16	46	40.876953648871705
16	47	47.38428693307705
16	48	50.95497931917558
16	49	42.860953648871686
16	50	53.36336851528603
16	51	56.812953648871705
16	52	56.393399468696686
16	53	59.850979319175565
16	54	50.847420024089985
16	55	61.98003715893809
16	56	66.3489536488717
16	57	64.21766043874453
16	58	68.93897931917556
16	59	60.52495364887169
16	60	71.16864658514886
16	61	65.9548729801783
16	62	69.15219016051805
16	63	70.11272334578547
16	64	70.49809357458608
16	65	68.31467001150669
16	66	70.8998192738654
16	67	72.96541600993984
16	68	71.51830636319305
16	69	69.74138295652573
16	70	67.69113419113164
16	71	70.95769958853239
16	72	69.20703342960888
16	73	62.83967667817741
16	74	54.764953648871696
16	75	47.15519684557003
16	76	37.2289536488717
16	77	24.582131829831603
16	78	29.38895364887171
16	79	30.93822960879621
17	0	21.459189809908757
17	1	26.207821612860002
17	2	16.82007265251771
17	3	22.867988434471584
17	4	17.926188721289225
17	5	17.586755551823742
17	6	11.25075555182374
17	7	14.76860480257569
17	8	25.958831411979645
17	9	10.034755551823743
17	10	22.315098017784564
17	11	21.413969836003524
17	12	16.3880113428849
17	13	17.7323922412913
17	14	14.450755551823741
17	15	8.385410329763035
17	16	5.9531998125585694
17	17	0.0
17	18	3.8411998125585707
17	19	5.320486126968328
17	20	6.322755551823741
17	21	19.524677932803677
17	22	20.28523425595864
17	23	15.442755551823744
17	24	25.938755551823746
17	25	14.201915501140753
17	26	13.55475555182374
17	27	28.140880577440523
17	28	31.14151541995281
17	29	22.157907403507686
17	30	30.07614287081582
17	31	23.52551541995281
17	32	11.619408079600127
17	33	37.628983158603276
17	34	35.83669746709089
17	35	37.84669599797377
17	36	36.40954325730909
17	37	40.548211933285465
17	38	38.8839042694204
17	39	41.32661861045824
17	40	38.46069746709089
17	41	42.04574788506928
17	42	46.10672313739476
17	43	35.70869746709089
17	44	49.82729952483621
17	45	51.83669746709089
17	46	44.86069746709089
17	47	51.36803075129623
17	48	54.93872313739476
17	49	46.844697467090874
17	50	57.347112333505216
17	51	60.796697467090894
17	52	60.37714328691587
17	53	63.834723137394754
17	54	54.831163842309174
17	55	65.96378097715728
17	56	70.3326974670909
17	57	68.20140425696371
17	58	72.92272313739474
17	59	64.50869746709087
17	60	75.15239040336805
17	61	69.93861679839748
17	62	73.13593397873723
17	63	74.09646716400465
17	64	74.48183739280526
17	65	72.29841382972589
17	66	74.88356309208459
17	67	76.94915982815903
17	68	75.50205018141224
17	69	73.72512677474492
17	70	71.67487800935082
17	71	74.94144340675157
17	72	73.19077724782807
17	73	66.8234204963966
17	74	58.748697467090885
17	75	51.13894066378922
17	76	41.212697467090884
17	77	28.56587564805079
17	78	33.372697467090894
17	79	34.921973427015395
18	0	17.617989997350186
18	1	22.36662180030143
18	2	12.978872839959138
18	3	19.026788621913013
18	4	14.084988908730654
18	5	13.74555573926517
18	6	7.409555739265169
18	7	10.927404990017116
18	8	22.117631599421074
18	9	6.193555739265172
18	10	18.473898205225993
18	11	17.572770023444953
18	12	12.546811530326329
18	13	13.891192428732731
18	14	10.60955573926517
18	15	4.544210517204464
18	16	2.1119999999999983
18	17	3.8411998125585707
18	18	0.0
18	19	1.479286314409757
18	20	2.48155573926517
18	21	15.683478120245107
18	22	16.444034443400067
18	23	11.601555739265173
18	24	22.097555739265175
18	25	10.360715688582182
18	26	9.71355573926517
18	27	24.299680764881952
18	28	27.30031560739424
18	29	18.31670759094911
18	30	26.234943058257247
18	31	19.68431560739424
18	32	7.778208267041555
18	33	33.787783346044705
18	34	31.995497654532322
18	35	34.0054961854152
18	36	32.56834344475052
18	37	36.707012120726894
18	38	35.04270445686183
18	39	37.48541879789967
18	40	34.61949765453232
18	41	38.20454807251071
18	42	42.26552332483619
18	43	31.867497654532322
18	44	45.986099712277635
18	45	47.99549765453232
18	46	41.019497654532316
18	47	47.52683093873766
18	48	51.09752332483619
18	49	43.0034976545323
18	50	53.505912520946644
18	51	56.95549765453232
18	52	56.535943474357296
18	53	59.99352332483618
18	54	50.9899640297506
18	55	62.12258116459871
18	56	66.49149765453231
18	57	64.36020444440516
18	58	69.08152332483618
18	59	60.6674976545323
18	60	71.31119059080947
18	61	66.09741698583892
18	62	69.29473416617867
18	63	70.2552673514461
18	64	70.6406375802467
18	65	68.4572140171673
18	66	71.04236327952601
18	67	73.10796001560047
18	68	71.66085036885366
18	69	69.88392696218634
18	70	67.83367819679225
18	71	71.10024359419302
18	72	69.34957743526951
18	73	62.98222068383802
18	74	54.907497654532314
18	75	47.29774085123065
18	76	37.37149765453231
18	77	24.724675835492217
18	78	29.531497654532323
18	79	31.080773614456824
19	0	16.138703682940427
19	1	20.887335485891676
19	2	11.499586525549379
19	3	17.547502307503255
19	4	12.605702594320897
19	5	12.266269424855412
19	6	5.930269424855412
19	7	9.44811867560736
19	8	20.63834528501132
19	9	4.714269424855414
19	10	16.994611890816234
19	11	16.093483709035198
19	12	11.067525215916572
19	13	12.411906114322974
19	14	9.130269424855413
19	15	3.76895282595361
19	16	1.3367423087491452
19	17	5.320486126968328
19	18	1.479286314409757
19	19	0.0
19	20	1.002269424855413
19	21	14.20419180583535
19	22	14.964748128990312
19	23	10.122269424855416
19	24	20.61826942485542
19	25	8.881429374172425
19	26	8.234269424855412
19	27	22.820394450472193
19	28	25.82102929298448
19	29	16.837421276539356
19	30	24.75565674384749
19	31	18.20502929298448
19	32	6.298921952631798
19	33	32.30849703163494
19	34	30.516211340122563
19	35	32.526209871005435
19	36	31.089057130340755
19	37	35.22772580631714
19	38	33.563418142452065
19	39	36.00613248348991
19	40	33.14021134012256
19	41	36.725261758100956
19	42	40.78623701042643
19	43	30.388211340122563
19	44	44.50681339786787
19	45	46.51621134012257
19	46	39.54021134012256
19	47	46.0475446243279
19	48	49.61823701042643
19	49	41.52421134012255
19	50	52.02662620653689
19	51	55.47621134012256
19	52	55.05665715994754
19	53	58.51423701042643
19	54	49.51067771534085
19	55	60.64329485018895
19	56	65.01221134012256
19	57	62.88091812999539
19	58	67.60223701042642
19	59	59.18821134012254
19	60	69.83190427639971
19	61	64.61813067142916
19	62	67.81544785176891
19	63	68.77598103703633
19	64	69.16135126583694
19	65	66.97792770275755
19	66	69.56307696511625
19	67	71.6286737011907
19	68	70.18156405444391
19	69	68.40464064777659
19	70	66.35439188238249
19	71	69.62095727978325
19	72	67.87029112085975
19	73	61.50293436942826
19	74	53.42821134012256
19	75	45.818454536820894
19	76	35.89221134012256
19	77	23.24538952108246
19	78	28.052211340122565
19	79	29.601487300047065
20	0	15.136434258085014
20	1	19.885066061036262
20	2	10.497317100693966
20	3	16.54523288264784
20	4	11.603433169465484
20	5	11.264
20	6	4.927999999999999
20	7	8.445849250751946
20	8	19.636075860155906
20	9	3.712000000000001
20	10	15.99234246596082
20	11	15.091214284179784
20	12	10.065255791061158
20	13	11.409636689467561
20	14	8.128
20	15	4.771222250809023
20	16	2.339011733604558
20	17	6.322755551823741
20	18	2.48155573926517
20	19	1.002269424855413
20	20	0.0
20	21	13.201922380979937
20	22	13.962478704134899
20	23	9.120000000000003
20	24	19.616000000000007
20	25	7.879159949317013
20	26	7.231999999999999
20	27	21.81812502561678
20	28	24.818759868129067
20	29	15.835151851683943
20	30	23.753387318992075
20	31	17.202759868129068
20	32	5.296652527776385
20	33	31.30622760677953
20	34	29.51394191526715
20	35	31.523940446150025
20	36	30.086787705485342
20	37	34.225456381461726
20	38	32.56114871759665
20	39	35.003863058634494
20	40	32.13794191526715
20	41	35.72299233324554
20	42	39.78396758557102
20	43	29.38594191526715
20	44	43.50454397301246
20	45	45.513941915267154
20	46	38.53794191526715
20	47	45.045275199472485
20	48	48.61596758557101
20	49	40.521941915267135
20	50	51.024356781681476
20	51	54.47394191526715
20	52	54.05438773509213
20	53	57.511967585571014
20	54	48.508408290485434
20	55	59.64102542533354
20	56	64.00994191526715
20	57	61.87864870513998
20	58	66.59996758557101
20	59	58.18594191526713
20	60	68.8296348515443
20	61	63.61586124657374
20	62	66.8131784269135
20	63	67.77371161218092
20	64	68.15908184098153
20	65	65.97565827790214
20	66	68.56080754026084
20	67	70.6264042763353
20	68	69.1792946295885
20	69	67.40237122292118
20	70	65.35212245752707
20	71	68.61868785492784
20	72	66.86802169600433
20	73	60.50066494457285
20	74	52.425941915267146
20	75	44.81618511196548
20	76	34.889941915267144
20	77	22.243120096227045
20	78	27.04994191526715
20	79	28.599217875191652
21	0	14.641039538370984
21	1	19.38967134132223
21	2	10.001922380979936
21	3	16.14592238097994
21	4	12.871778328709473
21	5	18.984344440667755
21	6	11.688344440667752
21	7	8.081922380979938
21	8	29.074498056941394
21	9	14.556006598831905
21	10	13.335050562760975
21	11	12.433922380979936
21	12	3.1366665899187787
21	13	1.792285691512377
21	14	5.073922380979937
21	15	17.973144631788962
21	16	15.540934114584495
21	17	19.524677932803677
21	18	15.683478120245107
21	19	14.20419180583535
21	20	13.201922380979937
21	21	0.0
21	22	25.685534712043093
21	23	20.843056007908203
21	24	31.339056007908205
21	25	20.508604721772045
21	26	19.86144477245503
21	27	18.800895554912778
21	28	22.1492945753403
21	29	12.817922380979937
21	30	22.312549831842944
21	31	15.761922380979936
21	32	8.422932981142322
21	33	43.029283614687735
21	34	41.23699792317535
