VERTICES = 80
;

DISTANCE_MATRIX = 
0	0	0.0
0	1	3.95719316912604
0	2	3.8659309644925406
0	3	3.6851172150813447
0	4	9.670810920933821
0	5	13.447003851761613
0	6	10.532597631159206
0	7	5.679264297825875
0	8	21.85546519865631
0	9	13.039264297825873
0	10	7.825977064073959
0	11	7.075036912589761
0	12	8.425257498062928
0	13	9.116272311810734
0	14	6.810877672178627
0	15	16.542603069205125
0	16	14.515760971534739
0	17	17.544501531682492
0	18	14.343501687883684
0	19	13.448472534195641
0	20	12.613248013482796
0	21	10.609843721404381
0	22	22.45969365102993
0	23	18.424294730917513
0	24	27.1177916618935
0	25	18.204966829552596
0	26	17.665666871788417
0	27	11.445543281778885
0	28	10.295141981924388
0	29	6.459732303501518
0	30	8.178367308048896
0	31	4.801938099954516
0	32	8.199818108590524
0	33	36.85228254339037
0	34	35.358711133796724
0	35	36.99730079879812
0	36	35.79967351491088
0	37	39.284313242362884
0	38	37.897390189142
0	39	39.32863586773045
0	40	36.94036824825766
0	41	40.53291981544537
0	42	43.32751074193769
0	43	35.252044467130055
0	44	45.206488466712564
0	45	46.16663806697437
0	46	41.06765341859147
0	47	46.385967175489654
0	48	50.58162834659659
0	49	42.616522771985196
0	50	50.758650455652976
0	51	53.42310797703088
0	52	54.54327883606116
0	53	57.836726171191685
0	54	49.92162929888892
0	55	57.7290109020862
0	56	60.90518730774578
0	57	60.970944860243094
0	58	65.04639868648513
0	59	57.33204392726897
0	60	64.92159808797675
0	61	62.41454692149763
0	62	65.28085295681484
0	63	65.92210664911762
0	64	66.36300688792178
0	65	64.58291949930539
0	66	66.57801992251756
0	67	68.41910891738324
0	68	67.19583788983306
0	69	65.92511503419624
0	70	64.21657439636783
0	71	66.94952929165946
0	72	65.49064082588987
0	73	60.1964286396052
0	74	53.46749278185045
0	75	47.12602877909906
0	76	38.854159448517116
0	77	29.30705840874937
0	78	33.30537780046339
0	79	34.59644110040048
1	0	3.95719316912604
1	1	0.0
1	2	7.812286619308219
1	3	5.341992969752853
1	4	13.6171665757495
1	5	17.39335950657729
1	6	14.478953285974885
1	7	9.625619952641554
1	8	25.80182085347199
1	9	16.985619952641553
1	10	9.482852818745467
1	11	8.73191266726127
1	12	12.371613152878606
1	13	13.062627966626412
1	14	10.757233326994305
1	15	20.4889587240208
1	16	18.462116626350415
1	17	21.490857186498168
1	18	18.28985734269936
1	19	17.394828189011317
1	20	16.55960366829847
1	21	14.556199376220059
1	22	26.406049305845613
1	23	22.370650385733192
1	24	31.064147316709175
1	25	22.151322484368276
1	26	21.612022526604097
1	27	10.37089244943485
1	28	7.580559932411913
1	29	8.116608058173027
1	30	4.221174138922856
1	31	6.240000000000002
1	32	12.146173763406201
1	33	40.79863819820605
1	34	39.3050667886124
1	35	40.9436564536138
1	36	39.746029169726555
1	37	43.23066889717856
1	38	41.84374584395768
1	39	43.274991522546124
1	40	40.88672390307334
1	41	44.479275470261044
1	42	47.27386639675336
1	43	39.19840012194573
1	44	49.15284412152824
1	45	50.11299372179005
1	46	45.014009073407145
1	47	50.33232283030533
1	48	54.527984001412264
1	49	46.56287842680087
1	50	54.70500611046865
1	51	57.36946363184656
1	52	58.48963449087684
1	53	61.78308182600736
1	54	53.86798495370459
1	55	61.67536655690188
1	56	64.85154296256145
1	57	64.91730051505877
1	58	68.99275434130081
1	59	61.278399582084646
1	60	68.86795374279242
1	61	66.36090257631331
1	62	69.22720861163052
1	63	69.8684623039333
1	64	70.30936254273746
1	65	68.52927515412107
1	66	70.52437557733323
1	67	72.36546457219892
1	68	71.14219354464873
1	69	69.87147068901191
1	70	68.16293005118351
1	71	70.89588494647514
1	72	69.43699648070555
1	73	64.14278429442088
1	74	57.41384843666613
1	75	51.072384433914735
1	76	42.80051510333279
1	77	33.253414063565046
1	78	37.251733455279066
1	79	38.54279675521616
2	0	3.8659309644925406
2	1	7.812286619308219
2	2	0.0
2	3	5.119999999999999
2	4	5.804879956441281
2	5	9.581072887269073
2	6	6.666666666666666
2	7	1.8133333333333344
2	8	17.98953423416377
2	9	9.173333333333334
2	10	5.599289240492629
2	11	4.848349089008431
2	12	4.5593265335703865
2	13	5.2503413473181935
2	14	2.944946707686086
2	15	12.676672104712585
2	16	10.649830007042198
2	17	13.67857056718995
2	18	10.477570723391143
2	19	9.5825415697031
2	20	8.747317048990254
2	21	6.74391275691184
2	22	18.593762686537392
2	23	14.558363766424973
2	24	23.251860697400957
2	25	14.339035865060056
2	26	13.799735907295878
2	27	10.19025352500821
2	28	11.302009458181065
2	29	5.204442546730842
2	30	11.267661785263698
2	31	5.808805576211191
2	32	4.333887144097982
2	33	32.986351578897825
2	34	31.492780169304183
2	35	33.13136983430558
2	36	31.933742550418337
2	37	35.41838227787034
2	38	34.03145922464946
2	39	35.462704903237906
2	40	33.07443728376512
2	41	36.66698885095283
2	42	39.46157977744515
2	43	31.386113502637514
2	44	41.34055750222002
2	45	42.30070710248183
2	46	37.20172245409893
2	47	42.52003621099712
2	48	46.715697382104054
2	49	38.750591807492654
2	50	46.892719491160435
2	51	49.55717701253834
2	52	50.67734787156863
2	53	53.970795206699144
2	54	46.05569833439638
2	55	53.86307993759367
2	56	57.03925634325324
2	57	57.10501389575056
2	58	61.18046772199259
2	59	53.46611296277642
2	60	61.05566712348421
2	61	58.5486159570051
2	62	61.414921992322306
2	63	62.05617568462508
2	64	62.497075923429236
2	65	60.71698853481284
2	66	62.712088958025014
2	67	64.5531779528907
2	68	63.32990692534051
2	69	62.059184069703704
2	70	60.35064343187529
2	71	63.08359832716692
2	72	61.62470986139733
2	73	56.33049767511267
2	74	49.601561817357904
2	75	43.26009781460652
2	76	34.988228484024575
2	77	25.44112744425683
2	78	29.43944683597085
2	79	30.730510135907938
3	0	3.6851172150813447
3	1	5.341992969752853
3	2	5.119999999999999
3	3	0.0
3	4	10.92487995644128
3	5	14.70107288726907
3	6	11.786666666666665
3	7	6.933333333333334
3	8	23.10953423416377
3	9	14.293333333333333
3	10	4.140859848992615
3	11	3.3899196975084167
3	12	8.850634228389632
3	13	9.54164904213744
3	14	7.236254402505332
3	15	17.677773954716578
3	16	15.650931857046192
3	17	18.679672417193945
3	18	15.478672573395137
3	19	14.583643419707094
3	20	13.748418898994249
3	21	11.035220451731085
3	22	23.70724908446882
3	23	19.6718501643564
3	24	28.365347095332382
3	25	19.43383297072266
3	26	18.89453301295848
3	27	7.760426066697541
3	28	6.610024766843043
3	29	2.7746150884201737
3	30	6.575677093925677
3	31	1.1168208848731704
3	32	9.373816962392876
3	33	38.09983797682925
3	34	36.60626656723561
3	35	38.244856232237005
3	36	37.04722894834976
3	37	40.53186867580177
3	38	39.144945622580885
3	39	40.57619130116933
3	40	38.187923681696546
3	41	41.78047524888426
3	42	44.57506617537658
3	43	36.49959990056894
3	44	46.45404390015145
3	45	47.414193500413255
3	46	42.31520885203035
3	47	47.633522608928544
3	48	51.82918378003548
3	49	43.86407820542408
3	50	52.00620588909186
3	51	54.670663410469764
3	52	55.79083426950005
3	53	59.08428160463057
3	54	51.16918473232781
3	55	58.97656633552509
3	56	62.15274274118467
3	57	62.218500293681984
3	58	66.29395411992402
3	59	58.579599360707846
3	60	66.16915352141564
3	61	63.66210235493652
3	62	66.52840839025373
3	63	67.1696620825565
3	64	67.61056232136066
3	65	65.83047493274427
3	66	67.82557535595643
3	67	69.66666435082212
3	68	68.44339332327193
3	69	67.17267046763513
3	70	65.46412982980672
3	71	68.19708472509834
3	72	66.73819625932876
3	73	61.44398407304409
3	74	54.71504821528933
3	75	48.37358421253794
3	76	40.101714881956
3	77	30.554613842188253
3	78	34.55293323390227
3	79	35.843996533839366
4	0	9.670810920933821
4	1	13.6171665757495
4	2	5.804879956441281
4	3	10.92487995644128
4	4	0.0
4	5	5.224557397521823
4	6	5.562860974554571
4	7	3.9915466231079466
4	8	13.633018744416521
4	9	8.069527641221239
4	10	11.093409717143269
4	11	10.342469565659071
4	12	8.008295649964024
4	13	8.699310463711832
4	14	6.393915824079724
4	15	12.425549363610235
4	16	10.398707265939848
4	17	13.427447826087601
4	18	10.226447982288793
4	19	9.33141882860075
4	20	8.496194307887905
4	21	10.192881873305478
4	22	17.51107369395623
4	23	13.475674773843812
4	24	22.169171704819796
4	25	13.321690002832979
4	26	12.7823900450688
4	27	15.798292695311627
4	28	17.088913107816463
4	29	10.81248171703426
4	30	17.054565434899096
4	31	11.595709225846589
4	32	6.615877225587576
4	33	31.903662586316667
4	34	30.41009117672302
4	35	32.04868084172442
4	36	30.851053557837176
4	37	34.33569328528918
4	38	32.9487702320683
4	39	34.380015910656745
4	40	31.991748291183956
4	41	35.584299858371665
4	42	38.378890784863984
4	43	30.303424510056352
4	44	40.25786850963886
4	45	41.21801810990067
4	46	36.119033461517766
4	47	41.43734721841595
4	48	45.633008389522885
4	49	37.66790281491149
4	50	45.81003049857927
4	51	48.47448801995718
4	52	49.59465887898746
4	53	52.88810621411798
4	54	44.973009341815214
4	55	52.7803909450125
4	56	55.956567350672074
4	57	56.02232490316939
4	58	60.09777872941143
4	59	52.38342397019527
4	60	59.972978130903044
4	61	57.46592696442393
4	62	60.33223299974114
4	63	60.97348669204392
4	64	61.414386930848075
4	65	59.63429954223169
4	66	61.62939996544385
4	67	63.47048896030954
4	68	62.24721793275935
4	69	60.97649507712254
4	70	59.26795443929413
4	71	62.00090933458576
4	72	60.54202086881617
4	73	55.2478086825315
4	74	48.51887282477675
4	75	42.177408822025356
4	76	33.90553949144341
4	77	24.358438451675667
4	78	28.356757843389687
4	79	29.647821143326777
5	0	13.447003851761613
5	1	17.39335950657729
5	2	9.581072887269073
5	3	14.70107288726907
5	4	5.224557397521823
5	5	0.0
5	6	5.064841776622664
5	7	7.767739553935738
5	8	8.408461346894699
5	9	5.117360430708177
5	10	14.86960264797106
5	11	14.118662496486863
5	12	11.784488580791816
5	13	12.475503394539622
5	14	10.170108754907515
5	15	11.509306714295082
5	16	9.482464616624696
5	17	12.51120517677245
5	18	9.31020533297364
5	19	8.415176179285597
5	20	7.579951658572751
5	21	13.96907480413327
5	22	14.580261334033294
5	23	10.544862413920875
5	24	19.238359344896857
5	25	10.46406208909101
5	26	9.924762131326831
5	27	19.57448562613942
5	28	20.865106038644253
5	29	14.588674647862051
5	30	20.830758365726886
5	31	15.37190215667438
5	32	7.786017992893856
5	33	28.972850226393728
5	34	27.479278816800083
5	35	29.117868481801477
5	36	27.920241197914237
5	37	31.404880925366243
5	38	30.01795787214536
5	39	31.449203550733802
5	40	29.060935931261017
5	41	32.653487498448726
5	42	35.448078424941045
5	43	27.372612150133413
5	44	37.32705614971592
5	45	38.28720574997773
5	46	33.18822110159483
5	47	38.50653485849301
5	48	42.702196029599946
5	49	34.737090454988554
5	50	42.879218138656334
5	51	45.54367566003424
5	52	46.66384651906452
5	53	49.95729385419504
5	54	42.042196981892275
5	55	49.84957858508956
5	56	53.025754990749135
5	57	53.09151254324645
5	58	57.16696636948849
5	59	49.45261161027233
5	60	57.042165770980105
5	61	54.53511460450099
5	62	57.4014206398182
5	63	58.04267433212098
5	64	58.483574570925136
5	65	56.70348718230875
5	66	58.69858760552091
5	67	60.5396766003866
5	68	59.31640557283641
5	69	58.045682717199604
5	70	56.33714207937119
5	71	59.07009697466282
5	72	57.61120850889323
5	73	52.31699632260856
5	74	45.58806046485381
5	75	39.24659646210242
5	76	30.97472713152047
5	77	21.427626091752728
5	78	25.425945483466748
5	79	26.717008783403838
6	0	10.532597631159206
6	1	14.478953285974885
6	2	6.666666666666666
6	3	11.786666666666665
6	4	5.562860974554571
6	5	5.064841776622664
6	6	0.0
6	7	4.853333333333332
6	8	13.473303123517363
6	9	2.5066666666666677
6	10	11.60122637402741
6	11	10.850286222543213
6	12	7.1245159403555185
6	13	7.815530754103326
6	14	5.510136114471218
6	15	6.8626883890556645
6	16	4.835846291385279
6	17	7.864586851533032
6	18	4.663587007734223
6	19	3.768557854046179
6	20	2.933333333333334
6	21	9.309102163696974
6	22	11.94821271940166
6	23	7.912813799289241
6	24	16.606310730265225
6	25	7.758829028278408
6	26	7.219529070514229
6	27	16.427333798446213
6	28	17.92827972054485
6	29	11.441522820168844
6	30	17.893932047627484
6	31	12.435075838574976
6	32	2.721176216271192
6	33	26.340801611762092
6	34	24.847230202168447
6	35	26.48581986716984
6	36	25.2881925832826
6	37	28.772832310734607
6	38	27.385909257513724
6	39	28.817154936102167
6	40	26.428887316629382
6	41	30.021438883817094
6	42	32.816029810309416
6	43	24.740563535501778
6	44	34.69500753508429
6	45	35.655157135346094
6	46	30.55617248696319
6	47	35.874486243861384
6	48	40.07014741496832
6	49	32.10504184035692
6	50	40.2471695240247
6	51	42.911627045402604
6	52	44.03179790443289
6	53	47.32524523956341
6	54	39.410148367260646
6	55	47.21752997045793
6	56	50.39370637611751
6	57	50.459463928614824
6	58	54.534917754856856
6	59	46.820562995640685
6	60	54.41011715634848
6	61	51.90306598986936
6	62	54.76937202518657
6	63	55.410625717489346
6	64	55.8515259562935
6	65	54.071438567677106
6	66	56.06653899088928
6	67	57.907627985754964
6	68	56.68435695820477
6	69	55.41363410256797
6	70	53.705093464739555
6	71	56.43804836003118
6	72	54.97915989426159
6	73	49.68494770797693
6	74	42.95601185022217
6	75	36.61454784747078
6	76	28.342678516888835
6	77	18.795577477121096
6	78	22.793896868835112
6	79	24.084960168772202
7	0	5.679264297825875
7	1	9.625619952641554
7	2	1.8133333333333344
7	3	6.933333333333334
7	4	3.9915466231079466
7	5	7.767739553935738
7	6	4.853333333333332
7	7	0.0
7	8	16.176200900830437
7	9	7.359999999999999
7	10	7.1018630940353225
7	11	6.350922942551124
7	12	4.016749026856078
7	13	4.707763840603885
7	14	2.4023692009717776
7	15	10.946692315839035
7	16	8.919850218168648
7	17	11.948590778316401
7	18	8.747590934517593
7	19	7.852561780829549
7	20	7.017337260116705
7	21	6.201335250197532
7	22	16.78399012768425
7	23	12.74859120757183
7	24	21.442088138547813
7	25	12.539774022474198
7	26	12.00047406471002
7	27	11.80674607220368
7	28	13.097366484708516
7	29	6.820935093926313
7	30	13.06301881179115
7	31	7.604162602738642
7	32	2.6243306024796302
7	33	31.17657902004468
7	34	29.683007610451035
7	35	31.32159727545243
7	36	30.12396999156519
7	37	33.608609719017196
7	38	32.22168666579631
7	39	33.65293234438476
7	40	31.26466472491197
7	41	34.85721629209968
7	42	37.651807218592
7	43	29.576340943784366
7	44	39.530784943366875
7	45	40.49093454362868
7	46	35.39194989524578
7	47	40.710263652143965
7	48	44.9059248232509
7	49	36.94081924863951
7	50	45.08294693230729
7	51	47.74740445368519
7	52	48.86757531271547
7	53	52.161022647845996
7	54	44.24592577554323
7	55	52.05330737874051
7	56	55.22948378440009
7	57	55.295241336897405
7	58	59.370695163139445
7	59	51.65634040392328
7	60	59.24589456463106
7	61	56.73884339815194
7	62	59.60514943346915
7	63	60.246403125771934
7	64	60.68730336457609
7	65	58.9072159759597
7	66	60.902316399171866
7	67	62.74340539403755
7	68	61.52013436648736
7	69	60.24941151085056
7	70	58.54087087302214
7	71	61.27382576831377
7	72	59.81493730254418
7	73	54.52072511625951
7	74	47.791789258504764
7	75	41.45032525575337
7	76	33.17845592517143
7	77	23.631354885403685
7	78	27.6296742771177
7	79	28.92073757705479
8	0	21.85546519865631
8	1	25.80182085347199
8	2	17.98953423416377
8	3	23.10953423416377
8	4	13.633018744416521
8	5	8.408461346894699
8	6	13.473303123517363
8	7	16.176200900830437
8	8	0.0
8	9	13.270063216796586
8	10	23.278063994865757
8	11	22.52712384338156
8	12	20.192949927686513
8	13	20.883964741434323
8	14	18.578570101802214
8	15	19.66200950038349
8	16	17.635167402713105
8	17	20.663907962860858
8	18	17.46290811906205
8	19	16.567878965374007
8	20	15.732654444661161
8	21	22.377536151027968
8	22	22.732964120121707
8	23	18.697565200009286
8	24	27.39106213098527
8	25	18.61676487517942
8	26	18.07746491741524
8	27	27.982946973034117
8	28	29.27356738553895
8	29	22.99713599475675
8	30	29.239219712621583
8	31	23.780363503569077
8	32	16.194479339788554
8	33	37.12555301248214
8	34	35.631981602888494
8	35	37.27057126788989
8	36	36.07294398400265
8	37	39.557583711454654
8	38	38.17066065823377
8	39	39.60190633682222
8	40	37.21363871734943
8	41	40.80619028453714
8	42	43.60078121102946
8	43	35.525314936221825
8	44	45.479758935804334
8	45	46.43990853606614
8	46	41.34092388768324
8	47	46.659237644581424
8	48	50.85489881568836
8	49	42.889793241076966
8	50	51.031920924744746
8	51	53.69637844612265
8	52	54.81654930515293
8	53	58.109996640283455
8	54	50.19489976798069
8	55	58.00228137117797
8	56	61.17845777683755
8	57	61.244215329334864
8	58	65.3196691555769
8	59	57.60531439636074
8	60	65.19486855706852
8	61	62.6878173905894
8	62	65.55412342590661
8	63	66.1953771182094
8	64	66.63627735701354
8	65	64.85618996839716
8	66	66.85129039160933
8	67	68.69237938647501
8	68	67.46910835892481
8	69	66.19838550328802
8	70	64.4898448654596
8	71	67.22279976075123
8	72	65.76391129498164
8	73	60.46969910869697
8	74	53.74076325094222
8	75	47.39929924819083
8	76	39.127429917608886
8	77	29.58032887784114
8	78	33.57864826955516
8	79	34.86971156949225
9	0	13.039264297825873
9	1	16.985619952641553
9	2	9.173333333333334
9	3	14.293333333333333
9	4	8.069527641221239
9	5	5.117360430708177
9	6	2.5066666666666677
9	7	7.359999999999999
9	8	13.270063216796586
9	9	0.0
9	10	14.023119910497241
9	11	13.272179759013044
9	12	9.457281783139095
9	13	10.148296596886901
9	14	7.842901957254794
9	15	6.391946283586905
9	16	4.365104185916518
9	17	7.393844746064271
9	18	4.192844902265463
9	19	3.2978157485774195
9	20	2.4625912278645745
9	21	11.641868006480548
9	22	9.462900903325117
9	23	5.427501983212698
9	24	14.120998914188682
9	25	5.346701658382832
9	26	4.807401700618654
9	27	18.876098552294287
9	28	20.42906081159471
9	29	13.890287574016922
9	30	20.394713138677343
9	31	14.935856929624837
9	32	5.110894681407988
9	33	23.855489795685553
9	34	22.361918386091908
9	35	24.000508051093302
9	36	22.802880767206062
9	37	26.287520494658068
9	38	24.900597441437185
9	39	26.331843120025628
9	40	23.943575500552843
9	41	27.536127067740555
9	42	30.330717994232874
9	43	22.25525171942524
9	44	32.20969571900775
9	45	33.169845319269555
9	46	28.070860670886653
9	47	33.38917442778484
9	48	37.58483559889177
9	49	29.61973002428038
9	50	37.76185770794816
9	51	40.426315229326065
9	52	41.546486088356346
9	53	44.83993342348687
9	54	36.9248365511841
9	55	44.732218154381385
9	56	47.90839456004096
9	57	47.97415211253828
9	58	52.04960593878032
9	59	44.33525117956415
9	60	51.92480534027193
9	61	49.417754173792815
9	62	52.284060209110024
9	63	52.92531390141281
9	64	53.36621414021696
9	65	51.586126751600574
9	66	53.58122717481274
9	67	55.422316169678425
9	68	54.199045142128234
9	69	52.92832228649143
9	70	51.219781648663016
9	71	53.95273654395464
9	72	52.49384807818505
9	73	47.199635891900385
9	74	40.470700034145636
9	75	34.12923603139424
9	76	25.857366700812296
9	77	16.310265661044554
9	78	20.308585052758573
9	79	21.599648352695663
10	0	7.825977064073959
10	1	9.482852818745467
10	2	5.599289240492629
10	3	4.140859848992615
10	4	11.093409717143269
10	5	14.86960264797106
10	6	11.60122637402741
10	7	7.1018630940353225
10	8	23.278063994865757
10	9	14.023119910497241
10	10	0.0
10	11	0.7509401514841983
10	12	7.84932500208457
10	13	8.540339815832377
10	14	6.23494517620027
10	15	16.863197616366307
10	16	14.836355518695921
10	17	17.865096078843674
10	18	14.664096235044864
10	19	13.769067081356821
10	20	12.933842560643976
10	21	10.033911225426024
10	22	23.189836323779723
10	23	19.154437403667302
10	24	27.847934334643284
10	25	18.79405810545836
10	26	18.254758147694183
10	27	6.560401541040527
10	28	8.789488729442684
10	29	1.574590562763159
10	30	9.153535479412561
10	31	3.694679270360055
10	32	8.913074948487028
10	33	37.58242521614015
10	34	36.08885380654651
10	35	37.72744347154791
10	36	36.529816187660664
10	37	40.01445591511267
10	38	38.62753286189179
10	39	40.05877854048023
10	40	37.67051092100745
10	41	41.26306248819516
10	42	44.05765341468748
10	43	35.98218713987984
10	44	45.93663113946235
10	45	46.89678073972416
10	46	41.797796091341255
10	47	47.11610984823945
10	48	51.31177101934638
10	49	43.34666544473498
10	50	51.48879312840276
10	51	54.15325064978067
10	52	55.273421508810955
10	53	58.56686884394147
10	54	50.65177197163871
10	55	58.459153574835995
10	56	61.63532998049557
10	57	61.70108753299289
10	58	65.77654135923493
10	59	58.06218660001875
10	60	65.65174076072654
10	61	63.144689594247424
10	62	66.01099562956463
10	63	66.6522493218674
10	64	67.09314956067156
10	65	65.31306217205517
10	66	67.30816259526733
10	67	69.14925159013302
10	68	67.92598056258284
10	69	66.65525770694603
10	70	64.94671706911762
10	71	67.67967196440924
10	72	66.22078349863966
10	73	60.926571312354994
10	74	54.19763545460023
10	75	47.856171451848844
10	76	39.5843021212669
10	77	30.037201081499155
10	78	34.035520473213175
10	79	35.32658377315027
11	0	7.075036912589761
11	1	8.73191266726127
11	2	4.848349089008431
11	3	3.3899196975084167
11	4	10.342469565659071
11	5	14.118662496486863
11	6	10.850286222543213
11	7	6.350922942551124
11	8	22.52712384338156
11	9	13.272179759013044
11	10	0.7509401514841983
11	11	0.0
11	12	7.098384850600372
11	13	7.7893996643481795
11	14	5.484005024716072
11	15	16.11225746488211
11	16	14.085415367211723
11	17	17.114155927359477
11	18	13.913156083560667
11	19	13.018126929872624
11	20	12.182902409159778
11	21	9.282971073941827
11	22	22.43889617229552
11	23	18.403497252183104
11	24	27.09699418315909
11	25	18.043117953974164
11	26	17.503817996209985
11	27	5.809461389556328
11	28	8.038548577958485
11	29	0.8236504112789605
11	30	8.402595327928363
11	31	2.9437391188758566
11	32	8.16213479700283
11	33	36.831485064655965
11	34	35.337913655062316
11	35	36.97650332006371
11	36	35.77887603617647
11	37	39.263515763628476
11	38	37.87659271040759
11	39	39.30783838899604
11	40	36.919570769523254
11	41	40.51212233671096
11	42	43.30671326320328
11	43	35.23124698839565
11	44	45.185690987978155
11	45	46.14584058823996
11	46	41.04685593985706
11	47	46.365169696755245
11	48	50.56083086786218
11	49	42.59572529325079
11	50	50.73785297691857
11	51	53.40231049829647
11	52	54.522481357326754
11	53	57.81592869245728
11	54	49.90083182015451
11	55	57.70821342335179
11	56	60.88438982901137
11	57	60.950147381508685
11	58	65.02560120775073
11	59	57.31124644853456
11	60	64.90080060924234
11	61	62.39374944276322
11	62	65.26005547808043
11	63	65.90130917038321
11	64	66.34220940918738
11	65	64.56212202057098
11	66	66.55722244378315
11	67	68.39831143864883
11	68	67.17504041109865
11	69	65.90431755546183
11	70	64.19577691763342
11	71	66.92873181292505
11	72	65.46984334715546
11	73	60.17563116087079
11	74	53.446695303116044
11	75	47.10523130036465
11	76	38.83336196978271
11	77	29.28626093001496
11	78	33.28458032172898
11	79	34.575643621666075
12	0	8.425257498062928
12	1	12.371613152878606
12	2	4.5593265335703865
12	3	8.850634228389632
12	4	8.008295649964024
12	5	11.784488580791816
12	6	7.1245159403555185
12	7	4.016749026856078
12	8	20.192949927686513
12	9	9.457281783139095
12	10	7.84932500208457
12	11	7.098384850600372
12	12	0.0
12	13	1.120317415338668
12	14	1.6143798258843003
12	15	12.26394651848567
12	16	10.237104420815282
12	17	13.265844980963035
12	18	10.064845137164227
12	19	9.169815983476184
12	20	8.334591462763338
12	21	2.6138888249323147
12	22	18.569359062537792
12	23	14.533960142425373
12	24	23.227457073401357
12	25	14.180316886346805
12	26	13.641016928582626
12	27	12.767170976372736
12	28	14.690769787010556
12	29	7.781359998095369
12	30	14.65642211409319
12	31	9.197565905040683
12	32	4.4052219926862834
12	33	32.96194795489822
12	34	31.46837654530458
12	35	33.10696621030598
12	36	31.909338926418734
12	37	35.39397865387074
12	38	34.007055600649856
12	39	35.4383012792383
12	40	33.05003365976552
12	41	36.64258522695323
12	42	39.43717615344555
12	43	31.36170987863791
12	44	41.31615387822042
12	45	42.27630347848223
12	46	37.177318830099324
12	47	42.495632586997516
12	48	46.69129375810445
12	49	38.72618818349305
12	50	46.86831586716083
12	51	49.532773388538736
12	52	50.652944247569025
12	53	53.94639158269954
12	54	46.03129471039678
12	55	53.838676313594064
12	56	57.01485271925364
12	57	57.080610271750956
12	58	61.15606409799299
12	59	53.44170933877682
12	60	61.03126349948461
12	61	58.524212333005494
12	62	61.3905183683227
12	63	62.03177206062548
12	64	62.47267229942963
12	65	60.69258491081324
12	66	62.68768533402541
12	67	64.5287743288911
12	68	63.305503301340906
12	69	62.0347804457041
12	70	60.32623980787569
12	71	63.059194703167314
12	72	61.600306237397724
12	73	56.306094051113064
12	74	49.5771581933583
12	75	43.235694190606914
12	76	34.96382486002497
12	77	25.41672382025723
12	78	29.415043211971245
12	79	30.706106511908335
13	0	9.116272311810734
13	1	13.062627966626412
13	2	5.2503413473181935
13	3	9.54164904213744
13	4	8.699310463711832
13	5	12.475503394539622
13	6	7.815530754103326
13	7	4.707763840603885
13	8	20.883964741434323
13	9	10.148296596886901
13	10	8.540339815832377
13	11	7.7893996643481795
13	12	1.120317415338668
13	13	0.0
13	14	2.3053946396321074
13	15	12.954961332233475
13	16	10.928119234563088
13	17	13.95685979471084
13	18	10.755859950912033
13	19	9.86083079722399
13	20	9.025606276511144
13	21	1.4935714095936465
13	22	19.2603738762856
13	23	15.22497495617318
13	24	23.918471887149163
13	25	14.871331700094611
13	26	14.332031742330432
13	27	13.458185790120544
13	28	15.381784600758365
13	29	8.472374811843176
13	30	15.347436927840999
13	31	9.888580718788491
13	32	5.09623680643409
13	33	33.652962768646034
13	34	32.159391359052385
13	35	33.79798102405378
13	36	32.60035374016654
13	37	36.084993467618546
13	38	34.69807041439766
13	39	36.12931609298611
13	40	33.741048473513324
13	41	37.33360004070103
13	42	40.12819096719335
13	43	32.052724692385716
13	44	42.007168691968225
13	45	42.96731829223003
13	46	37.86833364384713
13	47	43.186647400745315
13	48	47.38230857185225
13	49	39.41720299724086
13	50	47.55933068090864
13	51	50.22378820228654
13	52	51.34395906131682
13	53	54.637406396447346
13	54	46.72230952414458
13	55	54.52969112734186
13	56	57.70586753300144
13	57	57.771625085498755
13	58	61.847078911740795
13	59	54.13272415252463
13	60	61.72227831323241
13	61	59.21522714675329
13	62	62.0815331820705
13	63	62.722786874373284
13	64	63.16368711317744
13	65	61.38359972456105
13	66	63.378700147773216
13	67	65.2197891426389
13	68	63.99651811508871
13	69	62.72579525945191
13	70	61.01725462162349
13	71	63.75020951691512
13	72	62.29132105114553
13	73	56.99710886486086
13	74	50.268173007106114
13	75	43.92670900435472
13	76	35.65483967377278
13	77	26.107738634005035
13	78	30.10605802571905
13	79	31.39712132565614
14	0	6.810877672178627
14	1	10.757233326994305
14	2	2.944946707686086
14	3	7.236254402505332
14	4	6.393915824079724
14	5	10.170108754907515
14	6	5.510136114471218
14	7	2.4023692009717776
14	8	18.578570101802214
14	9	7.842901957254794
14	10	6.23494517620027
14	11	5.484005024716072
14	12	1.6143798258843003
14	13	2.3053946396321074
14	14	0.0
14	15	10.649566692601368
14	16	8.622724594930983
14	17	11.651465155078736
14	18	8.450465311279926
14	19	7.555436157591882
14	20	6.720211636879037
14	21	3.798966049225754
14	22	16.954979236653493
14	23	12.919580316541072
14	24	21.613077247517055
14	25	12.565937060462504
14	26	12.026637102698325
14	27	11.152791150488437
14	28	13.076389961126257
14	29	6.166980172211069
14	30	13.04204228820889
14	31	7.583186079156383
14	32	2.790842166801983
14	33	31.347568129013926
14	34	29.85399671942028
14	35	31.492586384421674
14	36	30.294959100534435
14	37	33.77959882798644
14	38	32.39267577476556
14	39	33.823921453354004
14	40	31.435653833881215
14	41	35.02820540106893
14	42	37.82279632756125
14	43	29.74733005275361
14	44	39.70177405233612
14	45	40.66192365259793
14	46	35.562939004215025
14	47	40.88125276111322
14	48	45.07691393222015
14	49	37.11180835760875
14	50	45.25393604127653
14	51	47.91839356265444
14	52	49.038564421684725
14	53	52.33201175681524
14	54	44.41691488451248
14	55	52.224296487709765
14	56	55.40047289336934
14	57	55.46623044586666
14	58	59.54168427210869
14	59	51.82732951289252
14	60	59.41688367360031
14	61	56.909832507121195
14	62	59.7761385424384
14	63	60.41739223474118
14	64	60.85829247354533
14	65	59.07820508492894
14	66	61.07330550814111
14	67	62.9143945030068
14	68	61.69112347545661
14	69	60.4204006198198
14	70	58.71185998199139
14	71	61.444814877283015
14	72	59.985926411513425
14	73	54.691714225228765
14	74	47.962778367474
14	75	41.621314364722615
14	76	33.34944503414067
14	77	23.802343994372926
14	78	27.800663386086946
14	79	29.091726686024035
15	0	16.542603069205125
15	1	20.4889587240208
15	2	12.676672104712585
15	3	17.677773954716578
15	4	12.425549363610235
15	5	11.509306714295082
15	6	6.8626883890556645
15	7	10.946692315839035
15	8	19.66200950038349
15	9	6.391946283586905
15	10	16.863197616366307
15	11	16.11225746488211
15	12	12.26394651848567
15	13	12.954961332233475
15	14	10.649566692601368
15	15	0.0
15	16	2.0268420976703863
15	17	6.9353417381179545
15	18	3.7343418943191464
15	19	3.1407940216280084
15	20	3.9293550557223305
15	21	14.448532741827123
15	22	14.251360550308947
15	23	10.215961630196528
15	24	18.909458561172514
15	25	9.801188286810842
15	26	9.261888329046663
15	27	21.799830475799407
15	28	23.65291772133189
15	29	16.81401949752204
15	30	23.618570048414522
15	31	18.159713839362016
15	32	8.343232162202655
15	33	28.643949442669385
15	34	27.15037803307574
15	35	28.788967698077133
15	36	27.591340414189894
15	37	31.0759801416419
15	38	29.689057088421016
15	39	31.12030276700946
15	40	28.732035147536674
15	41	32.32458671472439
15	42	35.11917764121671
15	43	27.04371136640907
15	44	36.99815536599158
15	45	37.95830496625339
15	46	32.859320317870484
15	47	38.177634074768676
15	48	42.37329524587561
15	49	34.40818967126421
15	50	42.55031735493199
15	51	45.214774876309896
15	52	46.334945735340185
15	53	49.6283930704707
15	54	41.71329619816794
15	55	49.520677801365224
15	56	52.6968542070248
15	57	52.762611759522116
15	58	56.83806558576415
15	59	49.12371082654798
15	60	56.71326498725577
15	61	54.206213820776654
15	62	57.07251985609386
15	63	57.71377354839664
15	64	58.15467378720079
15	65	56.3745863985844
15	66	58.36968682179657
15	67	60.210775816662256
15	68	58.987504789112066
15	69	57.71678193347526
15	70	56.00824129564685
15	71	58.741196190938474
15	72	57.282307725168884
15	73	51.988095538884224
15	74	45.25915968112946
15	75	38.917695678378074
15	76	30.645826347796127
15	77	21.098725308028385
15	78	25.097044699742405
15	79	26.388107999679494
16	0	14.515760971534739
16	1	18.462116626350415
16	2	10.649830007042198
16	3	15.650931857046192
16	4	10.398707265939848
16	5	9.482464616624696
16	6	4.835846291385279
16	7	8.919850218168648
16	8	17.635167402713105
16	9	4.365104185916518
16	10	14.836355518695921
16	11	14.085415367211723
16	12	10.237104420815282
16	13	10.928119234563088
16	14	8.622724594930983
16	15	2.0268420976703863
16	16	0.0
16	17	4.908499640447568
16	18	1.70749979664876
16	19	1.113951923957622
16	20	1.9025129580519442
16	21	12.421690644156737
16	22	12.224518452638561
16	23	8.189119532526142
16	24	16.882616463502124
16	25	7.774346189140456
16	26	7.235046231376277
16	27	19.77298837812902
16	28	21.626075623661503
16	29	14.787177399851654
16	30	21.591727950744136
16	31	16.13287174169163
16	32	6.3163900645322695
16	33	26.617107344998995
16	34	25.12353593540535
16	35	26.762125600406744
16	36	25.564498316519504
16	37	29.04913804397151
16	38	27.662214990750627
16	39	29.09346066933907
16	40	26.705193049866285
16	41	30.297744617053997
16	42	33.09233554354631
16	43	25.01686926873868
16	44	34.97131326832119
16	45	35.931462868583
16	46	30.832478220200095
16	47	36.15079197709828
16	48	40.346453148205214
16	49	32.38134757359382
16	50	40.5234752572616
16	51	43.18793277863951
16	52	44.30810363766979
16	53	47.60155097280031
16	54	39.68645410049754
16	55	47.49383570369483
16	56	50.6700121093544
16	57	50.73576966185172
16	58	54.81122348809376
16	59	47.096868728877595
16	60	54.68642288958537
16	61	52.17937172310626
16	62	55.045677758423466
16	63	55.68693145072625
16	64	56.1278316895304
16	65	54.347744300914016
16	66	56.34284472412618
16	67	58.18393371899187
16	68	56.96066269144168
16	69	55.68993983580487
16	70	53.98139919797646
16	71	56.714354093268085
16	72	55.255465627498495
16	73	49.96125344121383
16	74	43.23231758345908
16	75	36.890853580707685
16	76	28.618984250125738
16	77	19.071883210357996
16	78	23.070202602072015
16	79	24.361265902009105
17	0	17.544501531682492
17	1	21.490857186498168
17	2	13.67857056718995
17	3	18.679672417193945
17	4	13.427447826087601
17	5	12.51120517677245
17	6	7.864586851533032
17	7	11.948590778316401
17	8	20.663907962860858
17	9	7.393844746064271
17	10	17.865096078843674
17	11	17.114155927359477
17	12	13.265844980963035
17	13	13.95685979471084
17	14	11.651465155078736
17	15	6.9353417381179545
17	16	4.908499640447568
17	17	0.0
17	18	3.200999843798808
17	19	4.4337384391402725
17	20	4.931253518199697
17	21	15.45043120430449
17	22	15.253259012786314
17	23	11.217860092673895
17	24	19.911357023649877
17	25	10.803086749288209
17	26	10.26378679152403
17	27	22.801728938276774
17	28	24.654816183809256
17	29	17.815917959999407
17	30	24.62046851089189
17	31	19.161612301839384
17	32	9.345130624680023
17	33	29.64584790514675
17	34	28.152276495553103
17	35	29.790866160554497
17	36	28.593238876667257
17	37	32.07787860411926
17	38	30.69095555089838
17	39	32.122201229486826
17	40	29.733933610014038
17	41	33.32648517720175
17	42	36.121076103694065
17	43	28.045609828886434
17	44	38.00005382846894
17	45	38.96020342873075
17	46	33.86121878034785
17	47	39.17953253724603
17	48	43.37519370835297
17	49	35.410088133741574
17	50	43.552215817409355
17	51	46.21667333878726
17	52	47.33684419781754
17	53	50.630291532948064
17	54	42.715194660645295
17	55	50.52257626384258
17	56	53.698752669502156
17	57	53.76451022199947
17	58	57.83996404824151
17	59	50.12560928902535
17	60	57.715163449733126
17	61	55.20811228325401
17	62	58.07441831857122
17	63	58.715672010874
17	64	59.156572249678156
17	65	57.37648486106177
17	66	59.371585284273934
17	67	61.21267427913962
17	68	59.98940325158943
17	69	58.718680395952624
17	70	57.01013975812421
17	71	59.74309465341584
17	72	58.28420618764625
17	73	52.98999400136158
17	74	46.26105814360683
17	75	39.91959414085544
17	76	31.64772481027349
17	77	22.10062377050575
17	78	26.09894316221977
17	79	27.390006462156858
18	0	14.343501687883684
18	1	18.28985734269936
18	2	10.477570723391143
18	3	15.478672573395137
18	4	10.226447982288793
18	5	9.31020533297364
18	6	4.663587007734223
18	7	8.747590934517593
18	8	17.46290811906205
18	9	4.192844902265463
18	10	14.664096235044864
18	11	13.913156083560667
18	12	10.064845137164227
18	13	10.755859950912033
18	14	8.450465311279926
18	15	3.7343418943191464
18	16	1.70749979664876
18	17	3.200999843798808
18	18	0.0
18	19	1.2327385953414642
18	20	1.730253674400889
18	21	12.24943136050568
18	22	12.052259168987506
18	23	8.016860248875087
18	24	16.710357179851073
18	25	7.602086905489401
18	26	7.062786947725222
18	27	19.600729094477963
18	28	21.453816340010448
18	29	14.614918116200597
18	30	21.41946866709308
18	31	15.960612458040574
18	32	6.1441307808812144
18	33	26.444848061347944
18	34	24.9512766517543
18	35	26.589866316755693
18	36	25.392239032868453
18	37	28.87687876032046
18	38	27.489955707099575
18	39	28.92120138568802
18	40	26.532933766215233
18	41	30.125485333402946
18	42	32.92007625989527
18	43	24.84460998508763
18	44	34.79905398467014
18	45	35.759203584931946
18	46	30.660218936549043
18	47	35.978532693447235
18	48	40.17419386455417
18	49	32.20908828994277
18	50	40.35121597361055
18	51	43.015673494988455
18	52	44.135844354018744
18	53	47.42929168914926
18	54	39.5141948168465
18	55	47.32157642004378
18	56	50.49775282570336
18	57	50.563510378200675
18	58	54.63896420444271
18	59	46.92460944522654
18	60	54.51416360593433
18	61	52.00711243945521
18	62	54.87341847477242
18	63	55.5146721670752
18	64	55.95557240587935
18	65	54.17548501726296
18	66	56.17058544047513
18	67	58.011674435340815
18	68	56.788403407790625
18	69	55.51768055215382
18	70	53.80913991432541
18	71	56.54209480961703
18	72	55.08320634384744
18	73	49.78899415756278
18	74	43.06005829980802
18	75	36.71859429705663
18	76	28.446724966474687
18	77	18.899623926706944
18	78	22.897943318420964
18	79	24.189006618358054
19	0	13.448472534195641
19	1	17.394828189011317
19	2	9.5825415697031
19	3	14.583643419707094
19	4	9.33141882860075
19	5	8.415176179285597
19	6	3.768557854046179
19	7	7.852561780829549
19	8	16.567878965374007
19	9	3.2978157485774195
19	10	13.769067081356821
19	11	13.018126929872624
19	12	9.169815983476184
19	13	9.86083079722399
19	14	7.555436157591882
19	15	3.1407940216280084
19	16	1.113951923957622
19	17	4.4337384391402725
19	18	1.2327385953414642
19	19	0.0
19	20	0.8352245207128449
19	21	11.354402206817637
19	22	11.157230015299461
19	23	7.1218310951870425
19	24	15.815328026163026
19	25	6.707057751801356
19	26	6.167757794037177
19	27	18.70569994078992
19	28	20.558787186322405
19	29	13.719888962512554
19	30	20.52443951340504
19	31	15.065583304352531
19	32	5.24910162719317
19	33	25.549818907659894
19	34	24.05624749806625
19	35	25.694837163067643
19	36	24.497209879180403
19	37	27.98184960663241
19	38	26.594926553411526
19	39	28.02617223199997
19	40	25.637904612527183
19	41	29.230456179714896
19	42	32.02504710620721
19	43	23.94958083139958
19	44	33.90402483098209
19	45	34.864174431243896
19	46	29.765189782860993
19	47	35.08350353975918
19	48	39.27916471086611
19	49	31.31405913625472
19	50	39.4561868199225
19	51	42.120644341300405
19	52	43.24081520033069
19	53	46.53426253546121
19	54	38.61916566315844
19	55	46.426547266355726
19	56	49.6027236720153
19	57	49.66848122451262
19	58	53.74393505075466
19	59	46.029580291538494
19	60	53.61913445224627
19	61	51.112083285767156
19	62	53.978389321084364
19	63	54.61964301338715
19	64	55.0605432521913
19	65	53.280455863574915
19	66	55.27555628678708
19	67	57.116645281652765
19	68	55.893374254102575
19	69	54.62265139846577
19	70	52.91411076063736
19	71	55.647065655928984
19	72	54.188177190159394
19	73	48.893965003874726
19	74	42.16502914611998
19	75	35.82356514336858
19	76	27.551695812786637
19	77	18.004594773018898
19	78	22.002914164732914
19	79	23.293977464670004
20	0	12.613248013482796
20	1	16.55960366829847
20	2	8.747317048990254
20	3	13.748418898994249
20	4	8.496194307887905
20	5	7.579951658572751
20	6	2.933333333333334
20	7	7.017337260116705
20	8	15.732654444661161
20	9	2.4625912278645745
20	10	12.933842560643976
20	11	12.182902409159778
20	12	8.334591462763338
20	13	9.025606276511144
20	14	6.720211636879037
20	15	3.9293550557223305
20	16	1.9025129580519442
20	17	4.931253518199697
20	18	1.730253674400889
20	19	0.8352245207128449
20	20	0.0
20	21	10.519177686104792
20	22	10.322005494586616
20	23	6.286606574474198
20	24	14.980103505450181
20	25	5.871833231088511
20	26	5.332533273324333
20	27	17.870475420077078
20	28	19.72356266560956
20	29	12.884664441799709
20	30	19.689214992692193
20	31	14.230358783639685
20	32	4.413877106480325
20	33	24.714594386947052
20	34	23.221022977353407
20	35	24.8596126423548
20	36	23.66198535846756
20	37	27.146625085919567
20	38	25.759702032698684
20	39	27.190947711287127
20	40	24.80268009181434
20	41	28.395231659002054
20	42	31.189822585494372
20	43	23.114356310686738
20	44	33.068800310269246
20	45	34.028949910531054
20	46	28.92996526214815
20	47	34.248279019046336
20	48	38.44394019015327
20	49	30.478834615541878
20	50	38.62096229920966
20	51	41.28541982058756
20	52	42.405590679617845
20	53	45.69903801474837
20	54	37.7839411424456
20	55	45.591322745642884
20	56	48.76749915130246
20	57	48.833256703799776
20	58	52.908710530041816
20	59	45.19435577082565
20	60	52.78390993153343
20	61	50.276858765054314
20	62	53.14316480037152
20	63	53.784418492674305
20	64	54.22531873147846
20	65	52.44523134286207
20	66	54.44033176607424
20	67	56.28142076093992
20	68	55.05814973338973
20	69	53.78742687775293
20	70	52.078886239924515
20	71	54.81184113521614
20	72	53.35295266944655
20	73	48.058740483161884
20	74	41.329804625407135
20	75	34.98834062265574
20	76	26.716471292073795
20	77	17.169370252306052
20	78	21.167689644020072
20	79	22.458752943957162
21	0	10.609843721404381
21	1	14.556199376220059
21	2	6.74391275691184
21	3	11.035220451731085
21	4	10.192881873305478
21	5	13.96907480413327
21	6	9.309102163696974
21	7	6.201335250197532
21	8	22.377536151027968
21	9	11.641868006480548
21	10	10.033911225426024
21	11	9.282971073941827
21	12	2.6138888249323147
21	13	1.4935714095936465
21	14	3.798966049225754
