VERTICES = 80
;

DISTANCE_MATRIX = 
0	0	0.0
0	1	4.629916007877463
0	2	4.523139228456272
0	3	4.311587141645173
0	4	11.314848777492568
0	5	17.427580932593102
0	6	12.32313922845627
0	7	6.644739228456273
0	8	27.265480708459897
0	9	15.25593922845627
0	10	10.431787118881683
0	11	9.553187141645171
0	12	11.216763624740905
0	13	12.527535000687145
0	14	9.327939228456273
0	15	19.409965096171685
0	16	17.03855984189733
0	17	20.922710064661032
0	18	17.177540247416427
0	19	15.735236090866916
0	20	14.758023401632888
0	21	14.275013549911712
0	22	26.424823874679166
0	23	21.70340713814764
0	24	31.93700713814764
0	25	21.37731713416489
0	26	20.7463361835808
0	27	14.076185986229692
0	28	13.546787141645174
0	29	8.242787141645174
0	30	9.568689750417203
0	31	6.121187141645173
0	32	9.59378718705091
0	33	43.334979054757675
0	34	41.58750050553311
0	35	43.54724907314392
0	36	42.14602515099585
0	37	46.18122711007282
0	38	44.558527137804376
0	39	46.94017362031627
0	40	44.14590050553311
0	41	47.64132466306203
0	42	51.600775534079375
0	43	41.46270050553311
0	44	55.22833751183479
0	45	57.18750050553311
0	46	50.38590050553311
0	47	56.730550457633335
0	48	60.21197553407938
0	49	52.32030050553311
0	50	62.560155000287075
0	51	65.92350050553311
0	52	65.51443517986246
0	53	68.88557553407938
0	54	60.107105221370944
0	55	70.96140692784783
0	56	75.22110050553312
0	57	73.14308962565912
0	58	77.74637553407939
0	59	69.5427005055331
0	60	79.92030111840336
0	61	74.83687185355704
0	62	77.95425610438829
0	63	78.89077596002403
0	64	79.26651193310462
0	65	77.13767395910222
0	66	79.65819448990197
0	67	81.67215130757455
0	68	80.26121940199644
0	69	78.52871908049579
0	70	76.52972653423654
0	71	79.7146277967023
0	72	78.00772829175187
0	73	71.79955545910619
0	74	63.926700505533105
0	75	56.50718762231399
0	76	46.82910050553311
0	77	34.498449231969005
0	78	39.18510050553311
0	79	40.6956445664595
1	0	4.629916007877463
1	1	0.0
1	2	9.153055236333735
1	3	6.9263999999999974
1	4	15.944764785370031
1	5	22.057496940470564
1	6	16.953055236333732
1	7	11.274655236333736
1	8	31.89539671633736
1	9	19.885855236333732
1	10	13.046599977236507
1	11	12.167999999999996
1	12	15.846679632618367
1	13	17.157451008564607
1	14	13.957855236333735
1	15	24.03988110404915
1	16	21.668475849774797
1	17	25.552626072538498
1	18	21.807456255293893
1	19	20.365152098744378
1	20	19.387939409510352
1	21	18.904929557789174
1	22	31.054739882556632
1	23	26.333323146025105
1	24	36.566923146025104
1	25	26.007233142042352
1	26	25.376252191458263
1	27	12.437131494382047
1	28	9.172442449465212
1	29	10.857599999999998
1	30	4.93877374253974
1	31	7.300799999999999
1	32	14.223703194928374
1	33	47.964895062635144
1	34	46.217416513410576
1	35	48.177165081021386
1	36	46.775941158873316
1	37	50.81114311795029
1	38	49.188443145681845
1	39	51.57008962819374
1	40	48.77581651341058
1	41	52.2712406709395
1	42	56.230691541956844
1	43	46.092616513410576
1	44	59.85825351971226
1	45	61.81741651341058
1	46	55.01581651341058
1	47	61.360466465510804
1	48	64.84189154195684
1	49	56.95021651341058
1	50	67.19007100816455
1	51	70.55341651341058
1	52	70.14435118773994
1	53	73.51549154195685
1	54	64.73702122924841
1	55	75.5913229357253
1	56	79.85101651341057
1	57	77.77300563353658
1	58	82.37629154195686
1	59	74.17261651341057
1	60	84.55021712628081
1	61	79.46678786143451
1	62	82.58417211226576
1	63	83.52069196790151
1	64	83.89642794098211
1	65	81.7675899669797
1	66	84.28811049777943
1	67	86.30206731545202
1	68	84.89113540987393
1	69	83.15863508837326
1	70	81.15964254211403
1	71	84.34454380457976
1	72	82.63764429962934
1	73	76.42947146698364
1	74	68.55661651341057
1	75	61.13710363019146
1	76	51.45901651341058
1	77	39.128365239846474
1	78	43.815016513410576
1	79	45.32556057433697
2	0	4.523139228456272
2	1	9.153055236333735
2	2	0.0
2	3	5.990400000000001
2	4	6.791709549036296
2	5	12.90444170413683
2	6	7.799999999999997
2	7	2.121600000000001
2	8	22.742341480003624
2	9	10.732799999999997
2	10	8.865799977236515
2	11	7.987200000000001
2	12	6.693624396284632
2	13	8.004395772230872
2	14	4.8048
2	15	14.886825867715414
2	16	12.515420613441062
2	17	16.399570836204763
2	18	12.654401018960158
2	19	11.212096862410643
2	20	10.234884173176617
2	21	9.751874321455439
2	22	21.901684646222897
2	23	17.18026790969137
2	24	27.41386790969137
2	25	16.854177905708617
2	26	16.22319695512453
2	27	14.194998844584518
2	28	15.225600000000002
2	29	8.3616
2	30	14.091828978873476
2	31	7.800000000000001
2	32	5.070647958594639
2	33	38.81183982630141
2	34	37.06436127707684
2	35	39.02410984468765
2	36	37.62288592253958
2	37	41.65808788161655
2	38	40.03538790934812
2	39	42.41703439186001
2	40	39.62276127707685
2	41	43.11818543460576
2	42	47.0776363056231
2	43	36.93956127707684
2	44	50.70519828337852
2	45	52.66436127707684
2	46	45.86276127707684
2	47	52.20741122917707
2	48	55.68883630562311
2	49	47.797161277076846
2	50	58.03701577183081
2	51	61.40036127707684
2	52	60.9912959514062
2	53	64.36243630562312
2	54	55.58396599291468
2	55	66.43826769939157
2	56	70.69796127707684
2	57	68.61995039720284
2	58	73.22323630562312
2	59	65.01956127707683
2	60	75.39716188994709
2	61	70.31373262510078
2	62	73.43111687593202
2	63	74.36763673156777
2	64	74.74337270464837
2	65	72.61453473064596
2	66	75.1350552614457
2	67	77.14901207911828
2	68	75.73808017354018
2	69	74.00557985203952
2	70	72.00658730578029
2	71	75.19148856824603
2	72	73.4845890632956
2	73	67.27641623064991
2	74	59.40356127707685
2	75	51.98404839385772
2	76	42.30596127707685
2	77	29.97531000351274
2	78	34.66196127707684
2	79	36.17250533800323
3	0	4.311587141645173
3	1	6.9263999999999974
3	2	5.990400000000001
3	3	0.0
3	4	12.782109549036297
3	5	18.89484170413683
3	6	13.790399999999998
3	7	8.112000000000002
3	8	28.732741480003625
3	9	16.7232
3	10	6.120199977236511
3	11	5.241599999999998
3	12	12.684024396284633
3	13	13.994795772230873
3	14	10.795200000000001
3	15	20.78354375512044
3	16	18.41213850084609
3	17	22.29628872360979
3	18	18.551118906365186
3	19	17.10881474981567
3	20	16.131602060581645
3	21	15.74227432145544
3	22	27.79840253362792
3	23	23.0769857970964
3	24	33.310585797096394
3	25	22.750895793113646
3	26	22.11991484252956
3	27	9.764598844584519
3	28	9.2352
3	29	3.931200000000001
3	30	8.196461764591433
3	31	1.8095999999999997
3	32	10.967365845999668
3	33	44.70855771370643
3	34	42.961079164481866
3	35	44.920827732092675
3	36	43.519603809944606
3	37	47.55480576902158
3	38	45.932105796753135
3	39	48.31375227926503
3	40	45.51947916448187
3	41	49.01490332201079
3	42	52.974354193028134
3	43	42.836279164481866
3	44	56.60191617078355
3	45	58.56107916448187
3	46	51.75947916448187
3	47	58.104129116582094
3	48	61.58555419302814
3	49	53.69387916448187
3	50	63.933733659235834
3	51	67.29707916448187
3	52	66.88801383881122
3	53	70.25915419302814
3	54	61.4806838803197
3	55	72.33498558679659
3	56	76.59467916448187
3	57	74.51666828460787
3	58	79.11995419302815
3	59	70.91627916448186
3	60	81.29387977735212
3	61	76.2104505125058
3	62	79.32783476333705
3	63	80.26435461897279
3	64	80.64009059205338
3	65	78.51125261805097
3	66	81.03177314885073
3	67	83.04572996652331
3	68	81.6347980609452
3	69	79.90229773944455
3	70	77.9033051931853
3	71	81.08820645565106
3	72	79.38130695070063
3	73	73.17313411805495
3	74	65.30027916448186
3	75	57.88076628126275
3	76	48.20267916448187
3	77	35.872027890917764
3	78	40.558679164481866
3	79	42.06922322540826
4	0	11.314848777492568
4	1	15.944764785370031
4	2	6.791709549036296
4	3	12.782109549036297
4	4	0.0
4	5	6.112732155100534
4	6	6.508547340228844
4	7	4.670109549036296
4	8	15.95063193096733
4	9	9.441347340228845
4	10	15.657509526272811
4	11	14.778909549036298
4	12	9.491733945320927
4	13	10.80250532126717
4	14	7.602909549036296
4	15	15.965289034767643
4	16	13.59388378049329
4	17	17.47803400325699
4	18	13.732864186012385
4	19	12.290560029462872
4	20	11.313347340228844
4	21	12.549983870491737
4	22	21.432364076760372
4	23	16.710947340228845
4	24	26.944547340228844
4	25	17.24832829081293
4	26	16.61734734022884
4	27	20.986708393620816
4	28	22.017309549036298
4	29	15.153309549036296
4	30	20.88353852790977
4	31	14.591709549036297
4	32	7.740576353937463
4	33	38.342519256838884
4	34	36.59504070761432
4	35	38.554789275225126
4	36	37.153565353077056
4	37	41.18876731215403
4	38	39.56606733988559
4	39	41.94771382239748
4	40	39.15344070761432
4	41	42.64886486514324
4	42	46.60831573616058
4	43	36.470240707614316
4	44	50.235877713916
4	45	52.19504070761432
4	46	45.39344070761432
4	47	51.738090659714544
4	48	55.21951573616059
4	49	47.32784070761432
4	50	57.567695202368284
4	51	60.931040707614315
4	52	60.521975381943676
4	53	63.893115736160595
4	54	55.11464542345215
4	55	65.96894712992905
4	56	70.22864070761432
4	57	68.15062982774032
4	58	72.7539157361606
4	59	64.55024070761431
4	60	74.92784132048456
4	61	69.84441205563826
4	62	72.9617963064695
4	63	73.89831616210525
4	64	74.27405213518584
4	65	72.14521416118343
4	66	74.66573469198318
4	67	76.67969150965575
4	68	75.26875960407766
4	69	73.53625928257699
4	70	71.53726673631776
4	71	74.7221679987835
4	72	73.01526849383308
4	73	66.80709566118739
4	74	58.93424070761432
4	75	51.514727824395194
4	76	41.83664070761432
4	77	29.505989434050214
4	78	34.192640707614316
4	79	35.70318476854071
5	0	17.427580932593102
5	1	22.057496940470564
5	2	12.90444170413683
5	3	18.89484170413683
5	4	6.112732155100534
5	5	0.0
5	6	7.1136000000000035
5	7	10.782841704136828
5	8	9.837899775866797
5	9	7.363199999999997
5	10	20.725673862767124
5	11	19.84707388553061
5	12	15.451485904480249
5	13	16.76225728042649
5	14	13.562661508195617
5	15	15.634341694538794
5	16	13.262936440264442
5	17	17.14708666302814
5	18	13.401916845783536
5	19	11.959612689234024
5	20	10.982399999999997
5	21	18.509735829651056
5	22	19.354216736531523
5	23	14.632799999999998
5	24	24.8664
5	25	15.17018095058408
5	26	14.539199999999992
5	27	26.40581185843168
5	28	28.13004170413683
5	29	20.57241301384716
5	30	26.996270683010305
5	31	20.70444170413683
5	32	10.297376173037296
5	33	36.26437191661004
5	34	34.51689336738547
5	35	36.47664193499628
5	36	35.07541801284821
5	37	39.11061997192518
5	38	37.48791999965674
5	39	39.869566482168636
5	40	37.07529336738548
5	41	40.57071752491439
5	42	44.53016839593174
5	43	34.39209336738547
5	44	48.15773037368715
5	45	50.11689336738547
5	46	43.31529336738547
5	47	49.6599433194857
5	48	53.14136839593174
5	49	45.249693367385476
5	50	55.48954786213944
5	51	58.85289336738548
5	52	58.44382804171483
5	53	61.81496839593174
5	54	53.03649808322331
5	55	63.890799789700196
5	56	68.15049336738548
5	57	66.07248248751148
5	58	70.67576839593175
5	59	62.47209336738547
5	60	72.84969398025572
5	61	67.7662647154094
5	62	70.88364896624066
5	63	71.8201688218764
5	64	72.19590479495699
5	65	70.06706682095458
5	66	72.58758735175434
5	67	74.60154416942692
5	68	73.1906122638488
5	69	71.45811194234815
5	70	69.45911939608891
5	71	72.64402065855467
5	72	70.93712115360424
5	73	64.72894832095855
5	74	56.85609336738547
5	75	49.436580484166356
5	76	39.758493367385476
5	77	27.42784209382137
5	78	32.11449336738547
5	79	33.62503742831186
6	0	12.32313922845627
6	1	16.953055236333732
6	2	7.799999999999997
6	3	13.790399999999998
6	4	6.508547340228844
6	5	7.1136000000000035
6	6	0.0
6	7	5.678399999999996
6	8	16.9514997758668
6	9	2.9328000000000003
6	10	13.612073862767119
6	11	12.733473885530605
6	12	8.337885904480245
6	13	9.648657280426487
6	14	6.449061508195614
6	15	9.456741694538799
6	16	7.085336440264445
6	17	10.969486663028146
6	18	7.22431684578354
6	19	5.782012689234027
6	20	4.8048
6	21	11.396135829651055
6	22	14.923816736531526
6	23	10.2024
6	24	20.436
6	25	10.739780950584082
6	26	10.108799999999995
6	27	19.292211858431678
6	28	22.21783082988116
6	29	13.458813013847157
6	30	21.179092594472593
6	31	14.792230829881156
6	32	3.183776173037293
6	33	31.833971916610036
6	34	30.08649336738547
6	35	32.04624193499628
6	36	30.64501801284821
6	37	34.68021997192518
6	38	33.05751999965675
6	39	35.43916648216864
6	40	32.64489336738547
6	41	36.140317524914394
6	42	40.09976839593173
6	43	29.961693367385468
6	44	43.72733037368715
6	45	45.68649336738547
6	46	38.88489336738547
6	47	45.2295433194857
6	48	48.710968395931744
6	49	40.81929336738547
6	50	51.05914786213944
6	51	54.42249336738547
6	52	54.01342804171483
6	53	57.384568395931744
6	54	48.6060980832233
6	55	59.4603997897002
6	56	63.72009336738547
6	57	61.64208248751147
6	58	66.24536839593175
6	59	58.04169336738546
6	60	68.41929398025572
6	61	63.3358647154094
6	62	66.45324896624065
6	63	67.3897688218764
6	64	67.765504794957
6	65	65.63666682095459
6	66	68.15718735175433
6	67	70.17114416942691
6	68	68.76021226384881
6	69	67.02771194234815
6	70	65.02871939608892
6	71	68.21362065855466
6	72	66.50672115360423
6	73	60.298548320958545
6	74	52.42569336738547
6	75	45.00618048416635
6	76	35.32809336738547
6	77	22.99744209382137
6	78	27.68409336738547
6	79	29.194637428311864
7	0	6.644739228456273
7	1	11.274655236333736
7	2	2.121600000000001
7	3	8.112000000000002
7	4	4.670109549036296
7	5	10.782841704136828
7	6	5.678399999999996
7	7	0.0
7	8	20.620741480003623
7	9	8.611199999999997
7	10	10.987399977236516
7	11	10.108800000000002
7	12	4.821624396284632
7	13	6.132395772230873
7	14	2.9328000000000003
7	15	12.886644714021942
7	16	10.51523945974759
7	17	14.399389682511291
7	18	10.654219865266686
7	19	9.211915708717173
7	20	8.234703019483145
7	21	7.87987432145544
7	22	19.901503492529425
7	23	15.180086755997898
7	24	25.413686755997897
7	25	14.853996752015146
7	26	14.223015801431059
7	27	16.31659884458452
7	28	17.3472
7	29	10.4832
7	30	16.213428978873477
7	31	9.921600000000002
7	32	3.070466804901168
7	33	36.81165867260793
7	34	35.064180123383366
7	35	37.023928690994175
7	36	35.622704768846106
7	37	39.65790672792308
7	38	38.03520675565464
7	39	40.41685323816653
7	40	37.62258012338337
7	41	41.11800428091229
7	42	45.07745515192963
7	43	34.939380123383366
7	44	48.70501712968505
7	45	50.66418012338337
7	46	43.86258012338337
7	47	50.207230075483594
7	48	53.68865515192964
7	49	45.79698012338337
7	50	56.036834618137334
7	51	59.400180123383365
7	52	58.991114797712726
7	53	62.362255151929645
7	54	53.5837848392212
7	55	64.4380865456981
7	56	68.69778012338337
7	57	66.61976924350938
7	58	71.22305515192966
7	59	63.019380123383364
7	60	73.39698073625361
7	61	68.3135514714073
7	62	71.43093572223856
7	63	72.3674555778743
7	64	72.74319155095489
7	65	70.61435357695248
7	66	73.13487410775222
7	67	75.14883092542482
7	68	73.73789901984671
7	69	72.00539869834606
7	70	70.00640615208681
7	71	73.19130741455255
7	72	71.48440790960214
7	73	65.27623507695644
7	74	57.40338012338337
7	75	49.983867240164244
7	76	40.30578012338337
7	77	27.975128849819267
7	78	32.661780123383366
7	79	34.17232418430976
8	0	27.265480708459897
8	1	31.89539671633736
8	2	22.742341480003624
8	3	28.732741480003625
8	4	15.95063193096733
8	5	9.837899775866797
8	6	16.9514997758668
8	7	20.620741480003623
8	8	0.0
8	9	15.525973963652005
8	10	30.56357363863392
8	11	29.684973661397407
8	12	25.289385680347046
8	13	26.60015705629329
8	14	23.400561284062416
8	15	23.797115658190805
8	16	21.42571040391645
8	17	25.309860626680152
8	18	21.564690809435547
8	19	20.122386652886032
8	20	19.145173963652006
8	21	28.34763560551786
8	22	27.516990700183527
8	23	22.795573963652004
8	24	33.029173963652
8	25	23.33295491423609
8	26	22.701973963652
8	27	36.24371163429848
8	28	37.967941480003624
8	29	30.41031278971396
8	30	36.8341704588771
8	31	30.542341480003625
8	32	20.135275948904095
8	33	44.42714588026204
8	34	42.67966733103747
8	35	44.63941589864828
8	36	43.23819197650021
8	37	47.27339393557718
8	38	45.65069396330874
8	39	48.03234044582064
8	40	45.23806733103748
8	41	48.73349148856639
8	42	52.69294235958374
8	43	42.55486733103747
8	44	56.32050433733915
8	45	58.27966733103747
8	46	51.47806733103747
8	47	57.8227172831377
8	48	61.30414235958374
8	49	53.412467331037476
8	50	63.65232182579144
8	51	67.01566733103748
8	52	66.60660200536682
8	53	69.97774235958374
8	54	61.19927204687531
8	55	72.0535737533522
8	56	76.31326733103748
8	57	74.23525645116348
8	58	78.83854235958376
8	59	70.63486733103747
8	60	81.01246794390772
8	61	75.9290386790614
8	62	79.04642292989266
8	63	79.9829427855284
8	64	80.35867875860899
8	65	78.22984078460658
8	66	80.75036131540634
8	67	82.76431813307892
8	68	81.3533862275008
8	69	79.62088590600015
8	70	77.62189335974091
8	71	80.80679462220667
8	72	79.09989511725624
8	73	72.89172228461055
8	74	65.01886733103747
8	75	57.59935444781836
8	76	47.92126733103748
8	77	35.59061605747337
8	78	40.27726733103747
8	79	41.787811391963864
9	0	15.25593922845627
9	1	19.885855236333732
9	2	10.732799999999997
9	3	16.7232
9	4	9.441347340228845
9	5	7.363199999999997
9	6	2.9328000000000003
9	7	8.611199999999997
9	8	15.525973963652005
9	9	0.0
9	10	16.40804446697717
9	11	15.529444489740655
9	12	11.133856508690297
9	13	12.444627884636539
9	14	9.245032112405665
9	15	8.271141694538798
9	16	5.899736440264445
9	17	9.783886663028145
9	18	6.03871684578354
9	19	4.596412689234027
9	20	3.6191999999999998
9	21	14.192106433861106
9	22	11.991016736531526
9	23	7.2696000000000005
9	24	17.5032
9	25	7.806980950584083
9	26	7.175999999999995
9	27	22.088182462641726
9	28	25.013801434091206
9	29	16.254783618057207
9	30	23.97506319868264
9	31	17.588201434091207
9	32	5.979746777247343
9	33	28.901171916610036
9	34	27.15369336738547
9	35	29.113441934996278
9	36	27.71221801284821
9	37	31.747419971925183
9	38	30.124719999656744
9	39	32.50636648216864
9	40	29.712093367385474
9	41	33.207517524914394
9	42	37.16696839593173
9	43	27.028893367385468
9	44	40.79453037368715
9	45	42.753693367385466
9	46	35.95209336738547
9	47	42.2967433194857
9	48	45.77816839593174
9	49	37.88649336738547
9	50	48.12634786213944
9	51	51.48969336738547
9	52	51.08062804171483
9	53	54.451768395931744
9	54	45.6732980832233
9	55	56.5275997897002
9	56	60.78729336738547
9	57	58.70928248751147
9	58	63.31256839593175
9	59	55.10889336738546
9	60	65.48649398025572
9	61	60.4030647154094
9	62	63.52044896624065
9	63	64.4569688218764
9	64	64.832704794957
9	65	62.70386682095459
9	66	65.22438735175433
9	67	67.23834416942691
9	68	65.82741226384881
9	69	64.09491194234815
9	70	62.09591939608892
9	71	65.28082065855466
9	72	63.57392115360423
9	73	57.365748320958545
9	74	49.49289336738547
9	75	42.07338048416635
9	76	32.39529336738547
9	77	20.06464209382137
9	78	24.75129336738547
9	79	26.261837428311864
10	0	10.431787118881683
10	1	13.046599977236507
10	2	8.865799977236515
10	3	6.120199977236511
10	4	15.657509526272811
10	5	20.725673862767124
10	6	13.612073862767119
10	7	10.987399977236516
10	8	30.56357363863392
10	9	16.40804446697717
10	10	0.0
10	11	0.8785999772365127
10	12	9.943424373521147
10	13	11.254195749467389
10	14	8.054599977236515
10	15	20.2444755988506
10	16	17.87307034457625
10	17	21.75722056733995
10	18	18.012050750095344
10	19	16.56974659354583
10	20	15.592533904311804
10	21	13.001674298691956
10	22	27.25933437735808
10	23	22.537917640826556
10	24	32.77151764082655
10	25	22.211827636843804
10	26	21.58084668625972
10	27	8.022398821821028
10	28	11.287087866737863
10	29	2.1889999772365103
10	30	12.132661741827942
10	31	5.745799977236509
10	32	10.428297689729826
10	33	44.16948955743659
10	34	42.422011008212024
10	35	44.381759575822834
10	36	42.980535653674764
10	37	47.015737612751735
10	38	45.3930376404833
10	39	47.77468412299519
10	40	44.98041100821203
10	41	48.475835165740946
10	42	52.435286036758285
10	43	42.297211008212024
10	44	56.062848014513705
10	45	58.022011008212026
10	46	51.220411008212025
10	47	57.56506096031225
10	48	61.046486036758296
10	49	53.15481100821203
10	50	63.39466550296599
10	51	66.75801100821202
10	52	66.34894568254138
10	53	69.7200860367583
10	54	60.94161572404986
10	55	71.79591743052676
10	56	76.05561100821203
10	57	73.97760012833803
10	58	78.5808860367583
10	59	70.37721100821202
10	60	80.75481162108227
10	61	75.67138235623597
10	62	78.7887666070672
10	63	79.72528646270295
10	64	80.10102243578355
10	65	77.97218446178114
10	66	80.49270499258088
10	67	82.50666181025346
10	68	81.09572990467537
10	69	79.3632295831747
10	70	77.36423703691547
10	71	80.54913829938121
10	72	78.84223879443078
10	73	72.6340659617851
10	74	64.76121100821203
10	75	57.3416981249929
10	76	47.66361100821203
10	77	35.33295973464792
10	78	40.019611008212024
10	79	41.53015506913842
11	0	9.553187141645171
11	1	12.167999999999996
11	2	7.987200000000001
11	3	5.241599999999998
11	4	14.778909549036298
11	5	19.84707388553061
11	6	12.733473885530605
11	7	10.108800000000002
11	8	29.684973661397407
11	9	15.529444489740655
11	10	0.8785999772365127
11	11	0.0
11	12	9.064824396284633
11	13	10.375595772230874
11	14	7.176000000000002
11	15	19.365875621614087
11	16	16.994470367339737
11	17	20.878620590103438
11	18	17.13345077285883
11	19	15.691146616309318
11	20	14.71393392707529
11	21	12.12307432145544
11	22	26.38073440012157
11	23	21.659317663590045
11	24	31.89291766359004
11	25	21.33322765960729
11	26	20.702246709023203
11	27	7.143798844584516
11	28	10.408487889501352
11	29	1.3103999999999978
11	30	11.25406176459143
11	31	4.867199999999997
11	32	9.549697712493312
11	33	43.29088958020008
11	34	41.54341103097551
11	35	43.50315959858632
11	36	42.10193567643825
11	37	46.137137635515224
11	38	44.51443766324678
11	39	46.89608414575868
11	40	44.10181103097552
11	41	47.597235188504435
11	42	51.55668605952178
11	43	41.41861103097551
11	44	55.18424803727719
11	45	57.143411030975514
11	46	50.341811030975514
11	47	56.68646098307574
11	48	60.167886059521784
11	49	52.27621103097552
11	50	62.51606552572948
11	51	65.87941103097552
11	52	65.47034570530488
11	53	68.84148605952178
11	54	60.06301574681335
11	55	70.91731745329024
11	56	75.1770110309755
11	57	73.09900015110152
11	58	77.7022860595218
11	59	69.49861103097551
11	60	79.87621164384575
11	61	74.79278237899945
11	62	77.9101666298307
11	63	78.84668648546645
11	64	79.22242245854704
11	65	77.09358448454464
11	66	79.61410501534436
11	67	81.62806183301696
11	68	80.21712992743886
11	69	78.4846296059382
11	70	76.48563705967896
11	71	79.6705383221447
11	72	77.96363881719428
11	73	71.75546598454858
11	74	63.88261103097551
11	75	56.4630981477564
11	76	46.78501103097552
11	77	34.45435975741141
11	78	39.14101103097551
11	79	40.651555091901905
12	0	11.216763624740905
12	1	15.846679632618367
12	2	6.693624396284632
12	3	12.684024396284633
12	4	9.491733945320927
12	5	15.451485904480249
12	6	8.337885904480245
12	7	4.821624396284632
12	8	25.289385680347046
12	9	11.133856508690297
12	10	9.943424373521147
12	11	9.064824396284633
12	12	0.0
12	13	1.3107713759462416
12	14	1.8888243962846312
12	15	14.465566090823426
12	16	12.094160836549074
12	17	15.978311059312775
12	18	12.233141242068168
12	19	10.790837085518657
12	20	9.813624396284629
12	21	3.058249925170809
12	22	21.985146419071206
12	23	17.263729682539683
12	24	27.49732968253968
12	25	16.93763967855693
12	26	16.306658727972845
12	27	15.27262324086915
12	28	18.537312285785987
12	29	9.439224396284631
12	30	18.696486160876063
12	31	12.309624396284631
12	32	5.1541097314429525
12	33	38.89530159914972
12	34	37.14782304992515
12	35	39.10757161753596
12	36	37.70634769538789
12	37	41.74154965446486
12	38	40.118849682196426
12	39	42.500496164708316
12	40	39.70622304992516
12	41	43.20164720745407
12	42	47.16109807847141
12	43	37.02302304992515
12	44	50.78866005622683
12	45	52.74782304992515
12	46	45.94622304992515
12	47	52.29087300202538
12	48	55.77229807847142
12	49	47.880623049925155
12	50	58.12047754467912
12	51	61.48382304992515
12	52	61.07475772425451
12	53	64.44589807847143
12	54	55.66742776576299
12	55	66.52172947223988
12	56	70.78142304992515
12	57	68.70341217005117
12	58	73.30669807847144
12	59	65.10302304992516
12	60	75.4806236627954
12	61	70.39719439794908
12	62	73.51457864878034
12	63	74.45109850441608
12	64	74.82683447749667
12	65	72.69799650349427
12	66	75.21851703429401
12	67	77.2324738519666
12	68	75.82154194638849
12	69	74.08904162488784
12	70	72.0900490786286
12	71	75.27495034109434
12	72	73.56805083614393
12	73	67.35987800349822
12	74	59.487023049925156
12	75	52.06751016670603
12	76	42.389423049925156
12	77	30.05877177636105
12	78	34.74542304992515
12	79	36.25596711085154
13	0	12.527535000687145
13	1	17.157451008564607
13	2	8.004395772230872
13	3	13.994795772230873
13	4	10.80250532126717
13	5	16.76225728042649
13	6	9.648657280426487
13	7	6.132395772230873
13	8	26.60015705629329
13	9	12.444627884636539
13	10	11.254195749467389
13	11	10.375595772230874
13	12	1.3107713759462416
13	13	0.0
13	14	3.1995957722308725
13	15	15.776337466769668
13	16	13.404932212495314
13	17	17.289082435259015
13	18	13.54391261801441
13	19	12.101608461464897
13	20	11.12439577223087
13	21	1.7474785492245672
13	22	23.295917795017452
13	23	18.574501058485925
13	24	28.808101058485924
13	25	18.248411054503173
13	26	17.617430103919084
13	27	16.58339461681539
13	28	19.848083661732225
13	29	10.749995772230871
13	30	20.007257536822305
13	31	13.620395772230872
13	32	6.4648811073891945
13	33	40.206072975095964
13	34	38.4585944258714
13	35	40.418342993482206
13	36	39.017119071334136
13	37	43.05232103041111
13	38	41.42962105814267
13	39	43.81126754065456
13	40	41.0169944258714
13	41	44.51241858340032
13	42	48.47186945441766
13	43	38.333794425871396
13	44	52.09943143217308
13	45	54.0585944258714
13	46	47.2569944258714
13	47	53.601644377971624
13	48	57.08306945441767
13	49	49.1913944258714
13	50	59.431248920625364
13	51	62.794594425871395
13	52	62.385529100200756
13	53	65.75666945441768
13	54	56.97819914170923
13	55	67.83250084818613
13	56	72.0921944258714
13	57	70.01418354599741
13	58	74.61746945441769
13	59	66.4137944258714
13	60	76.79139503874164
13	61	71.70796577389532
13	62	74.82535002472659
13	63	75.76186988036233
13	64	76.13760585344292
13	65	74.00876787944051
13	66	76.52928841024026
13	67	78.54324522791285
13	68	77.13231332233474
13	69	75.39981300083409
13	70	73.40082045457484
13	71	76.58572171704058
13	72	74.87882221209017
13	73	68.67064937944447
13	74	60.7977944258714
13	75	53.378281542652275
13	76	43.7001944258714
13	77	31.369543152307294
13	78	36.0561944258714
13	79	37.56673848679779
14	0	9.327939228456273
14	1	13.957855236333735
14	2	4.8048
14	3	10.795200000000001
14	4	7.602909549036296
14	5	13.562661508195617
14	6	6.449061508195614
14	7	2.9328000000000003
14	8	23.400561284062416
14	9	9.245032112405665
14	10	8.054599977236515
14	11	7.176000000000002
14	12	1.8888243962846312
14	13	3.1995957722308725
14	14	0.0
14	15	12.576741694538796
14	16	10.205336440264443
14	17	14.089486663028143
14	18	10.344316845783538
14	19	8.902012689234025
14	20	7.924799999999998
14	21	4.94707432145544
14	22	20.096322022786577
14	23	15.374905286255052
14	24	25.60850528625505
14	25	15.0488152822723
14	26	14.417834331688212
14	27	13.383798844584518
14	28	16.648487889501354
14	29	7.5504
14	30	16.807661764591433
14	31	10.4208
14	32	3.2652853351583215
14	33	37.006477202865085
14	34	35.25899865364052
14	35	37.21874722125133
14	36	35.81752329910326
14	37	39.85272525818023
14	38	38.23002528591179
14	39	40.61167176842368
14	40	37.817398653640524
14	41	41.31282281116944
14	42	45.27227368218678
14	43	35.13419865364052
14	44	48.8998356599422
14	45	50.85899865364052
14	46	44.05739865364052
14	47	50.402048605740745
14	48	53.88347368218679
14	49	45.99179865364052
14	50	56.231653148394486
14	51	59.594998653640516
14	52	59.18593332796988
14	53	62.5570736821868
14	54	53.778603369478354
14	55	64.63290507595525
14	56	68.89259865364052
14	57	66.81458777376653
14	58	71.41787368218681
14	59	63.214198653640516
14	60	73.59179926651076
14	61	68.50837000166445
14	62	71.62575425249571
14	63	72.56227410813145
14	64	72.93801008121204
14	65	70.80917210720963
14	66	73.32969263800938
14	67	75.34364945568197
14	68	73.93271755010386
14	69	72.20021722860321
14	70	70.20122468234396
14	71	73.3861259448097
14	72	71.67922643985929
14	73	65.47105360721359
14	74	57.59819865364052
14	75	50.178685770421396
14	76	40.50059865364052
14	77	28.16994738007642
14	78	32.85659865364052
14	79	34.36714271456691
15	0	19.409965096171685
15	1	24.03988110404915
15	2	14.886825867715414
15	3	20.78354375512044
15	4	15.965289034767643
15	5	15.634341694538794
15	6	9.456741694538799
15	7	12.886644714021942
15	8	23.797115658190805
15	9	8.271141694538798
15	10	20.2444755988506
15	11	19.365875621614087
15	12	14.465566090823426
15	13	15.776337466769668
15	14	12.576741694538796
15	15	0.0
15	16	2.371405254274353
15	17	8.17577507151896
15	18	4.4306052542743535
15	19	3.674729005304771
15	20	4.651941694538798
15	21	17.523816015994235
15	22	18.265358431070325
15	23	13.543941694538798
15	24	23.777541694538797
15	25	12.33412264512288
15	26	11.703141694538793
15	27	25.924613594515158
15	28	28.85023256596464
15	29	20.09121474993064
15	30	27.811494330556073
15	31	21.424632565964636
15	32	9.816177909120775
15	33	35.17551361114883
15	34	33.42803506192426
15	35	35.38778362953508
15	36	33.98655970738701
15	37	38.02176166646398
15	38	36.39906169419554
15	39	38.780708176707435
15	40	35.98643506192427
15	41	39.481859219453185
15	42	43.44131009047053
15	43	33.30323506192427
15	44	47.06887206822594
15	45	49.02803506192427
15	46	42.22643506192426
15	47	48.57108501402449
15	48	52.052510090470534
15	49	44.160835061924274
15	50	54.40068955667823
15	51	57.76403506192427
15	52	57.35496973625362
15	53	60.72611009047054
15	54	51.947639777762106
15	55	62.801941484238995
15	56	67.06163506192426
15	57	64.98362418205028
15	58	69.58691009047055
15	59	61.38323506192427
15	60	71.7608356747945
15	61	66.6774064099482
15	62	69.79479066077946
15	63	70.73131051641519
15	64	71.10704648949579
15	65	68.97820851549338
15	66	71.49872904629312
15	67	73.51268586396571
15	68	72.1017539583876
15	69	70.36925363688695
15	70	68.37026109062771
15	71	71.55516235309345
15	72	69.84826284814304
15	73	63.640090015497336
15	74	55.76723506192427
15	75	48.34772217870515
15	76	38.66963506192427
15	77	26.338983788360167
15	78	31.025635061924266
15	79	32.53617912285066
16	0	17.03855984189733
16	1	21.668475849774797
16	2	12.515420613441062
16	3	18.41213850084609
16	4	13.59388378049329
16	5	13.262936440264442
16	6	7.085336440264445
16	7	10.51523945974759
16	8	21.42571040391645
16	9	5.899736440264445
16	10	17.87307034457625
16	11	16.994470367339737
16	12	12.094160836549074
16	13	13.404932212495314
16	14	10.205336440264443
16	15	2.371405254274353
16	16	0.0
16	17	5.804369817244607
16	18	2.0592000000000006
16	19	1.303323751030418
16	20	2.2805364402644455
16	21	15.152410761719882
16	22	15.89395317679597
16	23	11.172536440264444
16	24	21.406136440264444
16	25	9.962717390848526
16	26	9.33173644026444
16	27	23.553208340240808
16	28	26.47882731169029
16	29	17.719809495656285
16	30	25.440089076281723
16	31	19.053227311690286
16	32	7.444772654846423
16	33	32.80410835687448
16	34	31.05662980764991
16	35	33.01637837526072
16	36	31.615154453112652
16	37	35.65035641218962
16	38	34.02765643992119
16	39	36.40930292243308
16	40	33.61502980764991
16	41	37.110453965178834
16	42	41.06990483619617
16	43	30.93182980764991
16	44	44.69746681395159
16	45	46.65662980764991
16	46	39.85502980764991
16	47	46.19967975975014
16	48	49.681104836196184
16	49	41.78942980764991
16	50	52.02928430240388
16	51	55.39262980764991
16	52	54.98356448197927
16	53	58.354704836196184
16	54	49.57623452348774
16	55	60.43053622996464
16	56	64.69022980764991
16	57	62.61221892777591
16	58	67.21550483619619
16	59	59.0118298076499
16	60	69.38943042052016
16	61	64.30600115567384
16	62	67.42338540650509
16	63	68.35990526214084
16	64	68.73564123522144
16	65	66.60680326121903
16	66	69.12732379201877
16	67	71.14128060969135
16	68	69.73034870411325
16	69	67.99784838261259
16	70	65.99885583635336
16	71	69.1837570988191
16	72	67.47685759386867
16	73	61.268684761222985
16	74	53.39582980764991
16	75	45.97631692443079
16	76	36.29822980764991
16	77	23.96757853408581
16	78	28.65422980764991
16	79	30.164773868576304
17	0	20.922710064661032
17	1	25.552626072538498
17	2	16.399570836204763
17	3	22.29628872360979
17	4	17.47803400325699
17	5	17.14708666302814
17	6	10.969486663028146
17	7	14.399389682511291
17	8	25.309860626680152
17	9	9.783886663028145
17	10	21.75722056733995
17	11	20.878620590103438
17	12	15.978311059312775
17	13	17.289082435259015
17	14	14.089486663028143
17	15	8.17577507151896
17	16	5.804369817244607
17	17	0.0
17	18	3.7451698172446064
17	19	5.187473973794119
17	20	6.164686663028146
17	21	19.036560984483582
17	22	19.77810339955967
17	23	15.056686663028145
17	24	25.290286663028144
17	25	13.846867613612227
17	26	13.21588666302814
17	27	27.43735856300451
17	28	30.36297753445399
17	29	21.603959718419986
17	30	29.324239299045423
17	31	22.937377534453987
17	32	11.328922877610124
17	33	36.68825857963818
17	34	34.94078003041361
17	35	36.90052859802442
17	36	35.49930467587635
17	37	39.534506634953324
17	38	37.91180666268488
17	39	40.29345314519678
17	40	37.49918003041362
17	41	40.994604187942535
17	42	44.95405505895988
17	43	34.81598003041361
17	44	48.58161703671529
17	45	50.540780030413615
17	46	43.739180030413614
17	47	50.08382998251384
17	48	53.565255058959885
17	49	45.67358003041362
17	50	55.91343452516758
17	51	59.27678003041362
17	52	58.86771470474297
17	53	62.238855058959885
17	54	53.46038474625145
17	55	64.31468645272834
17	56	68.57438003041361
17	57	66.49636915053962
17	58	71.0996550589599
17	59	62.89598003041361
17	60	73.27358064328385
17	61	68.19015137843755
17	62	71.3075356292688
17	63	72.24405548490455
17	64	72.61979145798514
17	65	70.49095348398274
17	66	73.01147401478246
17	67	75.02543083245506
17	68	73.61449892687696
17	69	71.8819986053763
17	70	69.88300605911706
17	71	73.0679073215828
17	72	71.36100781663238
17	73	65.15283498398668
17	74	57.27998003041361
17	75	49.8604671471945
17	76	40.18238003041362
17	77	27.85172875684951
17	78	32.53838003041361
17	79	34.048924091340005
18	0	17.177540247416427
18	1	21.807456255293893
18	2	12.654401018960158
18	3	18.551118906365186
18	4	13.732864186012385
18	5	13.401916845783536
18	6	7.22431684578354
18	7	10.654219865266686
18	8	21.564690809435547
18	9	6.03871684578354
18	10	18.012050750095344
18	11	17.13345077285883
18	12	12.233141242068168
18	13	13.54391261801441
18	14	10.344316845783538
18	15	4.4306052542743535
18	16	2.0592000000000006
18	17	3.7451698172446064
18	18	0.0
18	19	1.4423041565495127
18	20	2.41951684578354
18	21	15.291391167238977
18	22	16.032933582315067
18	23	11.31151684578354
18	24	21.54511684578354
18	25	10.101697796367622
18	26	9.470716845783535
18	27	23.6921887457599
18	28	26.61780771720938
18	29	17.85878990117538
18	30	25.579069481800815
18	31	19.19220771720938
18	32	7.583753060365518
18	33	32.94308876239357
18	34	31.195610213169008
18	35	33.15535878077982
18	36	31.75413485863175
18	37	35.78933681770872
18	38	34.16663684544028
18	39	36.54828332795218
18	40	33.75401021316901
18	41	37.24943437069793
18	42	41.20888524171527
18	43	31.070810213169008
18	44	44.836447219470685
18	45	46.79561021316901
18	46	39.994010213169005
18	47	46.33866016526923
18	48	49.820085241715276
18	49	41.928410213169016
18	50	52.16826470792297
18	51	55.53161021316901
18	52	55.122544887498364
18	53	58.49368524171528
18	54	49.71521492900685
18	55	60.56951663548374
18	56	64.829210213169
18	57	62.75119933329502
18	58	67.3544852417153
18	59	59.15081021316901
18	60	69.52841082603925
18	61	64.44498156119295
18	62	67.5623658120242
18	63	68.49888566765993
18	64	68.87462164074053
18	65	66.74578366673812
18	66	69.26630419753786
18	67	71.28026101521046
18	68	69.86932910963235
18	69	68.1368287881317
18	70	66.13783624187245
18	71	69.32273750433819
18	72	67.61583799938778
18	73	61.40766516674208
18	74	53.53481021316901
18	75	46.11529732994989
18	76	36.43721021316901
18	77	24.10655893960491
18	78	28.793210213169008
18	79	30.303754274095404
19	0	15.735236090866916
19	1	20.365152098744378
19	2	11.212096862410643
19	3	17.10881474981567
19	4	12.290560029462872
19	5	11.959612689234024
19	6	5.782012689234027
19	7	9.211915708717173
19	8	20.122386652886032
19	9	4.596412689234027
19	10	16.56974659354583
19	11	15.691146616309318
19	12	10.790837085518657
19	13	12.101608461464897
19	14	8.902012689234025
19	15	3.674729005304771
19	16	1.303323751030418
19	17	5.187473973794119
19	18	1.4423041565495127
19	19	0.0
19	20	0.9772126892340273
19	21	13.849087010689464
19	22	14.590629425765552
19	23	9.869212689234027
19	24	20.102812689234028
19	25	8.65939363981811
19	26	8.028412689234022
19	27	22.24988458921039
19	28	25.17550356065987
19	29	16.41648574462587
19	30	24.136765325251304
19	31	17.749903560659867
19	32	6.141448903816005
19	33	31.50078460584406
19	34	29.753306056619493
19	35	31.7130546242303
19	36	30.311830702082233
19	37	34.347032661159204
19	38	32.72433268889077
19	39	35.10597917140266
19	40	32.3117060566195
19	41	35.807130214148415
19	42	39.766581085165754
19	43	29.628506056619493
19	44	43.394143062921174
19	45	45.353306056619495
19	46	38.551706056619494
19	47	44.89635600871972
19	48	48.377781085165765
19	49	40.4861060566195
19	50	50.72596055137346
19	51	54.08930605661949
19	52	53.68024073094885
19	53	57.05138108516577
19	54	48.27291077245733
19	55	59.127212478934226
19	56	63.386906056619495
19	57	61.3088951767455
19	58	65.91218108516577
19	59	57.70850605661949
19	60	68.08610666948974
19	61	63.00267740464343
19	62	66.12006165547467
19	63	67.05658151111042
19	64	67.43231748419102
19	65	65.30347951018861
19	66	67.82400004098835
19	67	69.83795685866093
19	68	68.42702495308284
19	69	66.69452463158217
19	70	64.69553208532294
19	71	67.88043334778868
19	72	66.17353384283825
19	73	59.96536101019257
19	74	52.0925060566195
19	75	44.67299317340037
19	76	34.9949060566195
19	77	22.664254783055394
19	78	27.350906056619493
19	79	28.861450117545886
20	0	14.758023401632888
20	1	19.387939409510352
20	2	10.234884173176617
20	3	16.131602060581645
20	4	11.313347340228844
20	5	10.982399999999997
20	6	4.8048
20	7	8.234703019483145
20	8	19.145173963652006
20	9	3.6191999999999998
20	10	15.592533904311804
20	11	14.71393392707529
20	12	9.813624396284629
20	13	11.12439577223087
20	14	7.924799999999998
20	15	4.651941694538798
20	16	2.2805364402644455
20	17	6.164686663028146
20	18	2.41951684578354
20	19	0.9772126892340273
20	20	0.0
20	21	12.871874321455437
20	22	13.613416736531525
20	23	8.892
20	24	19.1256
20	25	7.682180950584082
20	26	7.051199999999994
20	27	21.27267189997636
20	28	24.19829087142584
20	29	15.439273055391842
20	30	23.159552636017274
20	31	16.77269087142584
20	32	5.164236214581978
20	33	30.523571916610035
20	34	28.776093367385467
20	35	30.735841934996277
20	36	29.33461801284821
20	37	33.36981997192518
20	38	31.747119999656743
20	39	34.128766482168636
20	40	31.334493367385473
20	41	34.82991752491439
20	42	38.78936839593173
20	43	28.651293367385467
20	44	42.41693037368715
20	45	44.376093367385465
20	46	37.57449336738547
20	47	43.9191433194857
20	48	47.40056839593174
20	49	39.50889336738547
20	50	49.74874786213944
20	51	53.11209336738547
20	52	52.70302804171483
20	53	56.07416839593174
20	54	47.2956980832233
20	55	58.149999789700196
20	56	62.40969336738547
20	57	60.33168248751147
20	58	64.93496839593175
20	59	56.73129336738546
20	60	67.10889398025571
20	61	62.0254647154094
20	62	65.14284896624065
20	63	66.0793688218764
20	64	66.455104794957
20	65	64.32626682095459
20	66	66.84678735175433
20	67	68.86074416942691
20	68	67.44981226384881
20	69	65.71731194234815
20	70	63.718319396088916
20	71	66.90322065855466
20	72	65.19632115360423
20	73	58.988148320958544
20	74	51.11529336738547
20	75	43.69578048416635
20	76	34.01769336738547
20	77	21.68704209382137
20	78	26.373693367385467
20	79	27.884237428311863
21	0	14.275013549911712
21	1	18.904929557789174
21	2	9.751874321455439
21	3	15.74227432145544
21	4	12.549983870491737
21	5	18.509735829651056
21	6	11.396135829651055
21	7	7.87987432145544
21	8	28.34763560551786
21	9	14.192106433861106
21	10	13.001674298691956
21	11	12.12307432145544
21	12	3.058249925170809
21	13	1.7474785492245672
21	14	4.94707432145544
21	15	17.523816015994235
21	16	15.152410761719882
21	17	19.036560984483582
21	18	15.291391167238977
21	19	13.849087010689464
21	20	12.871874321455437
21	21	0.0
21	22	25.04339634424202
21	23	20.321979607710492
21	24	30.55557960771049
21	25	19.99588960372774
21	26	19.36490865314365
21	27	18.330873166039957
21	28	21.595562210956793
21	29	12.497474321455439
