VERTICES = 45
;

DISTANCE_MATRIX = 
0	0	0.0
0	1	14.372282351804811
0	2	15.028306624500315
0	3	14.905787466618465
0	4	14.469968901141428
0	5	14.286357128393508
0	6	17.487424052730006
0	7	16.02903615318151
0	8	14.128871150944788
0	9	5.650221234606658
0	10	5.700219294027204
0	11	24.27240861362592
0	12	24.555602046285586
0	13	31.74611324772411
0	14	24.896777589107167
0	15	22.123733828786396
0	16	27.973569278428105
0	17	35.54742880947376
0	18	32.71693763967149
0	19	30.875280746252777
0	20	28.01822278034106
0	21	20.35582950103496
0	22	20.508688500904185
0	23	21.371599143337832
0	24	24.135629768355837
0	25	21.14529290590302
0	26	24.024170024521677
0	27	21.698421559259785
0	28	21.382773165773745
0	29	21.983873006196017
0	30	16.401534786417493
0	31	29.728328465508422
0	32	24.617555529836167
0	33	23.733557507094062
0	34	24.338303064621474
0	35	31.367273049032676
0	36	27.174233247118924
0	37	35.196110992848006
0	38	32.463858659005744
0	39	33.76693763967149
0	40	33.61494510232788
0	41	8.300692890746374
0	42	9.051711499000984
0	43	24.93562976835584
0	44	25.12417002452168
1	0	14.372282351804811
1	1	0.0
1	2	1.9525624189766635
1	3	9.730621768417477
1	4	11.500978219264656
1	5	28.65855020757331
1	6	31.733775382075173
1	7	30.17204832290973
1	8	26.10043103092361
1	9	13.100858750478919
1	10	17.43158053648607
1	11	9.900126261821107
1	12	10.183319694480772
1	13	17.3738308959193
1	14	10.524495237302357
1	15	7.751451476981584
1	16	13.601286926623292
1	17	21.175146457668944
1	18	18.344655287866683
1	19	16.502998394447964
1	20	13.64594042853625
1	21	7.280085295511311
1	22	15.333522802703197
1	23	18.40260846146106
1	24	21.166639086479066
1	25	35.51748598508282
1	26	38.396363103701475
1	27	35.94477288860495
1	28	35.525785335501965
1	29	33.95543288617483
1	30	28.373094666396312
1	31	41.69988834548724
1	32	36.58911540981499
1	33	35.70511738707288
1	34	36.3098629446003
1	35	43.338832929011495
1	36	39.14579312709775
1	37	47.167670872826825
1	38	44.435418538984564
1	39	19.394655287866684
1	40	45.5865049823067
1	41	15.751330406618635
1	42	20.78307274145985
1	43	21.96663908647907
1	44	39.496363103701476
2	0	15.028306624500315
2	1	1.9525624189766635
2	2	0.0
2	3	8.150000000000002
2	4	10.060318086422516
2	5	29.261749776799068
2	6	32.50415358073488
2	7	31.000645154577025
2	8	27.383297829151257
2	9	14.413361856277668
2	10	17.490640354200874
2	11	11.85268868079777
2	12	12.135882113457436
2	13	19.326393314895967
2	14	12.47705765627902
2	15	9.704013895958248
2	16	15.553849345599954
2	17	23.12770887664561
2	18	20.297217706843348
2	19	18.45556081342463
2	20	15.598502847512911
2	21	5.327522876534648
2	22	13.752901034285724
2	23	16.96194832861892
2	24	19.725978953636925
2	25	36.12068555430858
2	26	38.99956267292724
2	27	36.71515108726466
2	28	36.35438216716926
2	29	35.238299684402485
2	30	29.65596146462396
2	31	42.98275514371489
2	32	37.87198220804264
2	33	36.98798418530053
2	34	37.59272974282794
2	35	44.62169972723915
2	36	40.42865992532539
2	37	48.45053767105448
2	38	45.718285337212215
2	39	21.34721770684335
2	40	46.86937178053435
2	41	17.063833512417382
2	42	20.842132559174654
2	43	20.52597895363693
2	44	40.09956267292724
3	0	14.905787466618465
3	1	9.730621768417477
3	2	8.150000000000002
3	3	0.0
3	4	2.1523243250030863
3	5	27.56215702734458
3	6	31.400995207158644
3	7	30.221887763672207
3	8	28.952935947844736
3	9	17.209662983335846
3	10	14.468759449240975
3	11	19.630748030238585
3	12	19.91394146289825
3	13	27.104452664336776
3	14	20.255117005719832
3	15	17.48207324539906
3	16	23.33190869504077
3	17	30.90576822608642
3	18	28.075277056284158
3	19	26.233620162865442
3	20	23.376562196953724
3	21	13.47752287653465
3	22	5.602901034285721
3	23	9.05395456719949
3	24	11.817985192217495
3	25	34.42109280485409
3	26	37.299969923472744
3	27	35.61199271368842
3	28	35.57562477626444
3	29	36.80793780309596
3	30	31.22559958331744
3	31	44.552393262408366
3	32	39.441620326736114
3	33	38.55762230399401
3	34	39.162367861521425
3	35	46.19133784593262
3	36	41.998298044018874
3	37	50.02017578974795
3	38	47.28792345590569
3	39	29.12527705628416
3	40	48.43900989922783
3	41	19.86013463947556
3	42	17.820251654214754
3	43	12.6179851922175
3	44	38.399969923472746
4	0	14.469968901141428
4	1	11.500978219264656
4	2	10.060318086422516
4	3	2.1523243250030863
4	4	0.0
4	5	26.400000000000006
4	6	30.342214816983947
4	7	29.25423046330223
4	8	28.59868878113121
4	9	17.44663291297206
4	10	13.250000000000002
4	11	21.401104481085763
4	12	21.68429791374543
4	13	28.874809115183957
4	14	22.025473456567013
4	15	19.25242969624624
4	16	25.102265145887948
4	17	32.676124676933604
4	18	29.84563350713134
4	19	28.003976613712624
4	20	25.146918647800902
4	21	15.387840962957164
4	22	7.755225359288808
4	23	6.901630242196403
4	24	9.66566086721441
4	25	33.258935777509514
4	26	36.137812896128175
4	27	34.553212323513726
4	28	34.60796747589446
4	29	36.45369063638243
4	30	30.871352416603912
4	31	44.19814609569484
4	32	39.08737316002259
4	33	38.20337513728048
4	34	38.8081206948079
4	35	45.837090679219095
4	36	41.64405087730535
4	37	49.665928623034425
4	38	46.933676289192164
4	39	30.89563350713134
4	40	48.0847627325143
4	41	20.097104569111778
4	42	16.60149220497378
4	43	10.465660867214414
4	44	37.237812896128176
5	0	14.286357128393508
5	1	28.65855020757331
5	2	29.261749776799068
5	3	27.56215702734458
5	4	26.400000000000006
5	5	0.0
5	6	4.215447781671596
5	7	4.0360872141221105
5	8	11.350991146151069
5	9	17.370808847028396
5	10	13.150000000000002
5	11	38.55867646939441
5	12	38.841869902054086
5	13	46.03238110349261
5	14	39.18304544487567
5	15	36.41000168455489
5	16	42.2598371341966
5	17	49.83369666524226
5	18	47.00320549543999
5	19	45.16154860202128
5	20	42.304490636109556
5	21	34.589272653333715
5	22	33.1650580616303
5	23	33.30163024219641
5	24	36.06566086721442
5	25	6.8589357775095126
5	26	9.737812896128169
5	27	8.426445288201375
5	28	9.389824226714344
5	29	19.205993001402295
5	30	13.623654781623772
5	31	26.950448460714703
5	32	21.83967552504245
5	33	20.955677502300343
5	34	21.560423059827755
5	35	28.589393044238953
5	36	24.396353242325205
5	37	32.41823098805428
5	38	29.68597865421202
5	39	48.05320549543999
5	40	30.83706509753415
5	41	20.021280503168114
5	42	16.501492204973783
5	43	36.86566086721442
5	44	10.83781289612817
6	0	17.487424052730006
6	1	31.733775382075173
6	2	32.50415358073488
6	3	31.400995207158644
6	4	30.342214816983947
6	5	4.215447781671596
6	6	0.0
6	7	1.8439088914585808
6	8	10.557698612860666
6	9	19.64090120131966
6	10	17.124908758881023
6	11	41.63390164389628
6	12	41.917095076555945
6	13	49.10760627799448
6	14	42.25827061937753
6	15	39.48522685905676
6	16	45.33506230869846
6	17	52.908921839744124
6	18	50.07843066994186
6	19	48.23677377652314
6	20	45.37971581061142
6	21	37.83167645726952
6	22	37.003896241444366
6	23	37.24384505918035
6	24	40.00787568419835
6	25	11.074383559181108
6	26	13.953260677799765
6	27	4.21099750652978
6	28	7.197645904050814
6	29	18.412700468111893
6	30	12.830362248333369
6	31	26.157155927424302
6	32	21.046382991752047
6	33	20.162384969009942
6	34	20.76713052653735
6	35	27.796100510948552
6	36	23.6030607090348
6	37	31.624938454763882
6	38	28.892686120921617
6	39	51.12843066994186
6	40	30.04377256424375
6	41	22.29137285745938
6	42	20.476400963854804
6	43	40.80787568419836
6	44	15.053260677799766
7	0	16.02903615318151
7	1	30.17204832290973
7	2	31.000645154577025
7	3	30.221887763672207
7	4	29.25423046330223
7	5	4.0360872141221105
7	6	1.8439088914585808
7	7	0.0
7	8	8.822981355528299
7	9	17.914937901092483
7	10	16.13141345325945
7	11	40.07217458473084
7	12	40.355368017390504
7	13	47.54587921882903
7	14	40.69654356021209
7	15	37.92349979989132
7	16	43.77333524953302
7	17	51.347194780578675
7	18	48.51670361077641
7	19	46.6750467173577
7	20	43.81798875144598
7	21	36.32816803111167
7	22	35.82478879795793
7	23	36.15586070549863
7	24	38.919891330516634
7	25	10.895022991631624
7	26	13.77390011025028
7	27	6.05490639798836
7	28	5.353737012592234
7	29	16.677983210779527
7	30	11.095644991001002
7	31	24.422438670091932
7	32	19.311665734419677
7	33	18.42766771167757
7	34	19.032413269204987
7	35	26.061383253616185
7	36	21.868343451702437
7	37	29.890221197431515
7	38	27.15796886358925
7	39	49.56670361077641
7	40	28.309055306911382
7	41	20.5654095572322
7	42	19.482905658233232
7	43	39.71989133051664
7	44	14.87390011025028
8	0	14.128871150944788
8	1	26.10043103092361
8	2	27.383297829151257
8	3	28.952935947844736
8	4	28.59868878113121
8	5	11.350991146151069
8	6	10.557698612860666
8	7	8.822981355528299
8	8	0.0
8	9	12.999999999999996
8	10	17.257534586377044
8	11	36.000557292744716
8	12	36.28375072540438
8	13	43.474261926842914
8	14	36.62492626822596
8	15	33.851882507905195
8	16	39.7017179575469
8	17	47.27557748859256
8	18	44.445086318790295
8	19	42.60342942537157
8	20	39.74637145945986
8	21	32.710820705685904
8	22	34.55583698213046
8	23	35.50031902332761
8	24	38.264349648345615
8	25	18.209926923660582
8	26	21.088804042279236
8	27	14.768696119390444
8	28	14.176718368120532
8	29	7.855001855251228
8	30	2.272663635472704
8	31	15.599457314563633
8	32	10.48868437889138
8	33	9.604686356149275
8	34	10.209431913676687
8	35	17.238401898087886
8	36	13.045362096174138
8	37	21.067239841903216
8	38	18.33498750806095
8	39	45.49508631879029
8	40	19.486073951383084
8	41	15.650471656139713
8	42	20.609026791350825
8	43	39.06434964834562
8	44	22.188804042279237
9	0	5.650221234606658
9	1	13.100858750478919
9	2	14.413361856277668
9	3	17.209662983335846
9	4	17.44663291297206
9	5	17.370808847028396
9	6	19.64090120131966
9	7	17.914937901092483
9	8	12.999999999999996
9	9	0.0
9	10	11.349999999999998
9	11	23.000985012300028
9	12	23.284178444959693
9	13	30.474689646398218
9	14	23.625353987781274
9	15	20.852310227460503
9	16	26.702145677102212
9	17	34.276005208147865
9	18	31.4455140383456
9	19	29.603857144926884
9	20	26.746799179015166
9	21	19.740884732812315
9	22	22.81256401762157
9	23	24.348263155168464
9	24	27.11229378018647
9	25	24.229744624537908
9	26	27.108621743156565
9	27	23.85189870784944
9	28	23.268674913684716
9	29	20.855001855251224
9	30	15.2726636354727
9	31	28.599457314563633
9	32	23.488684378891378
9	33	22.604686356149273
9	34	23.20943191367668
9	35	30.238401898087883
9	36	26.04536209617413
9	37	34.06723984190321
9	38	31.334987508060948
9	39	32.4955140383456
9	40	32.486073951383084
9	41	2.6504716561397164
9	42	14.701492204973778
9	43	27.912293780186474
9	44	28.208621743156566
10	0	5.700219294027204
10	1	17.43158053648607
10	2	17.490640354200874
10	3	14.468759449240975
10	4	13.250000000000002
10	5	13.150000000000002
10	6	17.124908758881023
10	7	16.13141345325945
10	8	17.257534586377044
10	9	11.349999999999998
10	10	0.0
10	11	27.331706798307177
10	12	27.614900230966843
10	13	34.80541143240537
10	14	27.956075773788427
10	15	25.183032013467653
10	16	31.032867463109362
10	17	38.60672699415502
10	18	35.77623582435275
10	19	33.93457893093404
10	20	31.077520965022316
10	21	22.81816323073552
10	22	20.071660483526696
10	23	20.151630242196404
10	24	22.915660867214413
10	25	20.008935777509514
10	26	22.88781289612817
10	27	21.335906265410802
10	28	21.485150465851685
10	29	25.112536441628272
10	30	19.530198221849748
10	31	32.85699190094068
10	32	27.746218965268426
10	33	26.86222094252632
10	34	27.46696650005373
10	35	34.495936484464934
10	36	30.30289668255118
10	37	38.324774428280264
10	38	35.592522094438
10	39	36.82623582435275
10	40	36.74360853776014
10	41	14.000471656139714
10	42	3.3514922049737796
10	43	23.715660867214417
10	44	23.987812896128172
11	0	24.27240861362592
11	1	9.900126261821107
11	2	11.85268868079777
11	3	19.630748030238585
11	4	21.401104481085763
11	5	38.55867646939441
11	6	41.63390164389628
11	7	40.07217458473084
11	8	36.000557292744716
11	9	23.000985012300028
11	10	27.331706798307177
11	11	0.0
11	12	1.3647344063956197
11	13	7.581721440411803
11	14	1.3200378782444082
11	15	2.55
11	16	4.782701638538138
11	17	11.383037002161446
11	18	8.552545832359183
11	19	7.298541035390016
11	20	8.444488951554664
11	21	17.18021155733242
11	22	25.233649064524307
11	23	28.302734723282168
11	24	31.066765348300173
11	25	45.41761224690393
11	26	48.29648936552258
11	27	45.84489915042606
11	28	45.42591159732307
11	29	43.85555914799594
11	30	38.27322092821742
11	31	51.600014607308346
11	32	46.489241671636094
11	33	45.60524364889399
11	34	46.209989206421405
11	35	53.2389591908326
11	36	49.045919388918854
11	37	57.06779713464793
11	38	54.33554480080567
11	39	9.602545832359183
11	40	55.48663124412781
11	41	25.651456668439742
11	42	30.683199003280958
11	43	31.866765348300177
11	44	49.396489365522584
12	0	24.555602046285586
12	1	10.183319694480772
12	2	12.135882113457436
12	3	19.91394146289825
12	4	21.68429791374543
12	5	38.841869902054086
12	6	41.917095076555945
12	7	40.355368017390504
12	8	36.28375072540438
12	9	23.284178444959693
12	10	27.614900230966843
12	11	1.3647344063956197
12	12	0.0
12	13	7.206247289678588
12	14	2.5739075352467506
12	15	3.536240942017386
12	16	3.4179672321425185
12	17	11.007562851428231
12	18	8.177071681625968
12	19	8.552410692392359
12	20	9.43072989357205
12	21	17.463404989992085
12	22	25.516842497183973
12	23	28.585928155941833
12	24	31.349958780959838
12	25	45.7008056795636
12	26	48.579682798182255
12	27	46.128092583085724
12	28	45.70910502998274
12	29	44.138752580655606
12	30	38.556414360877085
12	31	51.88320803996801
12	32	46.77243510429576
12	33	45.888437081553654
12	34	46.49318263908107
12	35	53.52215262349227
12	36	49.32911282157852
12	37	57.3509905673076
12	38	54.618738233465336
12	39	9.227071681625969
12	40	55.76982467678747
12	41	25.934650101099407
12	42	30.966392435940623
12	43	32.14995878095984
12	44	49.679682798182256
13	0	31.74611324772411
13	1	17.3738308959193
13	2	19.326393314895967
13	3	27.104452664336776
13	4	28.874809115183957
13	5	46.03238110349261
13	6	49.10760627799448
13	7	47.54587921882903
13	8	43.474261926842914
13	9	30.474689646398218
13	10	34.80541143240537
13	11	7.581721440411803
13	12	7.206247289678588
13	13	0.0
13	14	7.419231766160159
13	15	10.062057443684171
13	16	10.624214521821106
13	17	3.8013155617496435
13	18	0.9708243919473806
13	19	13.397734923305768
13	20	15.956546395238835
13	21	24.653916191430614
13	22	32.7073536986225
13	23	35.77643935738036
13	24	38.54046998239836
13	25	52.891316881002126
13	26	55.77019399962078
13	27	53.31860378452426
13	28	52.89961623142126
13	29	51.32926378209414
13	30	45.74692556231562
13	31	59.07371924140654
13	32	53.96294630573429
13	33	53.07894828299219
13	34	53.6836938405196
13	35	60.7126638249308
13	36	56.51962402301705
13	37	64.54150176874613
13	38	61.80924943490387
13	39	2.0208243919473805
13	40	62.960335878226005
13	41	33.12516130253793
13	42	38.15690363737915
13	43	39.34046998239837
13	44	56.87019399962078
14	0	24.896777589107167
14	1	10.524495237302357
14	2	12.47705765627902
14	3	20.255117005719832
14	4	22.025473456567013
14	5	39.18304544487567
14	6	42.25827061937753
14	7	40.69654356021209
14	8	36.62492626822596
14	9	23.625353987781274
14	10	27.956075773788427
14	11	1.3200378782444082
14	12	2.5739075352467506
14	13	7.419231766160159
14	14	0.0
14	15	2.8000000000000007
14	16	5.99187476738927
14	17	11.220547327909802
14	18	8.390056158107539
14	19	5.978503157145608
14	20	8.694488951554664
14	21	17.804580532813667
14	22	25.858018040005554
14	23	28.927103698763418
14	24	31.691134323781423
14	25	46.04198122238518
14	26	48.920858341003836
14	27	46.469268125907305
14	28	46.050280572804326
14	29	44.47992812347719
14	30	38.897589903698666
14	31	52.22438358278959
14	32	47.11361064711734
14	33	46.229612624375235
14	34	46.83435818190265
14	35	53.86332816631385
14	36	49.6702883644001
14	37	57.69216611012918
14	38	54.95991377628692
14	39	9.44005615810754
14	40	56.11100021960905
14	41	26.27582564392099
14	42	31.307567978762208
14	43	32.491134323781424
14	44	50.02085834100384
15	0	22.123733828786396
15	1	7.751451476981584
15	2	9.704013895958248
15	3	17.48207324539906
15	4	19.25242969624624
15	5	36.41000168455489
15	6	39.48522685905676
15	7	37.92349979989132
15	8	33.851882507905195
15	9	20.852310227460503
15	10	25.183032013467653
15	11	2.55
15	12	3.536240942017386
15	13	10.062057443684171
15	14	2.8000000000000007
15	15	0.0
15	16	6.954208174159905
15	17	13.863373005433814
15	18	11.032881835631551
15	19	8.77850315714561
15	20	5.894488951554664
15	21	15.031536772492895
15	22	23.084974279684783
15	23	26.154059938442643
15	24	28.918090563460648
15	25	43.26893746206441
15	26	46.14781458068306
15	27	43.69622436558654
15	28	43.27723681248355
15	29	41.70688436315642
15	30	36.1245461433779
15	31	49.451339822468825
15	32	44.34056688679657
15	33	43.45656886405447
15	34	44.06131442158188
15	35	51.09028440599308
15	36	46.89724460407933
15	37	54.91912234980841
15	38	52.18687001596615
15	39	12.082881835631552
15	40	53.337956459288286
15	41	23.50278188360022
15	42	28.534524218441433
15	43	29.718090563460652
15	44	47.24781458068306
16	0	27.973569278428105
16	1	13.601286926623292
16	2	15.553849345599954
16	3	23.33190869504077
16	4	25.102265145887948
16	5	42.2598371341966
16	6	45.33506230869846
16	7	43.77333524953302
16	8	39.7017179575469
16	9	26.702145677102212
16	10	31.032867463109362
16	11	4.782701638538138
16	12	3.4179672321425185
16	13	10.624214521821106
16	14	5.99187476738927
16	15	6.954208174159905
16	16	0.0
16	17	14.425530083570749
16	18	11.595038913768486
16	19	11.970377924534878
16	20	12.848697125714569
16	21	20.881372222134605
16	22	28.934809729326492
16	23	32.00389538808435
16	24	34.767926013102354
16	25	49.11877291170612
16	26	51.99765003032477
16	27	49.54605981522824
16	28	49.12707226212525
16	29	47.55671981279812
16	30	41.9743815930196
16	31	55.30117527211053
16	32	50.190402336438275
16	33	49.30640431369617
16	34	49.911149871223586
16	35	56.940119855634784
16	36	52.747080053721035
16	37	60.768957799450114
16	38	58.03670546560785
16	39	12.645038913768486
16	40	59.18779190892999
16	41	29.352617333241927
16	42	34.38435966808314
16	43	35.56792601310236
16	44	53.09765003032477
17	0	35.54742880947376
17	1	21.175146457668944
17	2	23.12770887664561
17	3	30.90576822608642
17	4	32.676124676933604
17	5	49.83369666524226
17	6	52.908921839744124
17	7	51.347194780578675
17	8	47.27557748859256
17	9	34.276005208147865
17	10	38.60672699415502
17	11	11.383037002161446
17	12	11.007562851428231
17	13	3.8013155617496435
17	14	11.220547327909802
17	15	13.863373005433814
17	16	14.425530083570749
17	17	0.0
17	18	4.05123437979093
17	19	17.19905048505541
17	20	19.757861956988478
17	21	28.455231753180257
17	22	36.508669260372145
17	23	39.57775491913001
17	24	42.34178554414801
17	25	56.69263244275177
17	26	59.571509561370426
17	27	57.1199193462739
17	28	56.70093179317091
17	29	55.130579343843785
17	30	49.548241124065264
17	31	62.87503480315619
17	32	57.76426186748394
17	33	56.88026384474183
17	34	57.48500940226925
17	35	64.51397938668045
17	36	60.3209395847667
17	37	68.34281733049578
17	38	65.61056499665351
17	39	5.10123437979093
17	40	66.76165143997564
17	41	36.92647686428758
17	42	41.9582191991288
17	43	43.141785544148014
17	44	60.67150956137043
18	0	32.71693763967149
18	1	18.344655287866683
18	2	20.297217706843348
18	3	28.075277056284158
18	4	29.84563350713134
18	5	47.00320549543999
18	6	50.07843066994186
18	7	48.51670361077641
18	8	44.445086318790295
18	9	31.4455140383456
18	10	35.77623582435275
18	11	8.552545832359183
18	12	8.177071681625968
18	13	0.9708243919473806
18	14	8.390056158107539
18	15	11.032881835631551
18	16	11.595038913768486
18	17	4.05123437979093
18	18	0.0
18	19	14.368559315253147
18	20	16.927370787186216
18	21	25.624740583377996
18	22	33.67817809056988
18	23	36.74726374932774
18	24	39.511294374345745
18	25	53.86214127294951
18	26	56.74101839156816
18	27	54.28942817647164
18	28	53.870440623368644
18	29	52.30008817404152
18	30	46.717749954263
18	31	60.044543633353925
18	32	54.93377069768167
18	33	54.04977267493957
18	34	54.654518232466984
18	35	61.68348821687818
18	36	57.49044841496443
18	37	65.5123261606935
18	38	62.78007382685125
18	39	1.05
18	40	63.931160270173386
18	41	34.095985694485314
18	42	39.12772802932653
18	43	40.31129437434575
18	44	57.84101839156816
19	0	30.875280746252777
19	1	16.502998394447964
19	2	18.45556081342463
19	3	26.233620162865442
19	4	28.003976613712624
19	5	45.16154860202128
19	6	48.23677377652314
19	7	46.6750467173577
19	8	42.60342942537157
19	9	29.603857144926884
19	10	33.93457893093404
19	11	7.298541035390016
19	12	8.552410692392359
19	13	13.397734923305768
19	14	5.978503157145608
19	15	8.77850315714561
19	16	11.970377924534878
19	17	17.19905048505541
19	18	14.368559315253147
19	19	0.0
19	20	14.672992108700274
19	21	23.783083689959277
19	22	31.836521197151164
19	23	34.90560685590903
19	24	37.66963748092703
19	25	52.02048437953079
19	26	54.899361498149446
19	27	52.447771283052916
19	28	52.028783729949936
19	29	50.4584312806228
19	30	44.876093060844276
19	31	58.2028867399352
19	32	53.09211380426295
19	33	52.208115781520846
19	34	52.81286133904826
19	35	59.84183132345946
19	36	55.64879152154571
19	37	63.67066926727479
19	38	60.93841693343253
19	39	15.418559315253148
19	40	62.089503376754664
19	41	32.2543288010666
19	42	37.28607113590782
19	43	38.469637480927034
19	44	55.99936149814945
20	0	28.01822278034106
20	1	13.64594042853625
20	2	15.598502847512911
20	3	23.376562196953724
20	4	25.146918647800902
20	5	42.304490636109556
20	6	45.37971581061142
20	7	43.81798875144598
20	8	39.74637145945986
20	9	26.746799179015166
20	10	31.077520965022316
20	11	8.444488951554664
20	12	9.43072989357205
20	13	15.956546395238835
20	14	8.694488951554664
20	15	5.894488951554664
20	16	12.848697125714569
20	17	19.757861956988478
20	18	16.927370787186216
20	19	14.672992108700274
20	20	0.0
20	21	20.92602572404756
20	22	28.979463231239446
20	23	32.048548889997306
20	24	34.812579515015315
20	25	49.16342641361907
20	26	52.042303532237725
20	27	49.5907133171412
20	28	49.171725764038214
20	29	47.60137331471108
20	30	42.01903509493256
20	31	55.34582877402349
20	32	50.235055838351236
20	33	49.35105781560913
20	34	49.95580337313655
20	35	56.984773357547745
20	36	52.791733555633996
20	37	60.813611301363075
20	38	58.08135896752081
20	39	17.977370787186217
20	40	59.23244541084295
20	41	29.397270835154885
20	42	34.4290131699961
20	43	35.61257951501532
20	44	53.142303532237726
21	0	20.35582950103496
21	1	7.280085295511311
21	2	5.327522876534648
21	3	13.47752287653465
21	4	15.387840962957164
21	5	34.589272653333715
21	6	37.83167645726952
21	7	36.32816803111167
21	8	32.710820705685904
21	9	19.740884732812315
21	10	22.81816323073552
21	11	17.18021155733242
21	12	17.463404989992085
21	13	24.653916191430614
21	14	17.804580532813667
21	15	15.031536772492895
21	16	20.881372222134605
21	17	28.455231753180257
21	18	25.624740583377996
21	19	23.783083689959277
21	20	20.92602572404756
21	21	0.0
21	22	19.08042391082037
21	23	22.289471205153568
21	24	25.053501830171573
21	25	41.44820843084323
21	26	44.327085549461884
21	27	42.0426739637993
21	28	41.68190504370391
21	29	40.56582256093713
21	30	34.98348434115861
21	31	48.310278020249534
21	32	43.19950508457728
21	33	42.31550706183518
21	34	42.92025261936259
21	35	49.94922260377379
21	36	45.75618280186004
21	37	53.77806054758912
21	38	51.04580821374686
21	39	26.674740583377996
21	40	52.196894657068995
21	41	22.391356388952033
21	42	26.169655435709302
21	43	25.853501830171577
21	44	45.427085549461886
22	0	20.508688500904185
22	1	15.333522802703197
22	2	13.752901034285724
22	3	5.602901034285721
22	4	7.755225359288808
22	5	33.1650580616303
22	6	37.003896241444366
22	7	35.82478879795793
22	8	34.55583698213046
22	9	22.81256401762157
22	10	20.071660483526696
22	11	25.233649064524307
22	12	25.516842497183973
22	13	32.7073536986225
22	14	25.858018040005554
22	15	23.084974279684783
22	16	28.934809729326492
22	17	36.508669260372145
22	18	33.67817809056988
22	19	31.836521197151164
22	20	28.979463231239446
22	21	19.08042391082037
22	22	0.0
22	23	14.656855601485212
22	24	17.420886226503217
22	25	40.02399383913981
22	26	42.902870957758466
22	27	41.214893747974145
22	28	41.17852581055016
22	29	42.41083883738168
22	30	36.82850061760316
22	31	50.15529429669409
22	32	45.044521361021836
22	33	44.16052333827973
22	34	44.76526889580715
22	35	51.794238880218344
22	36	47.601199078304596
22	37	55.623076824033674
22	38	52.89082449019141
22	39	34.72817809056988
22	40	54.04191093351355
22	41	25.463035673761283
22	42	23.423152688500476
22	43	18.22088622650322
22	44	44.00287095775847
23	0	21.371599143337832
23	1	18.40260846146106
23	2	16.96194832861892
23	3	9.05395456719949
23	4	6.901630242196403
23	5	33.30163024219641
23	6	37.24384505918035
23	7	36.15586070549863
23	8	35.50031902332761
23	9	24.348263155168464
23	10	20.151630242196404
23	11	28.302734723282168
23	12	28.585928155941833
23	13	35.77643935738036
23	14	28.927103698763418
23	15	26.154059938442643
23	16	32.00389538808435
23	17	39.57775491913001
23	18	36.74726374932774
23	19	34.90560685590903
23	20	32.048548889997306
23	21	22.289471205153568
23	22	14.656855601485212
23	23	0.0
23	24	3.3604315199093118
23	25	40.16056601970592
23	26	43.03944313832457
23	27	41.45484256571013
23	28	41.509597718090866
23	29	43.35532087857884
23	30	37.772982658800316
23	31	51.09977633789124
23	32	45.98900340221899
23	33	45.105005379476886
23	34	45.7097509370043
23	35	52.7387209214155
23	36	48.54568111950175
23	37	56.56755886523083
23	38	53.83530653138857
23	39	37.79726374932774
23	40	54.986392974710704
23	41	26.998734811308182
23	42	23.503122447170185
23	43	4.1604315199093165
23	44	44.13944313832457
24	0	24.135629768355837
24	1	21.166639086479066
24	2	19.725978953636925
24	3	11.817985192217495
24	4	9.66566086721441
24	5	36.06566086721442
24	6	40.00787568419835
24	7	38.919891330516634
24	8	38.264349648345615
24	9	27.11229378018647
24	10	22.915660867214413
24	11	31.066765348300173
24	12	31.349958780959838
24	13	38.54046998239836
24	14	31.691134323781423
24	15	28.918090563460648
24	16	34.767926013102354
24	17	42.34178554414801
24	18	39.511294374345745
24	19	37.66963748092703
24	20	34.812579515015315
24	21	25.053501830171573
24	22	17.420886226503217
24	23	3.3604315199093118
24	24	0.0
24	25	42.92459664472393
24	26	45.80347376334258
24	27	44.21887319072813
24	28	44.27362834310887
24	29	46.11935150359684
24	30	40.53701328381832
24	31	53.863806962909244
24	32	48.75303402723699
24	33	47.86903600449489
24	34	48.4737815620223
24	35	55.5027515464335
24	36	51.30971174451975
24	37	59.33158949024883
24	38	56.59933715640657
24	39	40.56129437434574
24	40	57.750423599728705
24	41	29.762765436326184
24	42	26.267153072188194
24	43	0.8000000000000043
24	44	46.90347376334258
25	0	21.14529290590302
25	1	35.51748598508282
25	2	36.12068555430858
25	3	34.42109280485409
25	4	33.258935777509514
25	5	6.8589357775095126
25	6	11.074383559181108
25	7	10.895022991631624
25	8	18.209926923660582
25	9	24.229744624537908
25	10	20.008935777509514
25	11	45.41761224690393
25	12	45.7008056795636
25	13	52.891316881002126
25	14	46.04198122238518
25	15	43.26893746206441
25	16	49.11877291170612
25	17	56.69263244275177
25	18	53.86214127294951
25	19	52.02048437953079
25	20	49.16342641361907
25	21	41.44820843084323
25	22	40.02399383913981
25	23	40.16056601970592
25	24	42.92459664472393
25	25	0.0
25	26	3.7483329627982656
25	27	15.285381065710887
25	28	16.248760004223858
25	29	26.06492877891181
25	30	20.482590559133286
25	31	33.80938423822421
25	32	28.69861130255196
25	33	27.814613279809855
25	34	28.41935883733727
25	35	35.44832882174847
25	36	31.25528901983472
25	37	39.2771667655638
25	38	36.54491443172154
25	39	54.912141272949505
25	40	37.69600087504367
25	41	26.880216280677622
25	42	23.360427982483294
25	43	43.72459664472393
25	44	4.848332962798267
26	0	24.024170024521677
26	1	38.396363103701475
26	2	38.99956267292724
26	3	37.299969923472744
26	4	36.137812896128175
26	5	9.737812896128169
26	6	13.953260677799765
26	7	13.77390011025028
26	8	21.088804042279236
26	9	27.108621743156565
26	10	22.88781289612817
26	11	48.29648936552258
26	12	48.579682798182255
26	13	55.77019399962078
26	14	48.920858341003836
26	15	46.14781458068306
26	16	51.99765003032477
26	17	59.571509561370426
26	18	56.74101839156816
26	19	54.899361498149446
26	20	52.042303532237725
26	21	44.327085549461884
26	22	42.902870957758466
26	23	43.03944313832457
26	24	45.80347376334258
26	25	3.7483329627982656
26	26	0.0
26	27	18.164258184329544
26	28	19.127637122842515
26	29	28.943805897530464
26	30	23.36146767775194
26	31	36.688261356842865
26	32	31.577488421170614
26	33	30.69349039842851
26	34	31.298235955955924
26	35	38.32720594036712
26	36	34.134166138453374
26	37	42.15604388418245
26	38	39.42379155034019
26	39	57.79101839156816
26	40	40.57487799366233
26	41	29.759093399296283
26	42	26.23930510110195
26	43	46.603473763342585
26	44	1.1000000000000014
27	0	21.698421559259785
27	1	35.94477288860495
27	2	36.71515108726466
27	3	35.61199271368842
27	4	34.553212323513726
27	5	8.426445288201375
27	6	4.21099750652978
27	7	6.05490639798836
27	8	14.768696119390444
27	9	23.85189870784944
27	10	21.335906265410802
27	11	45.84489915042606
27	12	46.128092583085724
27	13	53.31860378452426
27	14	46.469268125907305
27	15	43.69622436558654
27	16	49.54605981522824
27	17	57.1199193462739
27	18	54.28942817647164
27	19	52.447771283052916
27	20	49.5907133171412
27	21	42.0426739637993
27	22	41.214893747974145
27	23	41.45484256571013
27	24	44.21887319072813
27	25	15.285381065710887
27	26	18.164258184329544
27	27	0.0
27	28	11.408643410580595
27	29	22.623697974641672
27	30	17.041359754863148
27	31	30.36815343395408
27	32	25.257380498281826
27	33	24.37338247553972
27	34	24.97812803306713
27	35	32.00709801747833
27	36	27.81405821556458
27	37	35.83593596129366
27	38	33.103683627451396
27	39	55.339428176471635
27	40	34.25477007077353
27	41	26.502370363989158
27	42	24.687398470384583
27	43	45.01887319072814
27	44	19.264258184329545
28	0	21.382773165773745
28	1	35.525785335501965
28	2	36.35438216716926
28	3	35.57562477626444
28	4	34.60796747589446
28	5	9.389824226714344
28	6	7.197645904050814
28	7	5.353737012592234
28	8	14.176718368120532
28	9	23.268674913684716
28	10	21.485150465851685
28	11	45.42591159732307
28	12	45.70910502998274
28	13	52.89961623142126
28	14	46.050280572804326
28	15	43.27723681248355
28	16	49.12707226212525
28	17	56.70093179317091
28	18	53.870440623368644
28	19	52.028783729949936
28	20	49.171725764038214
28	21	41.68190504370391
28	22	41.17852581055016
28	23	41.509597718090866
28	24	44.27362834310887
28	25	16.248760004223858
28	26	19.127637122842515
28	27	11.408643410580595
28	28	0.0
28	29	22.03172022337176
28	30	16.449382003593236
28	31	29.776175682684165
28	32	24.66540274701191
28	33	23.781404724269805
28	34	24.38615028179722
28	35	31.41512026620842
28	36	27.22208046429467
28	37	35.24395821002375
28	38	32.51170587618149
28	39	54.92044062336864
28	40	33.66279231950362
28	41	25.919146569824434
28	42	24.836642670825466
28	43	45.07362834310887
28	44	20.227637122842516
29	0	21.983873006196017
29	1	33.95543288617483
29	2	35.238299684402485
29	3	36.80793780309596
29	4	36.45369063638243
29	5	19.205993001402295
29	6	18.412700468111893
29	7	16.677983210779527
29	8	7.855001855251228
29	9	20.855001855251224
29	10	25.112536441628272
29	11	43.85555914799594
29	12	44.138752580655606
29	13	51.32926378209414
29	14	44.47992812347719
29	15	41.70688436315642
29	16	47.55671981279812
29	17	55.130579343843785
29	18	52.30008817404152
29	19	50.4584312806228
29	20	47.60137331471108
29	21	40.56582256093713
29	22	42.41083883738168
29	23	43.35532087857884
29	24	46.11935150359684
29	25	26.06492877891181
29	26	28.943805897530464
29	27	22.623697974641672
29	28	22.03172022337176
29	29	0.0
29	30	5.582338219778523
29	31	19.296744109034982
29	32	14.185971173362727
29	33	13.516126722127197
29	34	14.360863152818244
29	35	21.24958111698287
29	36	17.196793335315693
29	37	25.0784190607982
29	38	22.346166726955936
29	39	53.35008817404152
29	40	23.497253170278068
29	41	23.505473511390942
29	42	28.464028646602053
29	43	46.91935150359684
29	44	30.043805897530465
30	0	16.401534786417493
30	1	28.373094666396312
30	2	29.65596146462396
30	3	31.22559958331744
30	4	30.871352416603912
30	5	13.623654781623772
30	6	12.830362248333369
30	7	11.095644991001002
30	8	2.272663635472704
30	9	15.2726636354727
30	10	19.530198221849748
30	11	38.27322092821742
30	12	38.556414360877085
30	13	45.74692556231562
30	14	38.897589903698666
30	15	36.1245461433779
30	16	41.9743815930196
30	17	49.548241124065264
30	18	46.717749954263
30	19	44.876093060844276
30	20	42.01903509493256
30	21	34.98348434115861
30	22	36.82850061760316
30	23	37.772982658800316
30	24	40.53701328381832
30	25	20.482590559133286
30	26	23.36146767775194
30	27	17.041359754863148
30	28	16.449382003593236
30	29	5.582338219778523
30	30	0.0
30	31	13.714405889256458
30	32	8.603632953584203
30	33	7.9337885023486745
30	34	8.77852493303972
30	35	15.667242897204348
30	36	11.61445511553717
30	37	19.496080841019676
30	38	16.763828507177415
30	39	47.767749954262996
30	40	17.914914950499547
30	41	17.923135291612418
30	42	22.88169042682353
30	43	41.33701328381832
30	44	24.46146767775194
31	0	29.728328465508422
31	1	41.69988834548724
31	2	42.98275514371489
31	3	44.552393262408366
31	4	44.19814609569484
31	5	26.950448460714703
31	6	26.157155927424302
31	7	24.422438670091932
31	8	15.599457314563633
31	9	28.599457314563633
31	10	32.85699190094068
31	11	51.600014607308346
31	12	51.88320803996801
31	13	59.07371924140654
31	14	52.22438358278959
31	15	49.451339822468825
31	16	55.30117527211053
31	17	62.87503480315619
31	18	60.044543633353925
31	19	58.2028867399352
31	20	55.34582877402349
31	21	48.310278020249534
31	22	50.15529429669409
31	23	51.09977633789124
31	24	53.863806962909244
31	25	33.80938423822421
31	26	36.688261356842865
31	27	30.36815343395408
31	28	29.776175682684165
31	29	19.296744109034982
31	30	13.714405889256458
31	31	0.0
31	32	5.110772935672254
31	33	6.699010953099112
31	34	7.917906705195891
31	35	12.530004701832414
31	36	10.753836887693343
31	37	16.358842645647744
31	38	13.62659031180548
31	39	61.09454363335392
31	40	14.777676755127613
31	41	31.249928970703348
31	42	36.20848410591446
31	43	54.66380696290925
31	44	37.78826135684287
32	0	24.617555529836167
32	1	36.58911540981499
32	2	37.87198220804264
32	3	39.441620326736114
32	4	39.08737316002259
32	5	21.83967552504245
32	6	21.046382991752047
32	7	19.311665734419677
32	8	10.48868437889138
32	9	23.488684378891378
32	10	27.746218965268426
32	11	46.489241671636094
32	12	46.77243510429576
32	13	53.96294630573429
32	14	47.11361064711734
32	15	44.34056688679657
32	16	50.190402336438275
32	17	57.76426186748394
32	18	54.93377069768167
32	19	53.09211380426295
32	20	50.235055838351236
32	21	43.19950508457728
32	22	45.044521361021836
32	23	45.98900340221899
32	24	48.75303402723699
32	25	28.69861130255196
32	26	31.577488421170614
32	27	25.257380498281826
32	28	24.66540274701191
32	29	14.185971173362727
32	30	8.603632953584203
32	31	5.110772935672254
32	32	0.0
32	33	1.5882380174268578
32	34	2.807133769523637
32	35	7.419231766160161
32	36	5.6430639520210875
32	37	11.248069709975491
32	38	8.515817376133226
32	39	55.98377069768167
32	40	9.66690381945536
32	41	26.139156035031093
32	42	31.097711170242206
32	43	49.553034027237
32	44	32.677488421170615
33	0	23.733557507094062
33	1	35.70511738707288
33	2	36.98798418530053
33	3	38.55762230399401
33	4	38.20337513728048
33	5	20.955677502300343
33	6	20.162384969009942
33	7	18.42766771167757
33	8	9.604686356149275
33	9	22.604686356149273
33	10	26.86222094252632
33	11	45.60524364889399
33	12	45.888437081553654
33	13	53.07894828299219
33	14	46.229612624375235
33	15	43.45656886405447
33	16	49.30640431369617
33	17	56.88026384474183
33	18	54.04977267493957
33	19	52.208115781520846
33	20	49.35105781560913
33	21	42.31550706183518
33	22	44.16052333827973
33	23	45.105005379476886
33	24	47.86903600449489
33	25	27.814613279809855
33	26	30.69349039842851
33	27	24.37338247553972
33	28	23.781404724269805
33	29	13.516126722127197
33	30	7.9337885023486745
33	31	6.699010953099112
33	32	1.5882380174268578
33	33	0.0
33	34	1.5041608956491312
33	35	7.737086014773263
33	36	4.340091078146582
33	37	11.565923958588593
33	38	8.833671624746328
33	39	55.099772674939565
33	40	9.984758068068462
33	41	25.255158012288987
33	42	30.2137131475001
33	43	48.66903600449489
33	44	31.79349039842851
34	0	24.338303064621474
34	1	36.3098629446003
34	2	37.59272974282794
34	3	39.162367861521425
34	4	38.8081206948079
34	5	21.560423059827755
34	6	20.76713052653735
34	7	19.032413269204987
34	8	10.209431913676687
34	9	23.20943191367668
34	10	27.46696650005373
34	11	46.209989206421405
34	12	46.49318263908107
34	13	53.6836938405196
34	14	46.83435818190265
34	15	44.06131442158188
34	16	49.911149871223586
34	17	57.48500940226925
34	18	54.654518232466984
34	19	52.81286133904826
34	20	49.95580337313655
34	21	42.92025261936259
34	22	44.76526889580715
34	23	45.7097509370043
34	24	48.4737815620223
34	25	28.41935883733727
34	26	31.298235955955924
34	27	24.97812803306713
34	28	24.38615028179722
34	29	14.360863152818244
34	30	8.77852493303972
34	31	7.917906705195891
34	32	2.807133769523637
34	33	1.5041608956491312
34	34	0.0
34	35	7.050177302735017
34	36	2.8359301824974508
34	37	10.879015246550347
34	38	8.146762912708082
34	39	55.70451823246698
34	40	9.297849356030216
34	41	25.859903569816396
34	42	30.81845870502751
34	43	49.27378156202231
34	44	32.398235955955926
35	0	31.367273049032676
35	1	43.338832929011495
35	2	44.62169972723915
35	3	46.19133784593262
35	4	45.837090679219095
35	5	28.589393044238953
35	6	27.796100510948552
35	7	26.061383253616185
35	8	17.238401898087886
35	9	30.238401898087883
35	10	34.495936484464934
35	11	53.2389591908326
35	12	53.52215262349227
35	13	60.7126638249308
35	14	53.86332816631385
35	15	51.09028440599308
35	16	56.940119855634784
35	17	64.51397938668045
35	18	61.68348821687818
35	19	59.84183132345946
35	20	56.984773357547745
35	21	49.94922260377379
35	22	51.794238880218344
35	23	52.7387209214155
35	24	55.5027515464335
35	25	35.44832882174847
35	26	38.32720594036712
35	27	32.00709801747833
35	28	31.41512026620842
35	29	21.24958111698287
35	30	15.667242897204348
35	31	12.530004701832414
35	32	7.419231766160161
35	33	7.737086014773263
35	34	7.050177302735017
35	35	0.0
35	36	9.886107485232468
35	37	3.8288379438153295
35	38	1.0965856099730655
35	39	62.73348821687818
35	40	2.247672053295199
35	41	32.8888735542276
35	42	37.847428689438715
35	43	56.302751546433505
35	44	39.427205940367124
36	0	27.174233247118924
36	1	39.14579312709775
36	2	40.42865992532539
36	3	41.998298044018874
36	4	41.64405087730535
36	5	24.396353242325205
36	6	23.6030607090348
36	7	21.868343451702437
36	8	13.045362096174138
36	9	26.04536209617413
36	10	30.30289668255118
36	11	49.045919388918854
36	12	49.32911282157852
36	13	56.51962402301705
36	14	49.6702883644001
36	15	46.89724460407933
36	16	52.747080053721035
36	17	60.3209395847667
36	18	57.49044841496443
36	19	55.64879152154571
36	20	52.791733555633996
36	21	45.75618280186004
36	22	47.601199078304596
36	23	48.54568111950175
36	24	51.30971174451975
36	25	31.25528901983472
36	26	34.134166138453374
36	27	27.81405821556458
36	28	27.22208046429467
36	29	17.196793335315693
36	30	11.61445511553717
36	31	10.753836887693343
36	32	5.6430639520210875
36	33	4.340091078146582
36	34	2.8359301824974508
36	35	9.886107485232468
36	36	0.0
36	37	13.714945429047798
36	38	10.982693095205533
36	39	58.54044841496443
36	40	12.133779538527667
36	41	28.695833752313845
36	42	33.65438888752496
36	43	52.10971174451976
36	44	35.234166138453375
37	0	35.196110992848006
37	1	47.167670872826825
37	2	48.45053767105448
37	3	50.02017578974795
37	4	49.665928623034425
37	5	32.41823098805428
37	6	31.624938454763882
37	7	29.890221197431515
37	8	21.067239841903216
37	9	34.06723984190321
37	10	38.324774428280264
37	11	57.06779713464793
37	12	57.3509905673076
37	13	64.54150176874613
37	14	57.69216611012918
37	15	54.91912234980841
37	16	60.768957799450114
37	17	68.34281733049578
37	18	65.5123261606935
37	19	63.67066926727479
37	20	60.813611301363075
37	21	53.77806054758912
37	22	55.623076824033674
37	23	56.56755886523083
37	24	59.33158949024883
37	25	39.2771667655638
37	26	42.15604388418245
37	27	35.83593596129366
37	28	35.24395821002375
