VERTICES = 44
;

DISTANCE_MATRIX = 
0	0	0.0
0	1	3.2138729893753943
0	2	11.38763508214368
0	3	8.336372379321674
0	4	13.778063248467095
0	5	9.61162788073734
0	6	9.442775809005928
0	7	8.400016518097662
0	8	7.243392521994795
0	9	6.0029186165038
0	10	11.08357891347621
0	11	9.837851521670972
0	12	18.262050340922745
0	13	15.032313467830974
0	14	15.46365429887236
0	15	27.527498619190386
0	16	23.784205296732317
0	17	22.95814408263526
0	18	19.713305166473667
0	19	17.30923944206691
0	20	16.37202690110367
0	21	18.832421598369784
0	22	17.889131654414406
0	23	12.842714428195652
0	24	11.554146167192261
0	25	19.11694141780689
0	26	24.420046207490454
0	27	13.019902993209222
0	28	25.199894439716523
0	29	9.943943984549996
0	30	12.982706487890368
0	31	6.428380918202105
0	32	9.500307788079958
0	33	14.668662886968303
0	34	16.27636148884389
0	35	15.343266781117208
0	36	16.8199699914279
0	37	5.0743096289296465
0	38	8.196291056530976
0	39	12.214743874140213
0	40	9.053433913673834
0	41	21.158401933716625
0	42	20.22555463558437
0	43	17.857714827824843
1	0	3.2138729893753943
1	1	0.0
1	2	8.173762092768284
1	3	5.122499389946278
1	4	10.564190259091701
1	5	6.397754891361945
1	6	6.228902819630534
1	7	5.186143528722267
1	8	4.029519532619401
1	9	2.7890456271284054
1	10	7.869705924100815
1	11	6.623978532295578
1	12	15.04817735154735
1	13	11.81844047845558
1	14	12.249781309496965
1	15	24.313625629814993
1	16	20.570332307356924
1	17	19.74427109325987
1	18	16.499432177098274
1	19	14.095366452691517
1	20	13.158153911728276
1	21	15.618548608994391
1	22	14.675258665039012
1	23	9.62884143882026
1	24	8.340273177816867
1	25	15.903068428431494
1	26	21.20617321811506
1	27	9.806030003833827
1	28	21.98602145034113
1	29	6.730070995174603
1	30	9.768833498514976
1	31	3.2145079288267113
1	32	6.2864347987045655
1	33	11.454789897592908
1	34	13.062488499468495
1	35	12.129393791741814
1	36	13.606097002052506
1	37	1.8604366395542524
1	38	4.9824180671555816
1	39	9.00087088476482
1	40	5.839560924298438
1	41	17.94452894434123
1	42	17.011681646208974
1	43	14.643841838449447
2	0	11.38763508214368
2	1	8.173762092768284
2	2	0.0
2	3	3.051262702822006
2	4	17.35232134667132
2	5	13.185885978941567
2	6	13.017033907210156
2	7	11.974274616301889
2	8	9.718277581969748
2	9	8.477803676478752
2	10	14.657837011680435
2	11	13.4121096198752
2	12	21.836308439126974
2	13	18.6065715660352
2	14	19.03791239707659
2	15	31.101756717394615
2	16	27.358463394936543
2	17	26.53240218083949
2	18	23.287563264677893
2	19	20.883497540271136
2	20	19.9462849993079
2	21	22.406679696574013
2	22	21.46338975261863
2	23	16.41697252639988
2	24	15.128404265396487
2	25	22.691199516011118
2	26	27.994304305694683
2	27	16.594161091413447
2	28	28.77415253792075
2	29	13.518202082754224
2	30	16.556964586094598
2	31	10.002639016406333
2	32	13.074565886284187
2	33	18.242920985172532
2	34	19.850619587048115
2	35	18.917524879321434
2	36	20.394228089632126
2	37	6.347766726103367
2	38	5.189734405812203
2	39	15.789001972344442
2	40	6.04687726295506
2	41	24.73266003192085
2	42	23.799812733788595
2	43	21.43197292602907
3	0	8.336372379321674
3	1	5.122499389946278
3	2	3.051262702822006
3	3	0.0
3	4	14.301058643849316
3	5	10.13462327611956
3	6	9.96577120438815
3	7	8.923011913479883
3	8	6.66701487914774
3	9	5.426540973656746
3	10	11.60657430885843
3	11	10.360846917053193
3	12	18.785045736304966
3	13	15.555308863213195
3	14	15.98664969425458
3	15	28.050494014572607
3	16	24.307200692114538
3	17	23.481139478017482
3	18	20.236300561855888
3	19	17.832234837449132
3	20	16.89502229648589
3	21	19.35541699375201
3	22	18.412127049796627
3	23	13.365709823577873
3	24	12.077141562574482
3	25	19.63993681318911
3	26	24.943041602872675
3	27	13.542898388591443
3	28	25.722889835098744
3	29	10.466939379932217
3	30	13.50570188327259
3	31	6.951376313584326
3	32	10.023303183462179
3	33	15.191658282350524
3	34	16.79935688422611
3	35	15.86626217649943
3	36	17.34296538681012
3	37	3.296504023281361
3	38	2.1384717029901976
3	39	12.737739269522434
3	40	2.995614560133055
3	41	21.681397329098846
3	42	20.74855003096659
3	43	18.380710223207064
4	0	13.778063248467095
4	1	10.564190259091701
4	2	17.35232134667132
4	3	14.301058643849316
4	4	0.0
4	5	4.166435367729755
4	6	6.9103347325356435
4	7	5.867575441627377
4	8	10.202607785415694
4	9	8.9621338799247
4	10	9.437085119034613
4	11	8.191357727229377
4	12	15.259055499215005
4	13	11.728547066153507
4	14	14.3344250183857
4	15	24.223732217512918
4	16	20.480438895054846
4	17	19.654377680957793
4	18	16.409538764796196
4	19	14.005473040389443
4	20	13.0682604994262
4	21	15.528655196692316
4	22	14.585365252736938
4	23	12.039710710064767
4	24	10.751142449061375
4	25	15.81317501612942
4	26	21.116279805812987
4	27	9.716136591531752
4	28	21.896128038039052
4	29	7.2283808610528535
4	30	11.85347720740371
4	31	7.349682330264989
4	32	4.995006796301183
4	33	13.539433606481644
4	34	15.14713220835723
4	35	14.21403750063055
4	36	15.69074071094124
4	37	11.386452103744972
4	38	14.960201366441169
4	39	7.709442882361438
4	40	15.817344223584026
4	41	20.029172653229967
4	42	19.09632535509771
4	43	16.728485547338185
5	0	9.61162788073734
5	1	6.397754891361945
5	2	13.185885978941567
5	3	10.13462327611956
5	4	4.166435367729755
5	5	0.0
5	6	2.7438993648058885
5	7	1.7011400738976223
5	8	6.03617241768594
5	9	4.795698512194945
5	10	5.270649751304857
5	11	4.024922359499621
5	12	11.09262013148525
5	13	7.562111698423751
5	14	10.167989650655946
5	15	20.057296849783164
5	16	16.31400352732509
5	17	15.487942313228036
5	18	12.243103397066442
5	19	9.839037672659687
5	20	8.901825131696445
5	21	11.362219828962562
5	22	10.418929885007183
5	23	7.873275342335012
5	24	6.5847070813316195
5	25	11.646739648399665
5	26	16.94984443808323
5	27	5.549701223801997
5	28	17.729692670309298
5	29	3.0619454933230985
5	30	7.687041839673956
5	31	3.183246962535234
5	32	0.8285714285714287
5	33	9.37299823875189
5	34	10.980696840627475
5	35	10.047602132900796
5	36	11.524305343211486
5	37	7.220016736015217
5	38	10.793765998711415
5	39	3.543007514631684
5	40	11.650908855854272
5	41	15.862737285500215
5	42	14.929889987367957
5	43	12.56205017960843
6	0	9.442775809005928
6	1	6.228902819630534
6	2	13.017033907210156
6	3	9.96577120438815
6	4	6.9103347325356435
6	5	2.7438993648058885
6	6	0.0
6	7	1.0427592909082664
6	8	5.8673203459545284
6	9	4.626846440463534
6	10	6.586943928502688
6	11	5.341216536697452
6	12	13.288830061555625
6	13	9.758321628494128
6	14	11.396418949578743
6	15	22.253506779853538
6	16	18.51021345739547
6	17	17.684152243298414
6	18	14.43931332713682
6	19	12.035247602730063
6	20	11.098035061766822
6	21	13.55842975903294
6	22	12.615139815077558
6	23	8.897847457727021
6	24	7.609279196723629
6	25	13.84294957847004
6	26	19.146054368153607
6	27	7.745911153872374
6	28	19.925902600379676
6	29	4.817000666229097
6	30	8.915471138596754
6	31	3.014394890803823
6	32	3.1442650678720705
6	33	10.601427537674688
6	34	12.209126139550273
6	35	11.276031431823593
6	36	12.752734642134284
6	37	7.051164664283806
6	38	10.624913926980003
6	39	5.858701153932326
6	40	11.482056784122861
6	41	17.09116658442301
6	42	16.158319286290755
6	43	13.790479478531228
7	0	8.400016518097662
7	1	5.186143528722267
7	2	11.974274616301889
7	3	8.923011913479883
7	4	5.867575441627377
7	5	1.7011400738976223
7	6	1.0427592909082664
7	7	0.0
7	8	4.824561055046262
7	9	3.584087149555267
7	10	5.544184637594421
7	11	4.298457245789185
7	12	12.24607077064736
7	13	8.715562337585862
7	14	10.353659658670479
7	15	21.210747488945273
7	16	17.4674541664872
7	17	16.64139295239015
7	18	13.396554036228553
7	19	10.992488311821798
7	20	10.055275770858556
7	21	12.515670468124672
7	22	11.572380524169294
7	23	7.8550881668187555
7	24	6.566519905815363
7	25	12.800190287561776
7	26	18.103295077245342
7	27	6.703151862964107
7	28	18.883143309471407
7	29	3.7742413753208304
7	30	7.872711847688488
7	31	1.9716355998955564
7	32	2.1015057769638044
7	33	9.558668246766423
7	34	11.166366848642006
7	35	10.233272140915327
7	36	11.709975351226017
7	37	6.008405373375539
7	38	9.582154636071735
7	39	4.81594186302406
7	40	10.439297493214593
7	41	16.048407293514742
7	42	15.115559995382487
7	43	12.74772018762296
8	0	7.243392521994795
8	1	4.029519532619401
8	2	9.718277581969748
8	3	6.66701487914774
8	4	10.202607785415694
8	5	6.03617241768594
8	6	5.8673203459545284
8	7	4.824561055046262
8	8	0.0
8	9	1.240473905490995
8	10	7.508123450424809
8	11	6.262396058619572
8	12	14.686594877871345
8	13	11.456858004779575
8	14	11.88819883582096
8	15	23.952043156138984
8	16	20.20874983368092
8	17	19.38268861958386
8	18	16.13784970342227
8	19	13.733783979015511
8	20	12.79657143805227
8	21	15.256966135318386
8	22	14.313676191363006
8	23	9.267258965144254
8	24	7.978690704140861
8	25	15.541485954755489
8	26	20.844590744439053
8	27	9.44444753015782
8	28	21.624438976665125
8	29	6.3684885214985965
8	30	9.40725102483897
8	31	2.8529254551507055
8	32	5.924852325028559
8	33	11.093207423916903
8	34	12.70090602579249
8	35	11.767811318065808
8	36	13.2445145283765
8	37	4.0736591757319305
8	38	7.555535267029772
8	39	8.639288411088815
8	40	8.41267812417263
8	41	17.582946470665224
8	42	16.65009917253297
8	43	14.282259364773441
9	0	6.0029186165038
9	1	2.7890456271284054
9	2	8.477803676478752
9	3	5.426540973656746
9	4	8.9621338799247
9	5	4.795698512194945
9	6	4.626846440463534
9	7	3.584087149555267
9	8	1.240473905490995
9	9	0.0
9	10	6.267649544933814
9	11	5.021922153128578
9	12	13.44612097238035
9	13	10.216384099288579
9	14	10.647724930329964
9	15	22.71156925064799
9	16	18.96827592818992
9	17	18.142214714092866
9	18	14.897375797931272
9	19	12.493310073524516
9	20	11.556097532561274
9	21	14.016492229827392
9	22	13.07320228587201
9	23	8.026785059653259
9	24	6.738216798649866
9	25	14.301012049264493
9	26	19.60411683894806
9	27	8.203973624666826
9	28	20.383965071174128
9	29	5.1280146160076026
9	30	8.166777119347975
9	31	1.6124515496597107
9	32	4.684378419537564
9	33	9.852733518425907
9	34	11.460432120301494
9	35	10.527337412574813
9	36	12.004040622885505
9	37	2.8331852702409352
9	38	6.315061361538778
9	39	7.398814505597819
9	40	7.172204218681634
9	41	16.34247256517423
9	42	15.409625267041974
9	43	13.041785459282448
10	0	11.08357891347621
10	1	7.869705924100815
10	2	14.657837011680435
10	3	11.60657430885843
10	4	9.437085119034613
10	5	5.270649751304857
10	6	6.586943928502688
10	7	5.544184637594421
10	8	7.508123450424809
10	9	6.267649544933814
10	10	0.0
10	11	1.245727391805236
10	12	10.195693724439007
10	13	6.770448577427976
10	14	7.397297682388622
10	15	19.26563372878739
10	16	15.522340406329317
10	17	14.69627919223226
10	18	11.451440276070667
10	19	9.047374551663912
10	20	8.11016201070067
10	21	10.570556707966787
10	22	9.627266764011408
10	23	5.140567522975763
10	24	3.85199926197237
10	25	10.85507652740389
10	26	16.158181317087454
10	27	4.758038102806222
10	28	16.938029549313523
10	29	2.5145047238723524
10	30	4.916349871406632
10	31	4.655197995274103
10	32	4.503371463517058
10	33	6.602306270484566
10	34	8.210004872360152
10	35	7.27691016463347
10	36	8.753613374944162
10	37	8.691967768754086
10	38	12.265717031450283
10	39	7.217807549577314
10	40	13.12285988859314
10	41	13.09204531723289
10	42	12.159198019100632
10	43	9.791358211341105
11	0	9.837851521670972
11	1	6.623978532295578
11	2	13.4121096198752
11	3	10.360846917053193
11	4	8.191357727229377
11	5	4.024922359499621
11	6	5.341216536697452
11	7	4.298457245789185
11	8	6.262396058619572
11	9	5.021922153128578
11	10	1.245727391805236
11	11	0.0
11	12	8.949966332633771
11	13	5.52472118562274
11	14	6.151570290583386
11	15	18.019906336982153
11	16	14.27661301452408
11	17	13.450551800427025
11	18	10.20571288426543
11	19	7.8016471598586765
11	20	6.864434618895434
11	21	9.324829316161551
11	22	8.381539372206172
11	23	3.8948401311705267
11	24	2.606271870167134
11	25	9.609349135598654
11	26	14.912453925282218
11	27	3.512310711000986
11	28	15.692302157508287
11	29	1.2687773320671163
11	30	3.6706224796013958
11	31	3.409470603468867
11	32	3.2576440717118222
11	33	5.35657887867933
11	34	6.964277480554915
11	35	6.031182772828235
11	36	7.507885983138926
11	37	7.44624037694885
11	38	11.019989639645047
11	39	5.972080157772078
11	40	11.877132496787905
11	41	11.846317925427654
11	42	10.913470627295396
11	43	8.54563081953587
12	0	18.262050340922745
12	1	15.04817735154735
12	2	21.836308439126974
12	3	18.785045736304966
12	4	15.259055499215005
12	5	11.09262013148525
12	6	13.288830061555625
12	7	12.24607077064736
12	8	14.686594877871345
12	9	13.44612097238035
12	10	10.195693724439007
12	11	8.949966332633771
12	12	0.0
12	13	3.5305084330614984
12	14	2.798396042050386
12	15	16.306802477362577
12	16	12.563509154904505
12	17	12.335041952493368
12	18	9.090203036331774
12	19	7.3047933368376325
12	20	6.367580795874391
12	21	8.128373368359501
12	22	7.185083424404121
12	23	8.053626399750053
12	24	6.76505813874666
12	25	8.13086334394853
12	26	13.432064690869185
12	27	5.542918907683252
12	28	14.211912923095253
12	29	8.629162248572573
12	30	5.279343853032376
12	31	11.83366942272064
12	32	10.318366317003521
12	33	4.718004845735052
12	34	5.582754686554447
12	35	6.599362621589794
12	36	6.126363189138457
12	37	15.870439196200621
12	38	19.444188458896818
12	39	13.032802403063776
12	40	20.301331316039676
12	41	12.414497774189213
12	42	11.481650476056956
12	43	9.113810668297429
13	0	15.032313467830974
13	1	11.81844047845558
13	2	18.6065715660352
13	3	15.555308863213195
13	4	11.728547066153507
13	5	7.562111698423751
13	6	9.758321628494128
13	7	8.715562337585862
13	8	11.456858004779575
13	9	10.216384099288579
13	10	6.770448577427976
13	11	5.52472118562274
13	12	3.5305084330614984
13	13	0.0
13	14	4.807646969958911
13	15	12.776294044301077
13	16	9.033000721843006
13	17	8.80453351943187
13	18	5.559694603270275
13	19	3.7742849037761346
13	20	2.8370723628128927
13	21	4.597864935298003
13	22	3.6545749913426233
13	23	8.001043867609805
13	24	6.712475606606413
13	25	4.600354910887032
13	26	9.901556257807686
13	27	2.012410474621754
13	28	10.681404490033755
13	29	5.098653815511074
13	30	6.6318900813236485
13	31	8.603932549628869
13	32	6.7878578839420225
13	33	6.727255773643576
13	34	7.5920056144629715
13	35	8.608613549498319
13	36	8.135614117046982
13	37	12.640702323108851
13	38	16.214451585805048
13	39	9.502293970002277
13	40	17.071594442947905
13	41	14.423748702097738
13	42	13.49090140396548
13	43	11.123061596205954
14	0	15.46365429887236
14	1	12.249781309496965
14	2	19.03791239707659
14	3	15.98664969425458
14	4	14.3344250183857
14	5	10.167989650655946
14	6	11.396418949578743
14	7	10.353659658670479
14	8	11.88819883582096
14	9	10.647724930329964
14	10	7.397297682388622
14	11	6.151570290583386
14	12	2.798396042050386
14	13	4.807646969958911
14	14	0.0
14	15	17.583941014259988
14	16	13.840647691801916
14	17	13.61218048939078
14	18	10.367341573229186
14	19	8.581931873735046
14	20	7.644719332771803
14	21	9.405511905256914
14	22	8.462221961301534
14	23	5.255230357699667
14	24	3.9666620966962745
14	25	9.408001880845942
14	26	14.709203227766597
14	27	6.820057444580664
14	28	15.489051459992666
14	29	7.197657144699249
14	30	2.48094781098199
14	31	9.035273380670255
14	32	9.381110482829602
14	33	1.919608803684666
14	34	2.7843586445040605
14	35	3.8009665795394074
14	36	3.3279671470880716
14	37	13.072043154150236
14	38	16.645792416846433
14	39	12.095546568889857
14	40	17.50293527398929
14	41	9.616101732138825
14	42	8.683254434006567
14	43	6.315414626247041
15	0	27.527498619190386
15	1	24.313625629814993
15	2	31.101756717394615
15	3	28.050494014572607
15	4	24.223732217512918
15	5	20.057296849783164
15	6	22.253506779853538
15	7	21.210747488945273
15	8	23.952043156138984
15	9	22.71156925064799
15	10	19.26563372878739
15	11	18.019906336982153
15	12	16.306802477362577
15	13	12.776294044301077
15	14	17.583941014259988
15	15	0.0
15	16	3.743293322458071
15	17	12.052694995498817
15	18	8.807856079337222
15	19	12.709128130672653
15	20	11.77191558970941
15	21	10.873402699197758
15	22	9.930112755242378
15	23	20.496229018969217
15	24	19.207660757965826
15	25	8.525317486140308
15	26	5.881765025448269
15	27	14.507595625981166
15	28	6.661613257674338
15	29	17.593838966870486
15	30	19.12707523268306
15	31	21.09911770098828
15	32	19.283043035301436
15	33	19.503549817944652
15	34	20.368299658764048
15	35	21.384907593799397
15	36	20.91190816134806
15	37	25.135887474468262
15	38	28.70963673716446
15	39	21.997479121361692
15	40	29.566779594307317
15	41	27.200042746398815
15	42	26.26719544826656
15	43	23.899355640507032
16	0	23.784205296732317
16	1	20.570332307356924
16	2	27.358463394936543
16	3	24.307200692114538
16	4	20.480438895054846
16	5	16.31400352732509
16	6	18.51021345739547
16	7	17.4674541664872
16	8	20.20874983368092
16	9	18.96827592818992
16	10	15.522340406329317
16	11	14.27661301452408
16	12	12.563509154904505
16	13	9.033000721843006
16	14	13.840647691801916
16	15	3.743293322458071
16	16	0.0
16	17	8.309401673040744
16	18	5.064562756879151
16	19	8.965834808214582
16	20	8.02862226725134
16	21	7.130109376739687
16	22	6.186819432784307
16	23	16.752935696511145
16	24	15.464367435507754
16	25	4.782024163682237
16	26	2.138471702990198
16	27	10.764302303523095
16	28	2.9183199352162665
16	29	13.850545644412415
16	30	15.38378191022499
16	31	17.35582437853021
16	32	15.539749712843363
16	33	15.760256495486582
16	34	16.625006336305976
16	35	17.641614271341325
16	36	17.168614838889987
16	37	21.392594152010194
16	38	24.96634341470639
16	39	18.25418579890362
16	40	25.823486271849248
16	41	23.456749423940742
16	42	22.523902125808487
16	43	20.15606231804896
17	0	22.95814408263526
17	1	19.74427109325987
17	2	26.53240218083949
17	3	23.481139478017482
17	4	19.654377680957793
17	5	15.487942313228036
17	6	17.684152243298414
17	7	16.64139295239015
17	8	19.38268861958386
17	9	18.142214714092866
17	10	14.69627919223226
17	11	13.450551800427025
17	12	12.335041952493368
17	13	8.80453351943187
17	14	13.61218048939078
17	15	12.052694995498817
17	16	8.309401673040744
17	17	0.0
17	18	3.244838916161594
17	19	7.610741931248583
17	20	6.673529390285341
17	21	6.094080869277875
17	22	5.150790925322496
17	23	15.92687448241409
17	24	14.638306221410698
17	25	4.817046515269891
17	26	8.18571382835672
17	27	9.93824108942604
17	28	8.965562060582789
17	29	13.02448443031536
17	30	14.557720696127934
17	31	16.529763164433156
17	32	14.713688498746308
17	33	15.531789293075446
17	34	16.39653913389484
17	35	16.918280989354773
17	36	16.94014763647885
17	37	20.566532937913138
17	38	24.140282200609334
17	39	17.428124584806564
17	40	24.997425057752192
17	41	22.73341614195419
17	42	21.800568843821935
17	43	19.43272903606241
18	0	19.713305166473667
18	1	16.499432177098274
18	2	23.287563264677893
18	3	20.236300561855888
18	4	16.409538764796196
18	5	12.243103397066442
18	6	14.43931332713682
18	7	13.396554036228553
18	8	16.13784970342227
18	9	14.897375797931272
18	10	11.451440276070667
18	11	10.20571288426543
18	12	9.090203036331774
18	13	5.559694603270275
18	14	10.367341573229186
18	15	8.807856079337222
18	16	5.064562756879151
18	17	3.244838916161594
18	18	0.0
18	19	4.36590301508699
18	20	3.4286904741237474
18	21	2.849241953116282
18	22	1.9059520091609021
18	23	12.682035566252496
18	24	11.393467305249104
18	25	1.572207599108297
18	26	4.940874912195126
18	27	6.693402173264445
18	28	5.720723144421195
18	29	9.779645514153765
18	30	11.31288177996634
18	31	13.284924248271562
18	32	11.468849582584713
18	33	12.286950376913852
18	34	13.151700217733246
18	35	13.67344207319318
18	36	13.695308720317257
18	37	17.321694021751544
18	38	20.89544328444774
18	39	14.183285668644968
18	40	21.752586141590598
18	41	19.488577225792596
18	42	18.55572992766034
18	43	16.187890119900814
19	0	17.30923944206691
19	1	14.095366452691517
19	2	20.883497540271136
19	3	17.832234837449132
19	4	14.005473040389443
19	5	9.839037672659687
19	6	12.035247602730063
19	7	10.992488311821798
19	8	13.733783979015511
19	9	12.493310073524516
19	10	9.047374551663912
19	11	7.8016471598586765
19	12	7.3047933368376325
19	13	3.7742849037761346
19	14	8.581931873735046
19	15	12.709128130672653
19	16	8.965834808214582
19	17	7.610741931248583
19	18	4.36590301508699
19	19	0.0
19	20	0.937212540963242
19	21	3.7226396643260364
19	22	2.7793497203706563
19	23	10.277969841845742
19	24	8.989401580842348
19	25	4.195483022462936
19	26	9.244769955996956
19	27	4.28933644885769
19	28	10.024618188223025
19	29	7.37557978974701
19	30	8.908816055559585
19	31	10.880858523864806
19	32	9.06478385817796
19	33	10.501540677419712
19	34	11.366290518239106
19	35	11.269376348786423
19	36	11.909899020823117
19	37	14.917628297344788
19	38	18.491377560040984
19	39	11.779219944238214
19	40	19.348520417183842
19	41	17.08451150138584
19	42	16.151664203253585
19	43	13.783824395494058
20	0	16.37202690110367
20	1	13.158153911728276
20	2	19.9462849993079
20	3	16.89502229648589
20	4	13.0682604994262
20	5	8.901825131696445
20	6	11.098035061766822
20	7	10.055275770858556
20	8	12.79657143805227
20	9	11.556097532561274
20	10	8.11016201070067
20	11	6.864434618895434
20	12	6.367580795874391
20	13	2.8370723628128927
20	14	7.644719332771803
20	15	11.77191558970941
20	16	8.02862226725134
20	17	6.673529390285341
20	18	3.4286904741237474
20	19	0.937212540963242
20	20	0.0
20	21	2.7854271233627945
20	22	1.8421371794074144
20	23	9.3407573008825
20	24	8.052189039879107
20	25	3.258270481499694
20	26	8.307557415033713
20	27	3.3521239078944483
20	28	9.087405647259782
20	29	6.438367248783768
20	30	7.971603514596343
20	31	9.943645982901565
20	32	8.127571317214716
20	33	9.564328136456469
20	34	10.429077977275863
20	35	10.332163807823182
20	36	10.972686479859874
20	37	13.980415756381547
20	38	17.554165019077743
20	39	10.842007403274971
20	40	18.4113078762206
20	41	16.1472989604226
20	42	15.214451662290344
20	43	12.846611854530817
21	0	18.832421598369784
21	1	15.618548608994391
21	2	22.406679696574013
21	3	19.35541699375201
21	4	15.528655196692316
21	5	11.362219828962562
21	6	13.55842975903294
21	7	12.515670468124672
21	8	15.256966135318386
21	9	14.016492229827392
21	10	10.570556707966787
21	11	9.324829316161551
21	12	8.128373368359501
21	13	4.597864935298003
21	14	9.405511905256914
21	15	10.873402699197758
21	16	7.130109376739687
21	17	6.094080869277875
21	18	2.849241953116282
21	19	3.7226396643260364
21	20	2.7854271233627945
21	21	0.0
21	22	0.94328994395538
21	23	11.801151998148615
21	24	10.512583737145224
21	25	2.364413385720624
21	26	7.498362757573601
21	27	5.812518605160565
21	28	8.27821098979967
21	29	8.898761946049884
21	30	10.43199821186246
21	31	12.40404068016768
21	32	10.587966014480834
21	33	11.32512070894158
21	34	12.189870549760974
21	35	12.7925585050893
21	36	12.733479052344984
21	37	16.440810453647664
21	38	20.01455971634386
21	39	13.302402100541089
21	40	20.87170257348672
21	41	18.607693657688717
21	42	17.67484635955646
21	43	15.307006551796935
22	0	17.889131654414406
22	1	14.675258665039012
22	2	21.46338975261863
22	3	18.412127049796627
22	4	14.585365252736938
22	5	10.418929885007183
22	6	12.615139815077558
22	7	11.572380524169294
22	8	14.313676191363006
22	9	13.07320228587201
22	10	9.627266764011408
22	11	8.381539372206172
22	12	7.185083424404121
22	13	3.6545749913426233
22	14	8.462221961301534
22	15	9.930112755242378
22	16	6.186819432784307
22	17	5.150790925322496
22	18	1.9059520091609021
22	19	2.7793497203706563
22	20	1.8421371794074144
22	21	0.94328994395538
22	22	0.0
22	23	10.857862054193237
22	24	9.569293793189843
22	25	1.421123441765244
22	26	6.555072813618222
22	27	4.869228661205185
22	28	7.33492104584429
22	29	7.955472002094505
22	30	9.48870826790708
22	31	11.460750736212301
22	32	9.644676070525454
22	33	10.3818307649862
22	34	11.246580605805594
22	35	11.849268561133918
22	36	11.790189108389605
22	37	15.497520509692283
22	38	19.07126977238848
22	39	12.35911215658571
22	40	19.928412629531337
22	41	17.664403713733336
22	42	16.73155641560108
22	43	14.363716607841553
23	0	12.842714428195652
23	1	9.62884143882026
23	2	16.41697252639988
23	3	13.365709823577873
23	4	12.039710710064767
23	5	7.873275342335012
23	6	8.897847457727021
23	7	7.8550881668187555
23	8	9.267258965144254
23	9	8.026785059653259
23	10	5.140567522975763
23	11	3.8948401311705267
23	12	8.053626399750053
23	13	8.001043867609805
23	14	5.255230357699667
23	15	20.496229018969217
23	16	16.752935696511145
23	17	15.92687448241409
23	18	12.682035566252496
23	19	10.277969841845742
23	20	9.3407573008825
23	21	11.801151998148615
23	22	10.857862054193237
23	23	0.0
23	24	1.2885682610033928
23	25	12.08567181758572
23	26	17.388776607269286
23	27	5.988633392988051
23	28	18.16862483949535
23	29	5.109562895911953
23	30	2.7742825467176773
23	31	6.414333509993548
23	32	7.134829930669238
23	33	4.460238945795611
23	34	6.067937547671196
23	35	5.1348428399445165
23	36	6.611546050255207
23	37	10.45110328347353
23	38	14.024852546169727
23	39	9.849266016729494
23	40	14.881995403312585
23	41	10.949977992543934
23	42	10.017130694411676
23	43	7.6492908866521505
24	0	11.554146167192261
24	1	8.340273177816867
24	2	15.128404265396487
24	3	12.077141562574482
24	4	10.751142449061375
24	5	6.5847070813316195
24	6	7.609279196723629
24	7	6.566519905815363
24	8	7.978690704140861
24	9	6.738216798649866
24	10	3.85199926197237
24	11	2.606271870167134
24	12	6.76505813874666
24	13	6.712475606606413
24	14	3.9666620966962745
24	15	19.207660757965826
24	16	15.464367435507754
24	17	14.638306221410698
24	18	11.393467305249104
24	19	8.989401580842348
24	20	8.052189039879107
24	21	10.512583737145224
24	22	9.569293793189843
24	23	1.2885682610033928
24	24	0.0
24	25	10.797103556582325
24	26	16.10020834626589
24	27	4.700065131984658
24	28	16.88005657849196
24	29	3.8209946349085606
24	30	1.4857142857142844
24	31	5.125765248990155
24	32	5.846261669665846
24	33	3.1716706847922187
24	34	4.779369286667803
24	35	3.8462745789411232
24	36	5.322977789251814
24	37	9.162535022470138
24	38	12.736284285166334
24	39	8.560697755726101
24	40	13.593427142309192
24	41	9.661409731540541
24	42	8.728562433408284
24	43	6.360722625648757
25	0	19.11694141780689
25	1	15.903068428431494
25	2	22.691199516011118
25	3	19.63993681318911
25	4	15.81317501612942
25	5	11.646739648399665
25	6	13.84294957847004
25	7	12.800190287561776
25	8	15.541485954755489
25	9	14.301012049264493
25	10	10.85507652740389
25	11	9.609349135598654
25	12	8.13086334394853
25	13	4.600354910887032
25	14	9.408001880845942
25	15	8.525317486140308
25	16	4.782024163682237
25	17	4.817046515269891
25	18	1.572207599108297
25	19	4.195483022462936
25	20	3.258270481499694
25	21	2.364413385720624
25	22	1.421123441765244
25	23	12.08567181758572
25	24	10.797103556582325
25	25	0.0
25	26	5.32357099729733
25	27	6.097038424597668
25	28	6.103419229523398
25	29	9.183281765486988
25	30	10.716518031299563
25	31	12.688560499604783
25	32	10.872485833917937
25	33	11.327610684530608
25	34	12.192360525350002
25	35	13.0770783245264
25	36	12.735969027934013
25	37	16.725330273084765
25	38	20.29907953578096
25	39	13.586921919978192
25	40	21.15622239292382
25	41	18.892213477125818
25	42	17.959366178993562
25	43	15.591526371234036
26	0	24.420046207490454
26	1	21.20617321811506
26	2	27.994304305694683
26	3	24.943041602872675
26	4	21.116279805812987
26	5	16.94984443808323
26	6	19.146054368153607
26	7	18.103295077245342
26	8	20.844590744439053
26	9	19.60411683894806
26	10	16.158181317087454
26	11	14.912453925282218
26	12	13.432064690869185
26	13	9.901556257807686
26	14	14.709203227766597
26	15	5.881765025448269
26	16	2.138471702990198
26	17	8.18571382835672
26	18	4.940874912195126
26	19	9.244769955996956
26	20	8.307557415033713
26	21	7.498362757573601
26	22	6.555072813618222
26	23	17.388776607269286
26	24	16.10020834626589
26	25	5.32357099729733
26	26	0.0
26	27	11.400143214281233
26	28	0.7798482322260685
26	29	14.486386555170553
26	30	16.019622820983127
26	31	17.99166528928835
26	32	16.1755906236015
26	33	16.628812031451265
26	34	17.493561872270657
26	35	18.380183114209967
26	36	18.037170374854668
26	37	22.02843506276833
26	38	25.602184325464528
26	39	18.890026709661758
26	40	26.459327182607385
26	41	24.195318266809384
26	42	23.26247096867713
26	43	20.8946311609176
27	0	13.019902993209222
27	1	9.806030003833827
27	2	16.594161091413447
27	3	13.542898388591443
27	4	9.716136591531752
27	5	5.549701223801997
27	6	7.745911153872374
27	7	6.703151862964107
27	8	9.44444753015782
27	9	8.203973624666826
27	10	4.758038102806222
27	11	3.512310711000986
27	12	5.542918907683252
27	13	2.012410474621754
27	14	6.820057444580664
27	15	14.507595625981166
27	16	10.764302303523095
27	17	9.93824108942604
27	18	6.693402173264445
27	19	4.28933644885769
27	20	3.3521239078944483
27	21	5.812518605160565
27	22	4.869228661205185
27	23	5.988633392988051
27	24	4.700065131984658
27	25	6.097038424597668
27	26	11.400143214281233
27	27	0.0
27	28	12.179991446507302
27	29	3.08624334088932
27	30	4.619479606701895
27	31	6.5915220750071155
27	32	4.775447409320269
27	33	6.305436005779829
27	34	7.913134607655414
27	35	6.980039899928734
27	36	8.456743110239426
27	37	10.628291848487098
27	38	14.202041111183295
27	39	7.489883495380525
27	40	15.059183968326153
27	41	12.795175052528153
27	42	11.862327754395896
27	43	9.494487946636369
28	0	25.199894439716523
28	1	21.98602145034113
28	2	28.77415253792075
28	3	25.722889835098744
28	4	21.896128038039052
28	5	17.729692670309298
28	6	19.925902600379676
28	7	18.883143309471407
28	8	21.624438976665125
28	9	20.383965071174128
28	10	16.938029549313523
28	11	15.692302157508287
28	12	14.211912923095253
28	13	10.681404490033755
28	14	15.489051459992666
28	15	6.661613257674338
28	16	2.9183199352162665
28	17	8.965562060582789
28	18	5.720723144421195
28	19	10.024618188223025
28	20	9.087405647259782
28	21	8.27821098979967
28	22	7.33492104584429
28	23	18.16862483949535
28	24	16.88005657849196
28	25	6.103419229523398
28	26	0.7798482322260685
28	27	12.179991446507302
28	28	0.0
28	29	15.266234787396622
28	30	16.799471053209196
28	31	18.771513521514418
28	32	16.95543885582757
28	33	17.408660263677334
28	34	18.273410104496726
28	35	19.160031346436035
28	36	18.817018607080737
28	37	22.8082832949944
28	38	26.382032557690597
28	39	19.669874941887826
28	40	27.239175414833454
28	41	24.975166499035453
28	42	24.042319200903197
28	43	21.67447939314367
29	0	9.943943984549996
29	1	6.730070995174603
29	2	13.518202082754224
29	3	10.466939379932217
29	4	7.2283808610528535
29	5	3.0619454933230985
29	6	4.817000666229097
29	7	3.7742413753208304
29	8	6.3684885214985965
29	9	5.1280146160076026
29	10	2.5145047238723524
29	11	1.2687773320671163
29	12	8.629162248572573
29	13	5.098653815511074
29	14	7.197657144699249
29	15	17.593838966870486
29	16	13.850545644412415
29	17	13.02448443031536
29	18	9.779645514153765
29	19	7.37557978974701
29	20	6.438367248783768
29	21	8.898761946049884
29	22	7.955472002094505
29	23	5.109562895911953
29	24	3.8209946349085606
29	25	9.183281765486988
29	26	14.486386555170553
29	27	3.08624334088932
29	28	15.266234787396622
29	29	0.0
29	30	4.716709333717259
29	31	3.5155630663478914
29	32	2.2402623753043036
29	33	6.402665732795193
29	34	8.01036433467078
29	35	7.077269626944098
29	36	8.55397283725479
29	37	7.552332839827875
29	38	11.126082102524071
29	39	4.9546984613645595
29	40	11.983224959666929
29	41	12.892404779543517
29	42	11.95955748141126
29	43	9.591717673651733
30	0	12.982706487890368
30	1	9.768833498514976
30	2	16.556964586094598
30	3	13.50570188327259
30	4	11.85347720740371
30	5	7.687041839673956
30	6	8.915471138596754
30	7	7.872711847688488
30	8	9.40725102483897
30	9	8.166777119347975
30	10	4.916349871406632
30	11	3.6706224796013958
30	12	5.279343853032376
30	13	6.6318900813236485
30	14	2.48094781098199
30	15	19.12707523268306
30	16	15.38378191022499
30	17	14.557720696127934
30	18	11.31288177996634
30	19	8.908816055559585
30	20	7.971603514596343
30	21	10.43199821186246
30	22	9.48870826790708
30	23	2.7742825467176773
30	24	1.4857142857142844
30	25	10.716518031299563
30	26	16.019622820983127
30	27	4.619479606701895
30	28	16.799471053209196
30	29	4.716709333717259
30	30	0.0
30	31	6.554325569688264
30	32	6.900162671847612
30	33	1.6859563990779343
30	34	3.2936550009535193
30	35	2.360560293226839
30	36	3.83726350353753
30	37	10.591095343168247
30	38	14.164844605864443
30	39	9.614598757907867
30	40	15.021987463007301
30	41	8.175695445826257
30	42	7.242848147694
30	43	4.875008339934473
31	0	6.428380918202105
31	1	3.2145079288267113
31	2	10.002639016406333
31	3	6.951376313584326
31	4	7.349682330264989
31	5	3.183246962535234
31	6	3.014394890803823
31	7	1.9716355998955564
31	8	2.8529254551507055
31	9	1.6124515496597107
31	10	4.655197995274103
31	11	3.409470603468867
31	12	11.83366942272064
31	13	8.603932549628869
31	14	9.035273380670255
31	15	21.09911770098828
31	16	17.35582437853021
31	17	16.529763164433156
31	18	13.284924248271562
31	19	10.880858523864806
31	20	9.943645982901565
31	21	12.40404068016768
31	22	11.460750736212301
31	23	6.414333509993548
31	24	5.125765248990155
31	25	12.688560499604783
31	26	17.99166528928835
31	27	6.5915220750071155
31	28	18.771513521514418
31	29	3.5155630663478914
31	30	6.554325569688264
31	31	0.0
31	32	3.0719268698778537
31	33	8.240281968766197
31	34	9.847980570641784
31	35	8.914885862915103
31	36	10.391589073225795
31	37	4.036769773479983
31	38	7.610519036176179
31	39	5.78636295593811
31	40	8.467661893319036
31	41	14.730021015514522
31	42	13.797173717382265
31	43	11.429333909622738
32	0	9.500307788079958
32	1	6.2864347987045655
32	2	13.074565886284187
32	3	10.023303183462179
32	4	4.995006796301183
32	5	0.8285714285714287
32	6	3.1442650678720705
32	7	2.1015057769638044
32	8	5.924852325028559
32	9	4.684378419537564
32	10	4.503371463517058
32	11	3.2576440717118222
32	12	10.318366317003521
32	13	6.7878578839420225
32	14	9.381110482829602
32	15	19.283043035301436
32	16	15.539749712843363
32	17	14.713688498746308
32	18	11.468849582584713
32	19	9.06478385817796
32	20	8.127571317214716
32	21	10.587966014480834
32	22	9.644676070525454
32	23	7.134829930669238
32	24	5.846261669665846
32	25	10.872485833917937
32	26	16.1755906236015
32	27	4.775447409320269
32	28	16.95543885582757
32	29	2.2402623753043036
32	30	6.900162671847612
32	31	3.0719268698778537
32	32	0.0
32	33	8.586119070925546
32	34	10.193817672801131
32	35	9.26072296507445
32	36	10.737426175385142
32	37	7.1086966433578365
32	38	10.682445906054033
32	39	2.7144360860602554
32	40	11.53958876319689
32	41	15.075858117673869
32	42	14.143010819541612
32	43	11.775171011782085
33	0	14.668662886968303
33	1	11.454789897592908
33	2	18.242920985172532
33	3	15.191658282350524
33	4	13.539433606481644
33	5	9.37299823875189
33	6	10.601427537674688
33	7	9.558668246766423
33	8	11.093207423916903
33	9	9.852733518425907
33	10	6.602306270484566
33	11	5.35657887867933
33	12	4.718004845735052
33	13	6.727255773643576
33	14	1.919608803684666
33	15	19.503549817944652
33	16	15.760256495486582
33	17	15.531789293075446
33	18	12.286950376913852
33	19	10.501540677419712
33	20	9.564328136456469
33	21	11.32512070894158
33	22	10.3818307649862
33	23	4.460238945795611
33	24	3.1716706847922187
33	25	11.327610684530608
33	26	16.628812031451265
33	27	6.305436005779829
33	28	17.408660263677334
33	29	6.402665732795193
33	30	1.6859563990779343
33	31	8.240281968766197
33	32	8.586119070925546
33	33	0.0
33	34	1.6205315328556849
33	35	1.8995165872679598
33	36	2.164140035439696
33	37	12.27705174224618
33	38	15.850801004942376
33	39	11.300555156985801
33	40	16.707943862085234
33	41	7.714651739867377
33	42	6.781804441735121
33	43	4.413964633975594
34	0	16.27636148884389
34	1	13.062488499468495
34	2	19.850619587048115
34	3	16.79935688422611
34	4	15.14713220835723
34	5	10.980696840627475
34	6	12.209126139550273
34	7	11.166366848642006
34	8	12.70090602579249
34	9	11.460432120301494
34	10	8.210004872360152
34	11	6.964277480554915
34	12	5.582754686554447
34	13	7.5920056144629715
34	14	2.7843586445040605
34	15	20.368299658764048
34	16	16.625006336305976
34	17	16.39653913389484
34	18	13.151700217733246
34	19	11.366290518239106
34	20	10.429077977275863
34	21	12.189870549760974
34	22	11.246580605805594
34	23	6.067937547671196
34	24	4.779369286667803
34	25	12.192360525350002
34	26	17.493561872270657
34	27	7.913134607655414
34	28	18.273410104496726
34	29	8.01036433467078
34	30	3.2936550009535193
34	31	9.847980570641784
34	32	10.193817672801131
34	33	1.6205315328556849
34	34	0.0
34	35	2.4486564412646663
34	36	0.5436085025840109
34	37	13.884750344121766
34	38	17.458499606817963
34	39	12.908253758861386
34	40	18.31564246396082
34	41	8.263791593864084
34	42	7.330944295731827
34	43	4.9631044879723
35	0	15.343266781117208
35	1	12.129393791741814
35	2	18.917524879321434
35	3	15.86626217649943
35	4	14.21403750063055
35	5	10.047602132900796
35	6	11.276031431823593
35	7	10.233272140915327
35	8	11.767811318065808
35	9	10.527337412574813
35	10	7.27691016463347
35	11	6.031182772828235
35	12	6.599362621589794
35	13	8.608613549498319
35	14	3.8009665795394074
35	15	21.384907593799397
35	16	17.641614271341325
35	17	16.918280989354773
35	18	13.67344207319318
35	19	11.269376348786423
35	20	10.332163807823182
35	21	12.7925585050893
35	22	11.849268561133918
35	23	5.1348428399445165
35	24	3.8462745789411232
35	25	13.0770783245264
35	26	18.380183114209967
35	27	6.980039899928734
35	28	19.160031346436035
35	29	7.077269626944098
35	30	2.360560293226839
35	31	8.914885862915103
35	32	9.26072296507445
35	33	1.8995165872679598
35	34	2.4486564412646663
35	35	0.0
35	36	2.992264943848677
35	37	12.951655636395085
35	38	16.52540489909128
35	39	11.975159051134705
35	40	17.38254775623414
35	41	5.815135152599417
35	42	4.882287854467161
35	43	2.514448046707634
36	0	16.8199699914279
36	1	13.606097002052506
36	2	20.394228089632126
36	3	17.34296538681012
36	4	15.69074071094124
36	5	11.524305343211486
36	6	12.752734642134284
36	7	11.709975351226017
36	8	13.2445145283765
36	9	12.004040622885505
36	10	8.753613374944162
36	11	7.507885983138926
36	12	6.126363189138457
36	13	8.135614117046982
36	14	3.3279671470880716
36	15	20.91190816134806
36	16	17.168614838889987
36	17	16.94014763647885
36	18	13.695308720317257
36	19	11.909899020823117
36	20	10.972686479859874
36	21	12.733479052344984
36	22	11.790189108389605
36	23	6.611546050255207
36	24	5.322977789251814
36	25	12.735969027934013
36	26	18.037170374854668
36	27	8.456743110239426
36	28	18.817018607080737
36	29	8.55397283725479
36	30	3.83726350353753
36	31	10.391589073225795
36	32	10.737426175385142
36	33	2.164140035439696
36	34	0.5436085025840109
36	35	2.992264943848677
36	36	0.0
36	37	14.428358846705777
36	38	18.002108109401973
36	39	13.451862261445397
36	40	18.85925096654483
36	41	8.807400096448095
36	42	7.874552798315838
36	43	5.506712990556311
37	0	5.0743096289296465
37	1	1.8604366395542524
37	2	6.347766726103367
37	3	3.296504023281361
37	4	11.386452103744972
37	5	7.220016736015217
37	6	7.051164664283806
37	7	6.008405373375539
37	8	4.0736591757319305
37	9	2.8331852702409352
37	10	8.691967768754086
37	11	7.44624037694885
37	12	15.870439196200621
37	13	12.640702323108851
37	14	13.072043154150236
37	15	25.135887474468262
37	16	21.392594152010194
37	17	20.566532937913138
37	18	17.321694021751544
37	19	14.917628297344788
37	20	13.980415756381547
37	21	16.440810453647664
37	22	15.497520509692283
37	23	10.45110328347353
37	24	9.162535022470138
37	25	16.725330273084765
37	26	22.02843506276833
37	27	10.628291848487098
37	28	22.8082832949944
37	29	7.552332839827875
37	30	10.591095343168247
37	31	4.036769773479983
37	32	7.1086966433578365
37	33	12.27705174224618
37	34	13.884750344121766
37	35	12.951655636395085
37	36	14.428358846705777
37	37	0.0
37	38	3.574284572341944
37	39	9.823132729418091
37	40	4.431427429484801
37	41	18.766790788994502
37	42	17.833943490862247
37	43	15.46610368310272
38	0	8.196291056530976
38	1	4.9824180671555816
38	2	5.189734405812203
38	3	2.1384717029901976
38	4	14.960201366441169
38	5	10.793765998711415
38	6	10.624913926980003
38	7	9.582154636071735
38	8	7.555535267029772
38	9	6.315061361538778
38	10	12.265717031450283
38	11	11.019989639645047
38	12	19.444188458896818
38	13	16.214451585805048
38	14	16.645792416846433
38	15	28.70963673716446
38	16	24.96634341470639
38	17	24.140282200609334
38	18	20.89544328444774
38	19	18.491377560040984
38	20	17.554165019077743
