VERTICES = 44
;

DISTANCE_MATRIX = 
0	0	0.0
0	1	3.1817342594816407
0	2	11.307855591482683
0	3	8.287105515688898
0	4	15.933648130676955
0	5	11.808877116624497
0	6	10.550065957480825
0	7	9.51773425948164
0	8	8.171803425917725
0	9	6.943734259481639
0	10	12.84414723451168
0	11	11.610877116624497
0	12	20.36901166566308
0	13	16.873808316932195
0	14	19.138541078403286
0	15	28.549654954277074
0	16	24.843794565043588
0	17	24.878466693115357
0	18	21.66607616611538
0	19	19.215934446771513
0	20	18.28809403121791
0	21	20.155379647162306
0	22	19.22152260264648
0	23	15.969702552160713
0	24	14.694019973767356
0	25	20.10959064299817
0	26	25.37992593032253
0	27	14.073522602646479
0	28	26.151975680226336
0	29	11.018141695166054
0	30	15.687683935546142
0	31	7.53773425948164
0	32	11.837162830910211
0	33	17.356780770633296
0	34	18.961106988160424
0	35	18.968826792689
0	36	19.499279405718596
0	37	5.02356653264035
0	38	8.562108259258874
0	39	14.524454556109866
0	40	9.410679687830303
0	41	24.93943484949581
0	42	24.015916024344875
0	43	21.45813035892956
1	0	3.1817342594816407
1	1	0.0
1	2	8.126121332001043
1	3	5.105371256207257
1	4	12.751913871195313
1	5	8.627142857142855
1	6	7.368331697999183
1	7	6.335999999999999
1	8	4.990069166436085
1	9	3.7619999999999987
1	10	9.66241297503004
1	11	8.429142857142857
1	12	17.187277406181437
1	13	13.692074057450554
1	14	15.956806818921642
1	15	25.367920694795433
1	16	21.662060305561944
1	17	21.696732433633716
1	18	18.48434190663374
1	19	16.034200187289873
1	20	15.106359771736265
1	21	16.973645387680662
1	22	16.039788343164837
1	23	12.787968292679071
1	24	11.512285714285714
1	25	16.927856383516527
1	26	22.198191670840885
1	27	10.891788343164837
1	28	22.970241420744692
1	29	7.8364074356844124
1	30	12.5059496760645
1	31	4.355999999999999
1	32	8.655428571428569
1	33	14.175046511151656
1	34	15.779372728678783
1	35	15.787092533207357
1	36	16.317545146236956
1	37	1.8418322731587096
1	38	5.380373999777234
1	39	11.342720296628222
1	40	6.228945428348663
1	41	21.757700590014167
1	42	20.83418176486323
1	43	18.276396099447915
2	0	11.307855591482683
2	1	8.126121332001043
2	2	0.0
2	3	3.0207500757937855
2	4	18.676605005782832
2	5	14.551833991730373
2	6	13.2930228325867
2	7	12.260691134587518
2	8	10.317211642816945
2	9	9.089142476380859
2	10	15.587104109617556
2	11	14.353833991730372
2	12	23.111968540768956
2	13	19.61676519203807
2	14	21.88149795350916
2	15	31.292611829382952
2	16	27.586751440149463
2	17	27.621423568221235
2	18	24.40903304122126
2	19	21.958891321877392
2	20	21.031050906323784
2	21	22.89833652226818
2	22	21.964479477752356
2	23	18.71265942726659
2	24	17.436976848873233
2	25	22.852547518104046
2	26	28.122882805428404
2	27	16.816479477752356
2	28	28.89493255533221
2	29	13.76109857027193
2	30	18.43064081065202
2	31	10.280691134587517
2	32	14.580119706016088
2	33	20.09973764573917
2	34	21.7040638632663
2	35	21.711783667794876
2	36	22.24223628082447
2	37	6.284289058842333
2	38	5.792750075793785
2	39	17.26741143121574
2	40	6.641321504365214
2	41	27.682391724601686
2	42	26.75887289945075
2	43	24.201087234035434
3	0	8.287105515688898
3	1	5.105371256207257
3	2	3.0207500757937855
3	3	0.0
3	4	15.655854929989047
3	5	11.531083915936588
3	6	10.272272756792916
3	7	9.23994105879373
3	8	7.29646156702316
3	9	6.068392400587074
3	10	12.566354033823771
3	11	11.333083915936587
3	12	20.09121846497517
3	13	16.596015116244285
3	14	18.860747877715376
3	15	28.271861753589167
3	16	24.566001364355678
3	17	24.60067349242745
3	18	21.388282965427475
3	19	18.938141246083607
3	20	18.01030083053
3	21	19.877586446474396
3	22	18.94372940195857
3	23	15.691909351472805
3	24	14.416226773079448
3	25	19.83179744231026
3	26	25.10213272963462
3	27	13.795729401958571
3	28	25.874182479538426
3	29	10.740348494478145
3	30	15.409890734858234
3	31	7.25994105879373
3	32	11.559369630222303
3	33	17.078987569945387
3	34	18.683313787472514
3	35	18.69103359200109
3	36	19.221486205030686
3	37	3.2635389830485475
3	38	2.7719999999999994
3	39	14.246661355421956
3	40	3.620571428571428
3	41	24.6616416488079
3	42	23.738122823656965
3	43	21.18033715824165
4	0	15.933648130676955
4	1	12.751913871195313
4	2	18.676605005782832
4	3	15.655854929989047
4	4	0.0
4	5	4.124771014052459
4	6	7.448245569194499
4	7	6.415913871195315
4	8	11.801983037631402
4	9	10.573913871195316
4	10	9.645456729075955
4	11	8.41218661118877
4	12	16.506967022939353
4	13	13.011763674208467
4	14	15.276496435679556
4	15	24.68761031155335
4	16	20.98174992231986
4	17	21.016422050391633
4	18	17.804031523391657
4	19	15.353889804047789
4	20	14.426049388494182
4	21	16.29333500443858
4	22	15.359477959922753
4	23	12.21456431939516
4	24	10.9388817410018
4	25	16.247546000274443
4	26	21.5178812875988
4	27	10.211477959922753
4	28	22.28993103750261
4	29	7.156097052442327
4	30	11.825639292822414
4	31	8.395913871195315
4	32	5.284485299766743
4	33	13.494736127909569
4	34	15.099062345436696
4	35	15.106782149965271
4	36	15.637234762994868
4	37	12.3923159469405
4	38	15.930857673559023
4	39	7.971777024966397
4	40	16.77942910213045
4	41	21.07739020677208
4	42	20.153871381621144
4	43	17.596085716205828
5	0	11.808877116624497
5	1	8.627142857142855
5	2	14.551833991730373
5	3	11.531083915936588
5	4	4.124771014052459
5	5	0.0
5	6	3.32347455514204
5	7	2.291142857142856
5	8	7.677212023578942
5	9	6.449142857142856
5	10	5.520685715023496
5	11	4.287415597136311
5	12	12.382196008886893
5	13	8.88699266015601
5	14	11.151725421627098
5	15	20.56283929750089
5	16	16.8569789082674
5	17	16.891651036339173
5	18	13.679260509339198
5	19	11.22911878999533
5	20	10.301278374441722
5	21	12.168563990386119
5	22	11.234706945870293
5	23	8.089793305342702
5	24	6.814110726949343
5	25	12.122774986221984
5	26	17.39311027354634
5	27	6.086706945870294
5	28	18.16516002345015
5	29	3.031326038389868
5	30	7.700868278769955
5	31	4.2711428571428565
5	32	1.1597142857142844
5	33	9.369965113857111
5	34	10.974291331384238
5	35	10.982011135912813
5	36	11.51246374894241
5	37	8.26754493288804
5	38	11.806086659506564
5	39	3.8470060109139386
5	40	12.654658088077992
5	41	16.952619192719624
5	42	16.029100367568688
5	43	13.471314702153371
6	0	10.550065957480825
6	1	7.368331697999183
6	2	13.2930228325867
6	3	10.272272756792916
6	4	7.448245569194499
6	5	3.32347455514204
6	6	0.0
6	7	1.032331697999184
6	8	6.41840086443527
6	9	5.190331697999184
6	10	7.258190336200434
6	11	6.02492021831325
6	12	14.119700630063832
6	13	10.624497281332946
6	14	12.889230042804035
6	15	22.30034391867783
6	16	18.59448352944434
6	17	18.62915565751611
6	18	15.416765130516136
6	19	12.966623411172268
6	20	12.03878299561866
6	21	13.906068611563057
6	22	12.972211567047232
6	23	9.82729792651964
6	24	8.55161534812628
6	25	13.860279607398923
6	26	19.13061489472328
6	27	7.824211567047231
6	28	19.902664644627087
6	29	4.768830659566806
6	30	9.438372899946893
6	31	3.0123316979991843
6	32	3.3517602694277544
6	33	11.107469735034048
6	34	12.711795952561175
6	35	12.71951575708975
6	36	13.249968370119348
6	37	7.008733773744368
6	38	10.547275500362892
6	39	6.039051994627409
6	40	11.39584692893432
6	41	18.69012381389656
6	42	17.766604988745627
6	43	15.208819323330308
7	0	9.51773425948164
7	1	6.335999999999999
7	2	12.260691134587518
7	3	9.23994105879373
7	4	6.415913871195315
7	5	2.291142857142856
7	6	1.032331697999184
7	7	0.0
7	8	5.386069166436086
7	9	4.158
7	10	6.22585863820125
7	11	4.992588520314065
7	12	13.08736893206465
7	13	9.592165583333763
7	14	11.85689834480485
7	15	21.268012220678646
7	16	17.562151831445156
7	17	17.59682395951693
7	18	14.384433432516953
7	19	11.934291713173085
7	20	11.006451297619476
7	21	12.873736913563874
7	22	11.939879869048049
7	23	8.794966228520455
7	24	7.519283650127097
7	25	12.82794790939974
7	26	18.098283196724097
7	27	6.7918798690480475
7	28	18.870332946627904
7	29	3.736498961567622
7	30	8.406041201947708
7	31	1.9800000000000004
7	32	2.3194285714285705
7	33	10.075138037034863
7	34	11.67946425456199
7	35	11.687184059090566
7	36	12.217636672120163
7	37	5.976402075745184
7	38	9.514943802363707
7	39	5.006720296628225
7	40	10.363515230935135
7	41	17.657792115897376
7	42	16.73427329074644
7	43	14.176487625331124
8	0	8.171803425917725
8	1	4.990069166436085
8	2	10.317211642816945
8	3	7.29646156702316
8	4	11.801983037631402
8	5	7.677212023578942
8	6	6.41840086443527
8	7	5.386069166436086
8	8	0.0
8	9	1.2280691664360859
8	10	8.712482141466126
8	11	7.479212023578943
8	12	16.237346572617525
8	13	12.74214322388664
8	14	15.00687598535773
8	15	24.417989861231522
8	16	20.712129471998033
8	17	20.746801600069805
8	18	17.53441107306983
8	19	15.084269353725961
8	20	14.156428938172354
8	21	16.02371455411675
8	22	15.089857509600925
8	23	11.83803745911516
8	24	10.562354880721802
8	25	15.977925549952616
8	26	21.248260837276973
8	27	9.941857509600926
8	28	22.02031058718078
8	29	6.886476602120499
8	30	11.556018842500588
8	31	3.406069166436086
8	32	7.705497737864657
8	33	13.225115677587741
8	34	14.829441895114869
8	35	14.837161699643445
8	36	15.367614312673041
8	37	4.032922583974612
8	38	7.571464310593136
8	39	10.392789463064311
8	40	8.420035739164565
8	41	20.807769756450256
8	42	19.88425093129932
8	43	17.326465265884003
9	0	6.943734259481639
9	1	3.7619999999999987
9	2	9.089142476380859
9	3	6.068392400587074
9	4	10.573913871195316
9	5	6.449142857142856
9	6	5.190331697999184
9	7	4.158
9	8	1.2280691664360859
9	9	0.0
9	10	7.4844129750300405
9	11	6.251142857142857
9	12	15.00927740618144
9	13	11.514074057450554
9	14	13.778806818921645
9	15	23.189920694795436
9	16	19.484060305561947
9	17	19.51873243363372
9	18	16.306341906633744
9	19	13.856200187289875
9	20	12.928359771736268
9	21	14.795645387680665
9	22	13.86178834316484
9	23	10.609968292679074
9	24	9.334285714285716
9	25	14.74985638351653
9	26	20.020191670840887
9	27	8.71378834316484
9	28	20.792241420744695
9	29	5.658407435684413
9	30	10.327949676064502
9	31	2.178
9	32	6.477428571428571
9	33	11.997046511151655
9	34	13.601372728678783
9	35	13.60909253320736
9	36	14.139545146236955
9	37	2.804853417538526
9	38	6.34339514415705
9	39	9.164720296628225
9	40	7.191966572728479
9	41	19.57970059001417
9	42	18.656181764863234
9	43	16.098396099447918
10	0	12.84414723451168
10	1	9.66241297503004
10	2	15.587104109617556
10	3	12.566354033823771
10	4	9.645456729075955
10	5	5.520685715023496
10	6	7.258190336200434
10	7	6.22585863820125
10	8	8.712482141466126
10	9	7.4844129750300405
10	10	0.0
10	11	1.233270117887184
10	12	11.840229647130654
10	13	8.34502629839977
10	14	9.690698689315756
10	15	20.02087293574465
10	16	16.315012546511163
10	17	16.34968467458293
10	18	13.137294147582958
10	19	10.68715242823909
10	20	9.75931201268548
10	21	11.626597628629879
10	22	10.692740584114054
10	23	5.592095553423401
10	24	4.316412975030042
10	25	11.580808624465744
10	26	16.851143911790103
10	27	5.544740584114053
10	28	17.62319366169391
10	29	2.4893596766336277
10	30	6.239841546458614
10	31	5.306412975030041
10	32	4.7072194281848905
10	33	7.908938381545768
10	34	9.513264599072896
10	35	9.52098440360147
10	36	10.051437016631068
10	37	9.302815050775223
10	38	12.841356777393747
10	39	7.394511153384545
10	40	13.689928205965176
10	41	15.491592460408281
10	42	14.568073635257345
10	43	12.010287969842029
11	0	11.610877116624497
11	1	8.429142857142857
11	2	14.353833991730372
11	3	11.333083915936587
11	4	8.41218661118877
11	5	4.287415597136311
11	6	6.02492021831325
11	7	4.992588520314065
11	8	7.479212023578943
11	9	6.251142857142857
11	10	1.233270117887184
11	11	0.0
11	12	10.60695952924347
11	13	7.111756180512584
11	14	8.457428571428572
11	15	18.787602817857465
11	16	15.081742428623977
11	17	15.11641455669575
11	18	11.904024029695774
11	19	9.453882310351906
11	20	8.526041894798297
11	21	10.393327510742695
11	22	9.45947046622687
11	23	4.358825435536217
11	24	3.0831428571428585
11	25	10.34753850657856
11	26	15.617873793902918
11	27	4.311470466226869
11	28	16.389923543806724
11	29	1.2560895587464436
11	30	5.00657142857143
11	31	4.073142857142857
11	32	3.473949310297706
11	33	6.675668263658585
11	34	8.279994481185712
11	35	8.287714285714287
11	36	8.818166898743884
11	37	8.06954493288804
11	38	11.608086659506563
11	39	6.16124103549736
11	40	12.456658088077992
11	41	14.258322342521097
11	42	13.334803517370162
11	43	10.777017851954845
12	0	20.36901166566308
12	1	17.187277406181437
12	2	23.111968540768956
12	3	20.09121846497517
12	4	16.506967022939353
12	5	12.382196008886893
12	6	14.119700630063832
12	7	13.08736893206465
12	8	16.237346572617525
12	9	15.00927740618144
12	10	11.840229647130654
12	11	10.60695952924347
12	12	0.0
12	13	3.495203348730884
12	14	2.7704120816298827
12	15	16.489619021787952
12	16	12.783758632554463
12	17	12.818430760626237
12	18	9.60604023362626
12	19	8.326472335713065
12	20	7.398631920159456
12	21	9.265917536103855
12	22	8.332060491588027
12	23	9.420380374308955
12	24	8.144697795915597
12	25	8.049554710509046
12	26	13.319889997833403
12	27	6.2954890630166
12	28	14.09193974773721
12	29	9.350869970497026
12	30	6.221269224487025
12	31	12.831277406181439
12	32	11.568729722048289
12	33	4.670824797277701
12	34	6.275151014804828
12	35	6.551346218672984
12	36	6.813323432362999
12	37	16.827679481926623
12	38	20.36622120854515
12	39	14.256021447247942
12	40	21.214792637116577
12	41	12.521954275479795
12	42	11.598435450328859
12	43	9.040649784913542
13	0	16.873808316932195
13	1	13.692074057450554
13	2	19.61676519203807
13	3	16.596015116244285
13	4	13.011763674208467
13	5	8.88699266015601
13	6	10.624497281332946
13	7	9.592165583333763
13	8	12.74214322388664
13	9	11.514074057450554
13	10	8.34502629839977
13	11	7.111756180512584
13	12	3.495203348730884
13	13	0.0
13	14	5.600571428571428
13	15	12.99441567305707
13	16	9.28855528382358
13	17	9.323227411895353
13	18	6.1108368848953765
13	19	4.831268986982181
13	20	3.903428571428572
13	21	5.77071418737297
13	22	4.836857142857143
13	23	10.553396864107647
13	24	9.277714285714287
13	25	4.554351361778163
13	26	9.82468664910252
13	27	2.8002857142857156
13	28	10.596736399006328
13	29	5.855666621766141
13	30	8.485714285714288
13	31	9.336074057450555
13	32	8.073526373317403
13	33	7.500984144219245
13	34	9.105310361746373
13	35	9.381505565614528
13	36	9.643482779304545
13	37	13.332476133195737
13	38	16.87101785981426
13	39	10.760818098517056
13	40	17.719589288385688
13	41	15.352113622421339
13	42	14.428594797270403
13	43	11.870809131855086
14	0	19.138541078403286
14	1	15.956806818921642
14	2	21.88149795350916
14	3	18.860747877715376
14	4	15.276496435679556
14	5	11.151725421627098
14	6	12.889230042804035
14	7	11.85689834480485
14	8	15.00687598535773
14	9	13.778806818921645
14	10	9.690698689315756
14	11	8.457428571428572
14	12	2.7704120816298827
14	13	5.600571428571428
14	14	0.0
14	15	18.594987101628497
14	16	14.889126712395008
14	17	14.923798840466782
14	18	11.711408313466805
14	19	10.431840415553609
14	20	9.504
14	21	11.371285615944398
14	22	10.43742857142857
14	23	6.649968292679072
14	24	5.374285714285714
14	25	10.154922790349591
14	26	15.425258077673949
14	27	8.400857142857143
14	28	16.197307827577756
14	29	8.12039938323723
14	30	3.450857142857142
14	31	11.600806818921644
14	32	10.338259134788492
14	33	1.900412715647818
14	34	3.504738933174945
14	35	3.780934137043101
14	36	4.0429113507331165
14	37	15.597208894666828
14	38	19.135750621285354
14	39	13.025550859988147
14	40	19.984322049856782
14	41	9.751542193849911
14	42	8.828023368698975
14	43	6.270237703283659
15	0	28.549654954277074
15	1	25.367920694795433
15	2	31.292611829382952
15	3	28.271861753589167
15	4	24.68761031155335
15	5	20.56283929750089
15	6	22.30034391867783
15	7	21.268012220678646
15	8	24.417989861231522
15	9	23.189920694795436
15	10	20.02087293574465
15	11	18.787602817857465
15	12	16.489619021787952
15	13	12.99441567305707
15	14	18.594987101628497
15	15	0.0
15	16	3.7058603892334907
15	17	13.208940361396099
15	18	9.996549834396122
15	19	12.593592503517213
15	20	11.665752087963604
15	21	10.780833563142327
15	22	9.8469765186265
15	23	22.22924350145253
15	24	20.95356092305917
15	25	8.440064311278908
15	26	6.47786038923349
15	27	14.476132351630598
15	28	7.249910139137297
15	29	17.531513259111023
15	30	20.16156092305917
15	31	21.011920694795435
15	32	19.749373010662286
15	33	20.495399817276315
15	34	22.099726034803442
15	35	22.375921238671598
15	36	22.637898452361615
15	37	25.00832277054062
15	38	28.54686449715914
15	39	22.43666473586194
15	40	29.39543592573057
15	41	28.34652929547841
15	42	27.423010470327473
15	43	24.865224804912156
16	0	24.843794565043588
16	1	21.662060305561944
16	2	27.586751440149463
16	3	24.566001364355678
16	4	20.98174992231986
16	5	16.8569789082674
16	6	18.59448352944434
16	7	17.562151831445156
16	8	20.712129471998033
16	9	19.484060305561947
16	10	16.315012546511163
16	11	15.081742428623977
16	12	12.783758632554463
16	13	9.28855528382358
16	14	14.889126712395008
16	15	3.7058603892334907
16	16	0.0
16	17	9.50307997216261
16	18	6.290689445162632
16	19	8.887732114283722
16	20	7.959891698730114
16	21	7.0749731739088375
16	22	6.141116129393009
16	23	18.523383112219037
16	24	17.24770053382568
16	25	4.734203922045418
16	26	2.7719999999999985
16	27	10.770271962397107
16	28	3.544049749903806
16	29	13.825652869877533
16	30	16.455700533825677
16	31	17.306060305561946
16	32	16.043512621428796
16	33	16.789539428042826
16	34	18.393865645569953
16	35	18.67006084943811
16	36	18.932038063128125
16	37	21.30246238130713
16	38	24.841004107925656
16	39	18.73080434662845
16	40	25.689575536497085
16	41	24.64066890624492
16	42	23.717150081093983
16	43	21.159364415678667
17	0	24.878466693115357
17	1	21.696732433633716
17	2	27.621423568221235
17	3	24.60067349242745
17	4	21.016422050391633
17	5	16.891651036339173
17	6	18.62915565751611
17	7	17.59682395951693
17	8	20.746801600069805
17	9	19.51873243363372
17	10	16.34968467458293
17	11	15.11641455669575
17	12	12.818430760626237
17	13	9.323227411895353
17	14	14.923798840466782
17	15	13.208940361396099
17	16	9.50307997216261
17	17	0.0
17	18	3.2123905269999766
17	19	7.562802371125015
17	20	6.634961955571406
17	21	6.635390428658662
17	22	5.701533384142834
17	23	18.558055240290813
17	24	17.282372661897455
17	25	4.768876050117191
17	26	9.124104812714261
17	27	10.804944090468881
17	28	9.896154562618069
17	29	13.860324997949306
17	30	16.490372661897453
17	31	17.34073243363372
17	32	16.07818474950057
17	33	16.824211556114598
17	34	18.428537773641725
17	35	18.70473297750988
17	36	18.966710191199898
17	37	21.337134509378902
17	38	24.875676235997425
17	39	18.765476474700222
17	40	25.724247664568853
17	41	24.67534103431669
17	42	23.751822209165756
17	43	21.19403654375044
18	0	21.66607616611538
18	1	18.48434190663374
18	2	24.40903304122126
18	3	21.388282965427475
18	4	17.804031523391657
18	5	13.679260509339198
18	6	15.416765130516136
18	7	14.384433432516953
18	8	17.53441107306983
18	9	16.306341906633744
18	10	13.137294147582958
18	11	11.904024029695774
18	12	9.60604023362626
18	13	6.1108368848953765
18	14	11.711408313466805
18	15	9.996549834396122
18	16	6.290689445162632
18	17	3.2123905269999766
18	18	0.0
18	19	4.350411844125038
18	20	3.4225714285714286
18	21	3.422999901658685
18	22	2.4891428571428573
18	23	15.345664713290834
18	24	14.069982134897476
18	25	1.556485523117214
18	26	5.911714285714284
18	27	7.592553563468904
18	28	6.683764035618092
18	29	10.64793447094933
18	30	13.277982134897476
18	31	14.128341906633743
18	32	12.865794222500593
18	33	13.611821029114623
18	34	15.21614724664175
18	35	15.492342450509906
18	36	15.754319664199922
18	37	18.124743982378927
18	38	21.66328570899745
18	39	15.553085947700247
18	40	22.511857137568878
18	41	21.462950507316716
18	42	20.53943168216578
18	43	17.981646016750464
19	0	19.215934446771513
19	1	16.034200187289873
19	2	21.958891321877392
19	3	18.938141246083607
19	4	15.353889804047789
19	5	11.22911878999533
19	6	12.966623411172268
19	7	11.934291713173085
19	8	15.084269353725961
19	9	13.856200187289875
19	10	10.68715242823909
19	11	9.453882310351906
19	12	8.326472335713065
19	13	4.831268986982181
19	14	10.431840415553609
19	15	12.593592503517213
19	16	8.887732114283722
19	17	7.562802371125015
19	18	4.350411844125038
19	19	0.0
19	20	0.9278404155536086
19	21	4.265983174355149
19	22	3.3321261298393217
19	23	12.895522993946969
19	24	11.61984041555361
19	25	4.153528192238305
19	26	9.423863479562662
19	27	5.1424118441250375
19	28	10.19591322946647
19	29	8.197792751605462
19	30	10.82784041555361
19	31	11.678200187289875
19	32	10.415652503156725
19	33	12.332253131201426
19	34	13.936579348728554
19	35	14.108983272696467
19	36	14.474751766286726
19	37	15.674602263035059
19	38	19.21314398965358
19	39	13.102944228356378
19	40	20.06171541822501
19	41	20.079591329503277
19	42	19.15607250435234
19	43	16.598286838937025
20	0	18.28809403121791
20	1	15.106359771736265
20	2	21.031050906323784
20	3	18.01030083053
20	4	14.426049388494182
20	5	10.301278374441722
20	6	12.03878299561866
20	7	11.006451297619476
20	8	14.156428938172354
20	9	12.928359771736268
20	10	9.75931201268548
20	11	8.526041894798297
20	12	7.398631920159456
20	13	3.903428571428572
20	14	9.504
20	15	11.665752087963604
20	16	7.959891698730114
20	17	6.634961955571406
20	18	3.4225714285714286
20	19	0.9278404155536086
20	20	0.0
20	21	3.3381427588015407
20	22	2.404285714285713
20	23	11.967682578393358
20	24	10.692
20	25	3.225687776684696
20	26	8.496023064009055
20	27	4.214571428571428
20	28	9.268072813912863
20	29	7.269952336051854
20	30	9.9
20	31	10.750359771736267
20	32	9.487812087603116
20	33	11.404412715647817
20	34	13.008738933174945
20	35	13.181142857142857
20	36	13.546911350733117
20	37	14.746761847481451
20	38	18.285303574099977
20	39	12.17510381280277
20	40	19.133875002671406
20	41	19.151750913949666
20	42	18.228232088798734
20	43	15.670446423383416
21	0	20.155379647162306
21	1	16.973645387680662
21	2	22.89833652226818
21	3	19.877586446474396
21	4	16.29333500443858
21	5	12.168563990386119
21	6	13.906068611563057
21	7	12.873736913563874
21	8	16.02371455411675
21	9	14.795645387680665
21	10	11.626597628629879
21	11	10.393327510742695
21	12	9.265917536103855
21	13	5.77071418737297
21	14	11.371285615944398
21	15	10.780833563142327
21	16	7.0749731739088375
21	17	6.635390428658662
21	18	3.422999901658685
21	19	4.265983174355149
21	20	3.3381427588015407
21	21	0.0
21	22	0.9338570445158275
21	23	13.834968194337758
21	24	12.559285615944399
21	25	2.3407692518634193
21	26	7.611104539187778
21	27	6.081857044515827
21	28	8.383154289091586
21	29	9.137237951996251
21	30	11.767285615944399
21	31	12.617645387680664
21	32	11.355097703547514
21	33	13.271698331592216
21	34	14.876024549119343
21	35	15.048428473087256
21	36	15.414196966677515
21	37	16.614047463425848
21	38	20.152589190044374
21	39	14.042389428747168
21	40	21.001160618615803
21	41	21.019036529894066
21	42	20.09551770474313
21	43	17.537732039327814
22	0	19.22152260264648
22	1	16.039788343164837
22	2	21.964479477752356
22	3	18.94372940195857
22	4	15.359477959922753
22	5	11.234706945870293
22	6	12.972211567047232
22	7	11.939879869048049
22	8	15.089857509600925
22	9	13.86178834316484
22	10	10.692740584114054
22	11	9.45947046622687
22	12	8.332060491588027
22	13	4.836857142857143
22	14	10.43742857142857
22	15	9.8469765186265
22	16	6.141116129393009
22	17	5.701533384142834
22	18	2.4891428571428573
22	19	3.3321261298393217
22	20	2.404285714285713
22	21	0.9338570445158275
22	22	0.0
22	23	12.90111114982193
22	24	11.625428571428571
22	25	1.406912207347592
22	26	6.67724749467195
22	27	5.148
22	28	7.4492972445757575
22	29	8.203380907480426
22	30	10.833428571428572
22	31	11.683788343164839
22	32	10.421240659031689
22	33	12.337841287076388
22	34	13.942167504603516
22	35	14.114571428571429
22	36	14.480339922161688
22	37	15.680190418910023
22	38	19.21873214552855
22	39	13.108532384231342
22	40	20.067303574099977
22	41	20.08517948537824
22	42	19.161660660227305
22	43	16.60387499481199
23	0	15.969702552160713
23	1	12.787968292679071
23	2	18.71265942726659
23	3	15.691909351472805
23	4	12.21456431939516
23	5	8.089793305342702
23	6	9.82729792651964
23	7	8.794966228520455
23	8	11.83803745911516
23	9	10.609968292679074
23	10	5.592095553423401
23	11	4.358825435536217
23	12	9.420380374308955
23	13	10.553396864107647
23	14	6.649968292679072
23	15	22.22924350145253
23	16	18.523383112219037
23	17	18.558055240290813
23	18	15.345664713290834
23	19	12.895522993946969
23	20	11.967682578393358
23	21	13.834968194337758
23	22	12.90111114982193
23	23	0.0
23	24	1.2756825783933585
23	25	13.78917919017362
23	26	19.059514477497977
23	27	7.7531111498219305
23	28	19.831564227401785
23	29	5.058467266952833
23	30	3.1991111498219302
23	31	8.431968292679073
23	32	7.276327018504096
23	33	4.868207984909085
23	34	6.472534202436211
23	35	6.480254006964787
23	36	7.010706619994383
23	37	12.428370368424257
23	38	15.966912095042781
23	39	9.963618743703751
23	40	16.81548352361421
23	41	12.450862063771599
23	42	11.527343238620663
23	43	8.969557573205346
24	0	14.694019973767356
24	1	11.512285714285714
24	2	17.436976848873233
24	3	14.416226773079448
24	4	10.9388817410018
24	5	6.814110726949343
24	6	8.55161534812628
24	7	7.519283650127097
24	8	10.562354880721802
24	9	9.334285714285716
24	10	4.316412975030042
24	11	3.0831428571428585
24	12	8.144697795915597
24	13	9.277714285714287
24	14	5.374285714285714
24	15	20.95356092305917
24	16	17.24770053382568
24	17	17.282372661897455
24	18	14.069982134897476
24	19	11.61984041555361
24	20	10.692
24	21	12.559285615944399
24	22	11.625428571428571
24	23	1.2756825783933585
24	24	0.0
24	25	12.513496611780262
24	26	17.78383189910462
24	27	6.477428571428572
24	28	18.555881649008427
24	29	3.7827846885594747
24	30	1.9234285714285715
24	31	7.1562857142857155
24	32	6.000644440110737
24	33	3.592525406515726
24	34	5.196851624042853
24	35	5.204571428571429
24	36	5.735024041601024
24	37	11.1526877900309
24	38	14.691229516649424
24	39	8.68793616531039
24	40	15.539800945220852
24	41	11.175179485378239
24	42	10.251660660227303
24	43	7.693874994811987
25	0	20.10959064299817
25	1	16.927856383516527
25	2	22.852547518104046
25	3	19.83179744231026
25	4	16.247546000274443
25	5	12.122774986221984
25	6	13.860279607398923
25	7	12.82794790939974
25	8	15.977925549952616
25	9	14.74985638351653
25	10	11.580808624465744
25	11	10.34753850657856
25	12	8.049554710509046
25	13	4.554351361778163
25	14	10.154922790349591
25	15	8.440064311278908
25	16	4.734203922045418
25	17	4.768876050117191
25	18	1.556485523117214
25	19	4.153528192238305
25	20	3.225687776684696
25	21	2.3407692518634193
25	22	1.406912207347592
25	23	13.78917919017362
25	24	12.513496611780262
25	25	0.0
25	26	5.270335287324358
25	27	6.03606804035169
25	28	6.042385037228166
25	29	9.091448947832117
25	30	11.721496611780262
25	31	12.57185638351653
25	32	11.30930869938338
25	33	12.055335505997409
25	34	13.659661723524536
25	35	13.935856927392692
25	36	14.197834141082708
25	37	16.568258459261713
25	38	20.10680018588024
25	39	13.996600424583033
25	40	20.955371614451668
25	41	19.906464984199502
25	42	18.982946159048566
25	43	16.42516049363325
26	0	25.37992593032253
26	1	22.198191670840885
26	2	28.122882805428404
26	3	25.10213272963462
26	4	21.5178812875988
26	5	17.39311027354634
26	6	19.13061489472328
26	7	18.098283196724097
26	8	21.248260837276973
26	9	20.020191670840887
26	10	16.851143911790103
26	11	15.617873793902918
26	12	13.319889997833403
26	13	9.82468664910252
26	14	15.425258077673949
26	15	6.47786038923349
26	16	2.7719999999999985
26	17	9.124104812714261
26	18	5.911714285714284
26	19	9.423863479562662
26	20	8.496023064009055
26	21	7.611104539187778
26	22	6.67724749467195
26	23	19.059514477497977
26	24	17.78383189910462
26	25	5.270335287324358
26	26	0.0
26	27	11.306403327676048
26	28	0.7720497499038074
26	29	14.361784235156474
26	30	16.991831899104618
26	31	17.842191670840887
26	32	16.579643986707737
26	33	17.325670793321766
26	34	18.929997010848894
26	35	19.20619221471705
26	36	19.468169428407066
26	37	21.83859374658607
26	38	25.377135473204596
26	39	19.26693571190739
26	40	26.225706901776025
26	41	25.17680027152386
26	42	24.253281446372924
26	43	21.695495780957607
27	0	14.073522602646479
27	1	10.891788343164837
27	2	16.816479477752356
27	3	13.795729401958571
27	4	10.211477959922753
27	5	6.086706945870294
27	6	7.824211567047231
27	7	6.7918798690480475
27	8	9.941857509600926
27	9	8.71378834316484
27	10	5.544740584114053
27	11	4.311470466226869
27	12	6.2954890630166
27	13	2.8002857142857156
27	14	8.400857142857143
27	15	14.476132351630598
27	16	10.770271962397107
27	17	10.804944090468881
27	18	7.592553563468904
27	19	5.1424118441250375
27	20	4.214571428571428
27	21	6.081857044515827
27	22	5.148
27	23	7.7531111498219305
27	24	6.477428571428572
27	25	6.03606804035169
27	26	11.306403327676048
27	27	0.0
27	28	12.078453077579855
27	29	3.0553809074804255
27	30	5.685428571428572
27	31	6.535788343164839
27	32	5.273240659031687
27	33	7.354525406515727
27	34	8.958851624042854
27	35	8.966571428571429
27	36	9.497024041601026
27	37	10.532190418910023
27	38	14.070732145528547
27	39	7.960532384231342
27	40	14.919303574099976
27	41	14.93717948537824
27	42	14.013660660227304
27	43	11.455874994811987
28	0	26.151975680226336
28	1	22.970241420744692
28	2	28.89493255533221
28	3	25.874182479538426
28	4	22.28993103750261
28	5	18.16516002345015
28	6	19.902664644627087
28	7	18.870332946627904
28	8	22.02031058718078
28	9	20.792241420744695
28	10	17.62319366169391
28	11	16.389923543806724
28	12	14.09193974773721
28	13	10.596736399006328
28	14	16.197307827577756
28	15	7.249910139137297
28	16	3.544049749903806
28	17	9.896154562618069
28	18	6.683764035618092
28	19	10.19591322946647
28	20	9.268072813912863
28	21	8.383154289091586
28	22	7.4492972445757575
28	23	19.831564227401785
28	24	18.555881649008427
28	25	6.042385037228166
28	26	0.7720497499038074
28	27	12.078453077579855
28	28	0.0
28	29	15.133833985060281
28	30	17.763881649008425
28	31	18.614241420744694
28	32	17.351693736611544
28	33	18.097720543225574
28	34	19.7020467607527
28	35	19.978241964620857
28	36	20.240219178310873
28	37	22.610643496489878
28	38	26.149185223108404
28	39	20.038985461811198
28	40	26.997756651679833
28	41	25.948850021427667
28	42	25.02533119627673
28	43	22.467545530861415
29	0	11.018141695166054
29	1	7.8364074356844124
29	2	13.76109857027193
29	3	10.740348494478145
29	4	7.156097052442327
29	5	3.031326038389868
29	6	4.768830659566806
29	7	3.736498961567622
29	8	6.886476602120499
29	9	5.658407435684413
29	10	2.4893596766336277
29	11	1.2560895587464436
29	12	9.350869970497026
29	13	5.855666621766141
29	14	8.12039938323723
29	15	17.531513259111023
29	16	13.825652869877533
29	17	13.860324997949306
29	18	10.64793447094933
29	19	8.197792751605462
29	20	7.269952336051854
29	21	9.137237951996251
29	22	8.203380907480426
29	23	5.058467266952833
29	24	3.7827846885594747
29	25	9.091448947832117
29	26	14.361784235156474
29	27	3.0553809074804255
29	28	15.133833985060281
29	29	0.0
29	30	4.669542240380087
29	31	3.4804074356844135
29	32	2.2178597515512624
29	33	6.338639075467242
29	34	7.942965292994368
29	35	7.950685097522944
29	36	8.48113771055254
29	37	7.476809511429597
29	38	11.01535123804812
29	39	4.905151476750916
29	40	11.86392266661955
29	41	13.921293154329755
29	42	12.997774329178819
29	43	10.439988663763502
30	0	15.687683935546142
30	1	12.5059496760645
30	2	18.43064081065202
30	3	15.409890734858234
30	4	11.825639292822414
30	5	7.700868278769955
30	6	9.438372899946893
30	7	8.406041201947708
30	8	11.556018842500588
30	9	10.327949676064502
30	10	6.239841546458614
30	11	5.00657142857143
30	12	6.221269224487025
30	13	8.485714285714288
30	14	3.450857142857142
30	15	20.16156092305917
30	16	16.455700533825677
30	17	16.490372661897453
30	18	13.277982134897476
30	19	10.82784041555361
30	20	9.9
30	21	11.767285615944399
30	22	10.833428571428572
30	23	3.1991111498219302
30	24	1.9234285714285715
30	25	11.721496611780262
30	26	16.991831899104618
30	27	5.685428571428572
30	28	17.763881649008425
30	29	4.669542240380087
30	30	0.0
30	31	8.149949676064502
30	32	6.88740199193135
30	33	1.669096835087155
30	34	3.2734230526142816
30	35	3.281142857142857
30	36	3.8115954701724535
30	37	12.146351751809686
30	38	15.68489347842821
30	39	9.574693717131005
30	40	16.533464906999637
30	41	9.251750913949667
30	42	8.328232088798732
30	43	5.770446423383415
31	0	7.53773425948164
31	1	4.355999999999999
31	2	10.280691134587517
31	3	7.25994105879373
31	4	8.395913871195315
31	5	4.2711428571428565
31	6	3.0123316979991843
31	7	1.9800000000000004
31	8	3.406069166436086
31	9	2.178
31	10	5.306412975030041
31	11	4.073142857142857
31	12	12.831277406181439
31	13	9.336074057450555
31	14	11.600806818921644
31	15	21.011920694795435
31	16	17.306060305561946
31	17	17.34073243363372
31	18	14.128341906633743
31	19	11.678200187289875
31	20	10.750359771736267
31	21	12.617645387680664
31	22	11.683788343164839
31	23	8.431968292679073
31	24	7.1562857142857155
31	25	12.57185638351653
31	26	17.842191670840887
31	27	6.535788343164839
31	28	18.614241420744694
31	29	3.4804074356844135
31	30	8.149949676064502
31	31	0.0
31	32	4.299428571428571
31	33	9.819046511151656
31	34	11.423372728678784
31	35	11.431092533207359
31	36	11.961545146236956
31	37	3.9964020757451832
31	38	7.534943802363707
31	39	6.986720296628225
31	40	8.383515230935135
31	41	17.40170059001417
31	42	16.478181764863233
31	43	13.920396099447917
32	0	11.837162830910211
32	1	8.655428571428569
32	2	14.580119706016088
32	3	11.559369630222303
32	4	5.284485299766743
32	5	1.1597142857142844
32	6	3.3517602694277544
32	7	2.3194285714285705
32	8	7.705497737864657
32	9	6.477428571428571
32	10	4.7072194281848905
32	11	3.473949310297706
32	12	11.568729722048289
32	13	8.073526373317403
32	14	10.338259134788492
32	15	19.749373010662286
32	16	16.043512621428796
32	17	16.07818474950057
32	18	12.865794222500593
32	19	10.415652503156725
32	20	9.487812087603116
32	21	11.355097703547514
32	22	10.421240659031689
32	23	7.276327018504096
32	24	6.000644440110737
32	25	11.30930869938338
32	26	16.579643986707737
32	27	5.273240659031687
32	28	17.351693736611544
32	29	2.2178597515512624
32	30	6.88740199193135
32	31	4.299428571428571
32	32	0.0
32	33	8.556498827018505
32	34	10.160825044545632
32	35	10.168544849074207
32	36	10.698997462103804
32	37	8.295830647173755
32	38	11.834372373792279
32	39	2.687291725199654
32	40	12.682943802363708
32	41	16.139152905881016
32	42	15.215634080730082
32	43	12.657848415314765
33	0	17.356780770633296
33	1	14.175046511151656
33	2	20.09973764573917
33	3	17.078987569945387
33	4	13.494736127909569
33	5	9.369965113857111
33	6	11.107469735034048
33	7	10.075138037034863
33	8	13.225115677587741
33	9	11.997046511151655
33	10	7.908938381545768
33	11	6.675668263658585
33	12	4.670824797277701
33	13	7.500984144219245
33	14	1.900412715647818
33	15	20.495399817276315
33	16	16.789539428042826
33	17	16.824211556114598
33	18	13.611821029114623
33	19	12.332253131201426
33	20	11.404412715647817
33	21	13.271698331592216
33	22	12.337841287076388
33	23	4.868207984909085
33	24	3.592525406515726
33	25	12.055335505997409
33	26	17.325670793321766
33	27	7.354525406515727
33	28	18.097720543225574
33	29	6.338639075467242
33	30	1.669096835087155
33	31	9.819046511151656
33	32	8.556498827018505
33	33	0.0
33	34	1.6043262175271267
33	35	1.880521421395283
33	36	2.1424986350852984
33	37	13.815448586896839
33	38	17.35399031351536
33	39	11.243790552218158
33	40	18.20256174208679
33	41	7.851129478202093
33	42	6.927610653051158
33	43	4.369824987635841
34	0	18.961106988160424
34	1	15.779372728678783
34	2	21.7040638632663
34	3	18.683313787472514
34	4	15.099062345436696
34	5	10.974291331384238
34	6	12.711795952561175
34	7	11.67946425456199
34	8	14.829441895114869
34	9	13.601372728678783
34	10	9.513264599072896
34	11	8.279994481185712
34	12	6.275151014804828
34	13	9.105310361746373
34	14	3.504738933174945
34	15	22.099726034803442
34	16	18.393865645569953
34	17	18.428537773641725
34	18	15.21614724664175
34	19	13.936579348728554
34	20	13.008738933174945
34	21	14.876024549119343
34	22	13.942167504603516
34	23	6.472534202436211
34	24	5.196851624042853
34	25	13.659661723524536
34	26	18.929997010848894
34	27	8.958851624042854
34	28	19.7020467607527
34	29	7.942965292994368
34	30	3.2734230526142816
34	31	11.423372728678784
34	32	10.160825044545632
34	33	1.6043262175271267
34	34	0.0
34	35	3.4225714285714286
34	36	0.5381724175581717
34	37	15.419774804423966
34	38	18.95831653104249
34	39	12.848116769745285
34	40	19.80688795961392
34	41	9.393179485378239
34	42	8.469660660227303
34	43	5.911874994811987
35	0	18.968826792689
35	1	15.787092533207357
35	2	21.711783667794876
35	3	18.69103359200109
35	4	15.106782149965271
35	5	10.982011135912813
35	6	12.71951575708975
35	7	11.687184059090566
35	8	14.837161699643445
35	9	13.60909253320736
35	10	9.52098440360147
35	11	8.287714285714287
35	12	6.551346218672984
35	13	9.381505565614528
35	14	3.780934137043101
35	15	22.375921238671598
35	16	18.67006084943811
35	17	18.70473297750988
35	18	15.492342450509906
35	19	14.108983272696467
35	20	13.181142857142857
35	21	15.048428473087256
35	22	14.114571428571429
35	23	6.480254006964787
35	24	5.204571428571429
35	25	13.935856927392692
35	26	19.20619221471705
35	27	8.966571428571429
35	28	19.978241964620857
35	29	7.950685097522944
35	30	3.281142857142857
35	31	11.431092533207359
35	32	10.168544849074207
35	33	1.880521421395283
35	34	3.4225714285714286
35	35	0.0
35	36	3.9607438461296
35	37	15.427494608952543
35	38	18.96603633557107
35	39	12.855836574273862
35	40	19.814607764142497
35	41	5.97060805680681
35	42	5.047089231655875
35	43	2.489303566240558
36	0	19.499279405718596
36	1	16.317545146236956
36	2	22.24223628082447
36	3	19.221486205030686
36	4	15.637234762994868
36	5	11.51246374894241
36	6	13.249968370119348
36	7	12.217636672120163
36	8	15.367614312673041
36	9	14.139545146236955
36	10	10.051437016631068
36	11	8.818166898743884
36	12	6.813323432362999
36	13	9.643482779304545
36	14	4.0429113507331165
36	15	22.637898452361615
36	16	18.932038063128125
36	17	18.966710191199898
36	18	15.754319664199922
36	19	14.474751766286726
36	20	13.546911350733117
36	21	15.414196966677515
36	22	14.480339922161688
36	23	7.010706619994383
36	24	5.735024041601024
36	25	14.197834141082708
36	26	19.468169428407066
36	27	9.497024041601026
36	28	20.240219178310873
36	29	8.48113771055254
36	30	3.8115954701724535
36	31	11.961545146236956
36	32	10.698997462103804
36	33	2.1424986350852984
36	34	0.5381724175581717
36	35	3.9607438461296
36	36	0.0
36	37	15.957947221982138
36	38	19.496488948600664
36	39	13.386289187303458
36	40	20.345060377172093
36	41	9.93135190293641
36	42	9.007833077785474
36	43	6.450047412370158
37	0	5.02356653264035
37	1	1.8418322731587096
37	2	6.284289058842333
37	3	3.2635389830485475
37	4	12.3923159469405
37	5	8.26754493288804
37	6	7.008733773744368
37	7	5.976402075745184
37	8	4.032922583974612
37	9	2.804853417538526
37	10	9.302815050775223
37	11	8.06954493288804
37	12	16.827679481926623
37	13	13.332476133195737
37	14	15.597208894666828
37	15	25.00832277054062
37	16	21.30246238130713
37	17	21.337134509378902
37	18	18.124743982378927
37	19	15.674602263035059
37	20	14.746761847481451
37	21	16.614047463425848
37	22	15.680190418910023
37	23	12.428370368424257
37	24	11.1526877900309
37	25	16.568258459261713
37	26	21.83859374658607
37	27	10.532190418910023
37	28	22.610643496489878
37	29	7.476809511429597
37	30	12.146351751809686
37	31	3.9964020757451832
37	32	8.295830647173755
37	33	13.815448586896839
37	34	15.419774804423966
37	35	15.427494608952543
37	36	15.957947221982138
37	37	0.0
37	38	3.538541726618524
37	39	10.983122372373408
37	40	4.387113155189953
37	41	21.398102665759353
37	42	20.474583840608418
37	43	17.9167981751931
38	0	8.562108259258874
38	1	5.380373999777234
38	2	5.792750075793785
38	3	2.7719999999999994
38	4	15.930857673559023
38	5	11.806086659506564
38	6	10.547275500362892
38	7	9.514943802363707
38	8	7.571464310593136
38	9	6.34339514415705
38	10	12.841356777393747
38	11	11.608086659506563
38	12	20.36622120854515
38	13	16.87101785981426
38	14	19.135750621285354
38	15	28.54686449715914
38	16	24.841004107925656
38	17	24.875676235997425
38	18	21.66328570899745
38	19	19.21314398965358
38	20	18.285303574099977
38	21	20.152589190044374
38	22	19.21873214552855
38	23	15.966912095042781
