VERTICES = 100
;

DISTANCE_MATRIX = 
0	0	0.0
0	1	2.0186116266900576
0	2	8.378964417399084
0	3	6.333331169572052
0	4	11.603655444517354
0	5	9.781244011291403
0	6	16.213491997665088
0	7	14.247147959674878
0	8	20.025802223386947
0	9	17.45588062119358
0	10	23.60494345065659
0	11	20.849421828842672
0	12	26.613305206393022
0	13	24.188970978258595
0	14	29.851017527552877
0	15	27.605074439442763
0	16	5.0572306006243295
0	17	3.74168854976698
0	18	10.625488594625295
0	19	13.347010367771558
0	20	13.043095585947597
0	21	10.153905912743138
0	22	11.794090464484189
0	23	5.519279356740002
0	24	11.713913415686532
0	25	10.144909011623973
0	26	12.582007595707914
0	27	13.804148290793085
0	28	15.138392480001757
0	29	17.92118536694648
0	30	21.402909746047047
0	31	18.373115309610185
0	32	19.093068450117034
0	33	15.7848395133255
0	34	20.181726064006014
0	35	18.60918054533763
0	36	21.48487234258457
0	37	19.184142103764472
0	38	16.612856819737917
0	39	10.769290528127751
0	40	14.129310890454683
0	41	5.856081007003527
0	42	3.973366109676962
0	43	7.006411747063737
0	44	4.821146404963465
0	45	5.684965947019263
0	46	5.117609365032011
0	47	3.2732503665905757
0	48	3.1862218396753086
0	49	5.750197580116647
0	50	6.6971538565357704
0	51	13.170664532934206
0	52	14.939863536207891
0	53	15.14971933280208
0	54	12.843609400344121
0	55	12.617652796009343
0	56	16.197681570705242
0	57	14.710306291854279
0	58	13.614645134022593
0	59	13.35596437742516
0	60	8.833345235946204
0	61	14.975687637403512
0	62	19.940903208676026
0	63	16.92300786461714
0	64	22.080973862504788
0	65	21.392952946351006
0	66	24.766392084039552
0	67	22.547591299138634
0	68	17.64867900977051
0	69	23.319250768185103
0	70	21.964006734613086
0	71	30.02698350633653
0	72	31.43816906159669
0	73	28.73467581402884
0	74	29.62699627003866
0	75	30.441146991144507
0	76	28.239175042982954
0	77	28.12465096348682
0	78	32.174085802261885
0	79	32.62667416410918
0	80	28.749507771899136
0	81	27.98831904101587
0	82	32.06759187101171
0	83	34.541271667107736
0	84	30.220412668574337
0	85	35.009934627468596
0	86	16.92603092858808
0	87	16.2380100124343
0	88	16.961284514989906
0	89	16.20009578410664
0	90	16.184908739527504
0	91	17.163612273503816
0	92	15.070399799449053
0	93	27.961558251437623
0	94	29.009520489340787
0	95	26.91359601353446
0	96	28.92332157441613
0	97	27.383629758638058
0	98	20.907356562551232
0	99	22.099044919732307
1	0	2.0186116266900576
1	1	0.0
1	2	6.360352790709026
1	3	4.314719542881994
1	4	9.585043817827295
1	5	7.7626323846013445
1	6	14.19488037097503
1	7	12.22853633298482
1	8	18.007190596696887
1	9	15.437268994503523
1	10	21.586331823966535
1	11	18.830810202152612
1	12	24.594693579702962
1	13	22.17035935156854
1	14	27.832405900862817
1	15	25.586462812752707
1	16	3.038618973934272
1	17	1.7230769230769223
1	18	8.606876967935237
1	19	11.3283987410815
1	20	11.02448395925754
1	21	8.13529428605308
1	22	9.77547883779413
1	23	3.5006677300499445
1	24	9.695301788996474
1	25	8.126297384933915
1	26	10.563395969017858
1	27	11.785536664103027
1	28	13.119780853311699
1	29	15.902573740256425
1	30	19.38429811935699
1	31	16.35450368292013
1	32	17.074456823426974
1	33	13.766227886635441
1	34	18.163114437315954
1	35	16.59056891864757
1	36	19.466260715894514
1	37	17.165530477074416
1	38	14.59424519304786
1	39	8.750678901437695
1	40	12.110699263764625
1	41	3.8374693803134696
1	42	1.9547544829869044
1	43	4.98780012037368
1	44	2.8025347782734076
1	45	3.666354320329206
1	46	3.098997738341953
1	47	1.2546387399005179
1	48	1.1676102129852508
1	49	3.7315859534265896
1	50	4.678542229845713
1	51	11.152052906244148
1	52	12.921251909517833
1	53	13.131107706112022
1	54	10.824997773654063
1	55	10.599041169319285
1	56	14.179069944015186
1	57	12.69169466516422
1	58	11.596033507332535
1	59	11.3373527507351
1	60	6.814733609256148
1	61	12.957076010713456
1	62	17.922291581985974
1	63	14.904396237927084
1	64	20.06236223581473
1	65	19.37434131966095
1	66	22.747780457349496
1	67	20.52897967244858
1	68	15.630067383080455
1	69	21.300639141495047
1	70	19.94539510792303
1	71	28.00837187964648
1	72	29.419557434906636
1	73	26.716064187338787
1	74	27.608384643348607
1	75	28.422535364454454
1	76	26.220563416292894
1	77	26.106039336796766
1	78	30.155474175571836
1	79	30.60806253741913
1	80	26.730896145209076
1	81	25.96970741432581
1	82	30.048980244321655
1	83	32.52266004041769
1	84	28.201801041884284
1	85	32.99132300077854
1	86	14.907419301898024
1	87	14.219398385744245
1	88	14.94267288829985
1	89	14.181484157416584
1	90	14.166297112837448
1	91	15.14500064681376
1	92	13.051788172758997
1	93	25.942946624747563
1	94	26.990908862650727
1	95	24.8949843868444
1	96	26.904709947726076
1	97	25.365018131948005
1	98	18.888744935861176
1	99	20.080433293042248
2	0	8.378964417399084
2	1	6.360352790709026
2	2	0.0
2	3	2.0456332478270327
2	4	7.316395629021453
2	5	5.493984195795502
2	6	11.938053625784441
2	7	9.971709587794232
2	8	15.7503638515063
2	9	13.180442249312932
2	10	19.329505078775945
2	11	16.573983456962026
2	12	22.337866834512376
2	13	19.91353260637795
2	14	25.57557915567223
2	15	23.329636067562117
2	16	7.915021452530539
2	17	6.5994794016731895
2	18	14.914474870313668
2	19	17.635996643459933
2	20	17.33208186163597
2	21	14.442892188431511
2	22	16.08307674017256
2	23	9.808265632428377
2	24	14.22952818629651
2	25	12.432225802726018
2	26	15.498051946007534
2	27	17.59742569632437
2	28	19.188296927382726
2	29	22.210171642634858
2	30	25.691896021735424
2	31	22.66210158529856
2	32	23.382054725805407
2	33	20.073825789013874
2	34	24.470712339694387
2	35	22.898166821026003
2	36	25.773858618272946
2	37	23.47312837945285
2	38	20.901843095426294
2	39	15.058276803816128
2	40	18.418297166143056
2	41	10.07141562862705
2	42	8.188700731300486
2	43	11.28235779516114
2	44	9.097092453060867
2	45	10.023201878301855
2	46	9.455845296314601
2	47	7.582899270246186
2	48	7.495870743330919
2	49	2.960468247662018
2	50	3.8958851097806217
2	51	8.895226161053559
2	52	12.138594789452743
2	53	12.348450586046932
2	54	13.71328009823575
2	55	9.816384049254195
2	56	13.396412823950094
2	57	15.918341648517893
2	58	14.822680490686208
2	59	14.927008278132119
2	60	6.0320764891910565
2	61	17.891731987703132
2	62	23.990807656057
2	63	20.972912311998112
2	64	26.13087830988576
2	65	25.442857393731977
2	66	29.05537835972793
2	67	26.83657757482701
2	68	21.698583457151482
2	69	19.043812396304457
2	70	17.68856836273244
2	71	25.751545134455885
2	72	27.162730689716042
2	73	24.459237442148194
2	74	25.351557898158013
2	75	26.16570861926386
2	76	23.963736671102307
2	77	23.84921259160617
2	78	27.898647430381242
2	79	28.351235792228536
2	80	24.47406940001849
2	81	23.712880669135224
2	82	27.79215349913106
2	83	30.265833295227093
2	84	25.94497429669369
2	85	30.73449625558795
2	86	12.650592556707434
2	87	11.962571640553655
2	88	12.68584614310926
2	89	11.924657412225994
2	90	11.909470367646858
2	91	12.88817390162317
2	92	10.794961427568406
2	93	23.686119879556976
2	94	24.73408211746014
2	95	22.638157641653812
2	96	24.647883202535482
2	97	23.10819138675741
2	98	16.631918190670586
2	99	17.82360654785166
3	0	6.333331169572052
3	1	4.314719542881994
3	2	2.0456332478270327
3	3	0.0
3	4	5.27076238119442
3	5	3.4483509479684695
3	6	9.892420377957407
3	7	7.926076339967198
3	8	13.704730603679266
3	9	11.1348090014859
3	10	17.283871830948915
3	11	14.528350209134992
3	12	20.29223358668534
3	13	17.86789935855092
3	14	23.529945907845196
3	15	21.284002819735083
3	16	5.869388204703506
3	17	4.553846153846156
3	18	12.868841622486638
3	19	15.5903633956329
3	20	15.28644861380894
3	21	12.39725894060448
3	22	14.037443492345531
3	23	7.7626323846013445
3	24	12.183894938469479
3	25	10.386592554898986
3	26	13.452418698180502
3	27	15.551792448497336
3	28	17.142663679555692
3	29	20.164538394807828
3	30	23.64626277390839
3	31	20.616468337471527
3	32	21.336421477978373
3	33	18.02819254118684
3	34	22.425079091867353
3	35	20.85253357319897
3	36	23.728225370445916
3	37	21.427495131625818
3	38	18.85620984759926
3	39	13.012643555989094
3	40	16.372663918316025
3	41	8.025782380800019
3	42	6.1430674834734535
3	43	9.236724547334106
3	44	7.051459205233834
3	45	7.977568630474821
3	46	7.410212048487568
3	47	5.5372660224191526
3	48	5.4502374955038855
3	49	0.9148349998349855
3	50	1.8502518619535893
3	51	6.849592913226526
3	52	10.09296154162571
3	53	10.3028173382199
3	54	11.667646850408717
3	55	7.7707508014271625
3	56	11.350779576123063
3	57	13.872708400690861
3	58	12.777047242859176
3	59	12.881375030305087
3	60	3.9864432413640243
3	61	15.8460987398761
3	62	21.945174408229967
3	63	18.927279064171078
3	64	24.085245062058725
3	65	23.397224145904943
3	66	27.009745111900894
3	67	24.790944326999977
3	68	19.652950209324448
3	69	16.998179148477426
3	70	15.642935114905407
3	71	23.705911886628854
3	72	25.117097441889015
3	73	22.413604194321163
3	74	23.305924650330986
3	75	24.12007537143683
3	76	21.918103423275273
3	77	21.80357934377914
3	78	25.85301418255421
3	79	26.305602544401502
3	80	22.428436152191455
3	81	21.66724742130819
3	82	25.74652025130403
3	83	28.220200047400063
3	84	23.89934104886666
3	85	28.688863007760915
3	86	10.604959308880401
3	87	9.916938392726623
3	88	10.640212895282227
3	89	9.879024164398961
3	90	9.863837119819825
3	91	10.842540653796137
3	92	8.749328179741374
3	93	21.640486631729942
3	94	22.688448869633106
3	95	20.59252439382678
3	96	22.60224995470845
3	97	21.06255813893038
3	98	14.586284942843555
3	99	15.777973300024627
4	0	11.603655444517354
4	1	9.585043817827295
4	2	7.316395629021453
4	3	5.27076238119442
4	4	0.0
4	5	1.822411433225951
4	6	8.314138902683487
4	7	6.347794864693277
4	8	12.126449128405346
4	9	9.55652752621198
4	10	15.705590355674993
4	11	12.95006873386107
4	12	18.71395211141142
4	13	16.289617883276996
4	14	21.951664432571274
4	15	19.70572134446116
4	16	11.009105215932895
4	17	9.693563165075545
4	18	18.118115252668765
4	19	20.85284710500691
4	20	20.548932323182946
4	21	17.659742649978487
4	22	19.299927201719537
4	23	13.025116093975353
4	24	16.119437202198363
4	25	14.32213481862787
4	26	17.387960961909386
4	27	19.48733471222622
4	28	21.07820594328458
4	29	25.427022104181834
4	30	27.88759730014516
4	31	25.878952046845537
4	32	26.598905187352383
4	33	23.29067625056085
4	34	27.687562801241363
4	35	26.11501728257298
4	36	28.990709079819922
4	37	26.689978840999824
4	38	24.11869355697327
4	39	18.275127265363103
4	40	21.63514762769003
4	41	13.269755449212308
4	42	11.387040551885743
4	43	14.487660514416554
4	44	12.302395172316281
4	45	13.24568288103472
4	46	12.678326299047466
4	47	10.801694418326301
4	48	10.714665891411034
4	49	5.974775841308991
4	50	5.785794125682473
4	51	5.271311437952605
4	52	14.028503805354594
4	53	14.238359601948783
4	54	15.603189114137601
4	55	11.706293065156046
4	56	15.286321839851947
4	57	17.808250664419745
4	58	16.71258950658806
4	59	16.81691729403397
4	60	7.921985505092908
4	61	19.78164100360498
4	62	25.88071667195885
4	63	22.862821327899965
4	64	28.02078732578761
4	65	27.332766409633827
4	66	31.118445933511044
4	67	28.899645148610126
4	68	23.588492473053336
4	69	15.419897673203504
4	70	14.064653639631487
4	71	22.127630411354932
4	72	23.53881596661509
4	73	20.83532271904724
4	74	21.72764317505706
4	75	22.541793896162908
4	76	20.33982194800135
4	77	20.22529786850522
4	78	24.27473270728029
4	79	24.727321069127584
4	80	20.850154676917533
4	81	20.088965946034268
4	82	24.16823877603011
4	83	26.64191857212614
4	84	22.321059573592738
4	85	27.110581532486997
4	86	9.026677833606481
4	87	8.3386569174527
4	88	9.061931420008305
4	89	8.300742689125041
4	90	8.285555644545903
4	91	9.264259178522215
4	92	7.171046704467453
4	93	20.06220515645602
4	94	21.11016739435918
4	95	19.014242918552856
4	96	21.02396847943453
4	97	19.48427666365646
4	98	13.008003467569633
4	99	14.199691824750706
5	0	9.781244011291403
5	1	7.7626323846013445
5	2	5.493984195795502
5	3	3.4483509479684695
5	4	1.822411433225951
5	5	0.0
5	6	6.491727469457537
5	7	4.5253834314673265
5	8	10.304037695179396
5	9	7.734116092986028
5	10	13.883178922449043
5	11	11.12765730063512
5	12	16.891540678185468
5	13	14.467206450051046
5	14	20.129252999345322
5	15	17.883309911235212
5	16	9.186693782706945
5	17	7.871151731849595
5	18	16.295703819442814
5	19	19.030435671780957
5	20	18.726520889956998
5	21	15.837331216752538
5	22	17.47751576849359
5	23	11.202704660749403
5	24	14.29702576897241
5	25	12.499723385401918
5	26	15.565549528683434
5	27	17.66492327900027
5	28	19.255794510058628
5	29	23.604610670955886
5	30	26.065185866919208
5	31	24.056540613619585
5	32	24.77649375412643
5	33	21.468264817334898
5	34	25.86515136801541
5	35	24.292605849347026
5	36	27.168297646593974
5	37	24.867567407773876
5	38	22.296282123747318
5	39	16.45271583213715
5	40	19.812736194464083
5	41	11.447344015986358
5	42	9.564629118659793
5	43	12.665249081190604
5	44	10.479983739090331
5	45	11.42327144780877
5	46	10.855914865821516
5	47	8.979282985100351
5	48	8.892254458185084
5	49	4.15236440808304
5	50	3.9633826924565225
5	51	3.4489000047266543
5	52	12.206092372128643
5	53	12.415948168722831
5	54	13.78077768091165
5	55	9.883881631930095
5	56	13.463910406625995
5	57	15.985839231193793
5	58	14.890178073362108
5	59	14.994505860808019
5	60	6.099574071866957
5	61	17.959229570379033
5	62	24.0583052387329
5	63	21.040409894674013
5	64	26.19837589256166
5	65	25.51035497640788
5	66	29.296034500285096
5	67	27.07723371538418
5	68	21.766081039827384
5	69	13.597486239977552
5	70	12.242242206405535
5	71	20.30521897812898
5	72	21.716404533389138
5	73	19.01291128582129
5	74	19.90523174183111
5	75	20.719382462936956
5	76	18.5174105147754
5	77	18.402886435279267
5	78	22.452321274054338
5	79	22.90490963590163
5	80	19.02774324369158
5	81	18.266554512808316
5	82	22.345827342804157
5	83	24.81950713890019
5	84	20.498648140366786
5	85	25.288170099261045
5	86	7.20426640038053
5	87	6.516245484226751
5	88	7.239519986782355
5	89	6.47833125589909
5	90	6.463144211319953
5	91	7.441847745296265
5	92	5.348635271241502
5	93	18.23979372323007
5	94	19.28775596113323
5	95	17.191831485326905
5	96	19.201557046208578
5	97	17.661865230430507
5	98	11.185592034343681
5	99	12.377280391524756
6	0	16.213491997665088
6	1	14.19488037097503
6	2	11.938053625784441
6	3	9.892420377957407
6	4	8.314138902683487
6	5	6.491727469457537
6	6	0.0
6	7	1.9663440379902097
6	8	8.16703487095281
6	9	5.597113268759442
6	10	11.746960154735987
6	11	8.991438532922064
6	12	14.755479876673455
6	13	12.331145648539032
6	14	18.016668559020886
6	15	15.770725470910772
6	16	15.443665496402119
6	17	14.12812344554477
6	18	22.31372952195383
6	19	25.409402589572878
6	20	25.105487807748915
6	21	22.216298134544452
6	22	23.856482686285503
6	23	17.581671578541318
6	24	20.31505147148343
6	25	18.517749087912932
6	26	21.58357523119445
6	27	23.68294898151128
6	28	25.27382021256964
6	29	29.9835775887478
6	30	32.08321156943022
6	31	30.435507531411503
6	32	31.15546067191835
6	33	27.84723173512682
6	34	32.24411828580733
6	35	30.671572767138947
6	36	33.54726456438589
6	37	31.24653432556579
6	38	28.67524904153924
6	39	22.831682749929072
6	40	26.191703112256
6	41	17.91584370552453
6	42	16.033128808197965
6	43	19.128839881386867
6	44	16.943574539286598
6	45	17.861221588101472
6	46	17.293865006114217
6	47	15.427236287065881
6	48	15.340207760150614
6	49	10.50143116990045
6	50	9.981408394967536
6	51	3.042827464730882
6	52	18.22411807463966
6	53	18.433973871233846
6	54	19.798803383422666
6	55	15.901907334441109
6	56	19.48193610913701
6	57	22.003864933704808
6	58	20.908203775873123
6	59	21.012531563319033
6	60	12.11759977437797
6	61	23.977255272890048
6	62	30.07633094124391
6	63	27.058435597185024
6	64	32.216401595072675
6	65	31.528380678918893
6	66	35.31406020279611
6	67	33.09525941789519
6	68	27.784106742338395
6	69	12.297524153272551
6	70	10.942280119700534
6	71	19.00525689142398
6	72	20.416442446684137
6	73	17.712949199116288
6	74	18.477215081915503
6	75	19.419420376231955
6	76	16.565556673668233
6	77	17.102924348574266
6	78	21.152359187349337
6	79	21.60494754919663
6	80	17.075889402584416
6	81	16.31470067170115
6	82	20.711664996109494
6	83	23.18534479220553
6	84	18.864485793672124
6	85	23.654007752566383
6	86	5.904304313675528
6	87	5.216283397521749
6	88	5.939557900077352
6	89	5.178369169194088
6	90	5.16318212461495
6	91	6.141885658591262
6	92	4.0486731845365
6	93	16.287939882122902
6	94	17.335902120026063
6	95	15.239977644219739
6	96	17.7710447546024
6	97	16.361903143725506
6	98	9.88562994763868
6	99	10.358168743826903
7	0	14.247147959674878
7	1	12.22853633298482
7	2	9.971709587794232
7	3	7.926076339967198
7	4	6.347794864693277
7	5	4.5253834314673265
7	6	1.9663440379902097
7	7	0.0
7	8	6.2006908329626
7	9	3.630769230769232
7	10	9.780616116745776
7	11	7.025094494931854
7	12	12.789135838683245
7	13	10.364801610548822
7	14	16.050324521030674
7	15	13.804381432920563
7	16	13.47732145841191
7	17	12.16177940755456
7	18	20.34738548396362
7	19	23.443058551582666
7	20	23.139143769758704
7	21	20.249954096554244
7	22	21.890138648295295
7	23	15.61532754055111
7	24	18.348707433493217
7	25	16.55140504992272
7	26	19.61723119320424
7	27	21.716604943521073
7	28	23.30747617457943
7	29	28.01723355075759
7	30	30.11686753144001
7	31	28.469163493421295
7	32	29.18911663392814
7	33	25.880887697136608
7	34	30.27777424781712
7	35	28.705228729148736
7	36	31.58092052639568
7	37	29.280190287575582
7	38	26.708905003549027
7	39	20.86533871193886
7	40	24.22535907426579
7	41	15.949499667534322
7	42	14.066784770207757
7	43	17.16249584339666
7	44	14.977230501296388
7	45	15.89487755011126
7	46	15.327520968124007
7	47	13.460892249075672
7	48	13.373863722160404
7	49	8.53508713191024
7	50	8.015064356977327
7	51	1.0764834267406722
7	52	16.257774036649447
7	53	16.467629833243635
7	54	17.832459345432454
7	55	13.9355632964509
7	56	17.5155920711468
7	57	20.0375208957146
7	58	18.941859737882915
7	59	19.046187525328826
7	60	10.15125573638776
7	61	22.010911234899837
7	62	28.109986903253706
7	63	25.092091559194817
7	64	30.250057557082464
7	65	29.56203664092868
7	66	33.347716164805895
7	67	31.12891537990498
7	68	25.817762704348187
7	69	10.33118011528234
7	70	8.975936081710323
7	71	17.03891285343377
7	72	18.45009840869393
7	73	15.746605161126077
7	74	16.51087104392529
7	75	17.453076338241743
7	76	14.599212635678022
7	77	15.136580310584057
7	78	19.18601514935913
7	79	19.63860351120642
7	80	15.109545364594206
7	81	14.34835663371094
7	82	18.745320958119287
7	83	21.21900075421532
7	84	16.898141755681916
7	85	21.687663714576175
7	86	3.9379602756853176
7	87	3.2499393595315382
7	88	3.9732138620871424
7	89	3.2120251312038777
7	90	3.196838086624741
7	91	4.175541620601052
7	92	2.08232914654629
7	93	14.321595844132691
7	94	15.369558082035855
7	95	13.273633606229529
7	96	15.804700716612192
7	97	14.395559105735297
7	98	7.919285909648471
7	99	8.391824705836694
8	0	20.025802223386947
8	1	18.007190596696887
8	2	15.7503638515063
8	3	13.704730603679266
8	4	12.126449128405346
8	5	10.304037695179396
8	6	8.16703487095281
8	7	6.2006908329626
8	8	0.0
8	9	2.5699216021933675
8	10	8.730138902437576
8	11	5.974617280623653
8	12	11.742474968623576
8	13	9.318140740489152
8	14	14.996528576306355
8	15	12.750585488196243
8	16	19.255975722123978
8	17	17.94043367126663
8	18	26.12603974767569
8	19	29.221712815294737
8	20	28.917798033470774
8	21	26.02860836026631
8	22	27.668792912007362
8	23	21.393981804263177
8	24	24.127361697205288
8	25	22.33005931363479
8	26	25.39588545691631
8	27	27.49525920723314
8	28	29.086130438291498
8	29	33.79588781446966
8	30	35.89552179515208
8	31	34.24781775713336
8	32	34.96777089764021
8	33	31.659541960848678
8	34	36.05642851152919
8	35	34.483882992860806
8	36	37.35957479010775
8	37	35.05884455128765
8	38	32.4875592672611
8	39	26.64399297565093
8	40	30.00401333797786
8	41	21.72815393124639
8	42	19.845439033919824
8	43	22.941150107108726
8	44	20.755884765008457
8	45	21.67353181382333
8	46	21.106175231836076
8	47	19.23954651278774
8	48	19.15251798587247
8	49	14.313741395622309
8	50	13.793718620689395
8	51	6.855137690452741
8	52	22.036428300361518
8	53	22.246284096955705
8	54	23.611113609144525
8	55	19.714217560162968
8	56	23.29424633485887
8	57	25.816175159426667
8	58	24.72051400159498
8	59	24.824841789040892
8	60	15.929910000099829
8	61	27.789565498611907
8	62	33.88864116696577
8	63	30.870745822906883
8	64	36.028711820794534
8	65	35.34069090464075
8	66	39.126370428517966
8	67	36.90756964361705
8	68	31.596416968060254
8	69	13.823463184033102
8	70	12.468219150461085
8	71	16.771619361525097
8	72	18.182804916785255
8	73	15.479311669217402
8	74	15.489253781208365
8	75	16.470557655679407
8	76	13.577595372961094
8	77	14.579368948105689
8	78	18.20349646679679
8	79	19.371310019297745
8	80	14.087928101877278
8	81	13.326739370994012
8	82	17.723703695402357
8	83	20.197383491498393
8	84	15.876524492964986
8	85	20.666046451859245
8	86	7.4302433444360805
8	87	6.742222428282301
8	88	7.465496930837904
8	89	6.704308199954641
8	90	6.689121155375503
8	91	7.667824689351814
8	92	5.574612215297052
8	93	13.299978581415765
8	94	14.347940819318927
8	95	12.2520163435126
8	96	14.783083453895264
8	97	15.32039015295445
8	98	11.411568978399233
8	99	7.348176092729775
9	0	17.45588062119358
9	1	15.437268994503523
9	2	13.180442249312932
9	3	11.1348090014859
9	4	9.55652752621198
9	5	7.734116092986028
9	6	5.597113268759442
9	7	3.630769230769232
9	8	2.5699216021933675
9	9	0.0
9	10	6.1602173002442076
9	11	3.404695678430285
9	12	9.17255336643021
9	13	6.748219138295785
9	14	12.426606974112987
9	15	10.180663886002876
9	16	16.68605411993061
9	17	15.37051206907326
9	18	23.556118145482323
9	19	26.65179121310137
9	20	26.347876431277406
9	21	23.458686758072947
9	22	25.098871309813997
9	23	18.824060202069813
9	24	21.55744009501192
9	25	19.760137711441423
9	26	22.825963854722943
9	27	24.925337605039775
9	28	26.516208836098134
9	29	31.225966212276294
9	30	33.32560019295871
9	31	31.677896154939997
9	32	32.39784929544684
9	33	29.08962035865531
9	34	33.48650690933582
9	35	31.91396139066744
9	36	34.78965318791438
9	37	32.48892294909428
9	38	29.91763766506773
9	39	24.074071373457564
9	40	27.43409173578449
9	41	19.158232329053025
9	42	17.27551743172646
9	43	20.37122850491536
9	44	18.18596316281509
9	45	19.103610211629963
9	46	18.536253629642708
9	47	16.669624910594372
9	48	16.582596383679107
9	49	11.743819793428942
9	50	11.223797018496029
9	51	4.285216088259374
9	52	19.46650669816815
9	53	19.676362494762337
9	54	21.041192006951157
9	55	17.1442959579696
9	56	20.7243247326655
9	57	23.2462535572333
9	58	22.150592399401614
9	59	22.254920186847524
9	60	13.359988397906463
9	61	25.21964389641854
9	62	31.318719564772408
9	63	28.30082422071352
9	64	33.458790218601166
9	65	32.770769302447384
9	66	36.5564488263246
9	67	34.337648041423684
9	68	29.02649536586689
9	69	11.253541581839736
9	70	9.898297548267719
9	71	14.201697759331728
9	72	15.612883314591887
9	73	12.909390067024034
9	74	12.919332179014997
9	75	13.90063605348604
9	76	11.007673770767726
9	77	12.00944734591232
9	78	15.633574864603421
9	79	16.801388417104377
9	80	11.51800649968391
9	81	10.756817768800644
9	82	15.153782093208989
9	83	17.627461889305025
9	84	13.306602890771618
9	85	18.096124849665877
9	86	4.8603217422427125
9	87	4.172300826088933
9	88	4.895575328644537
9	89	4.134386597761273
9	90	4.119199553182136
9	91	5.097903087158447
9	92	3.004690613103685
9	93	10.730056979222397
9	94	11.778019217125559
9	95	9.682094741319233
9	96	12.213161851701896
9	97	12.750468550761083
9	98	8.841647376205865
9	99	4.778254490536407
10	0	23.60494345065659
10	1	21.586331823966535
10	2	19.329505078775945
10	3	17.283871830948915
10	4	15.705590355674993
10	5	13.883178922449043
10	6	11.746960154735987
10	7	9.780616116745776
10	8	8.730138902437576
10	9	6.1602173002442076
10	10	0.0
10	11	2.7555216218139225
10	12	8.523382670183702
10	13	6.099048442049279
10	14	11.78075793031562
10	15	9.534814842205508
10	16	22.835116949393623
10	17	21.519574898536277
10	18	29.705180974945335
10	19	32.80085404256438
10	20	32.49693926074042
10	21	29.60774958753596
10	22	31.24793413927701
10	23	24.973123031532825
10	24	27.706502924474933
10	25	25.909200540904436
10	26	28.975026684185956
10	27	31.074400434502788
10	28	32.66527166556115
10	29	37.37502904173931
10	30	39.47466302242172
10	31	37.82695898440301
10	32	38.54691212490985
10	33	35.23868318811832
10	34	39.635569738798836
10	35	38.06302422013045
10	36	40.938716017377395
10	37	38.637985778557294
10	38	36.06670049453074
10	39	30.223134202920576
10	40	33.583154565247504
10	41	25.307295158516038
10	42	23.424580261189472
10	43	26.520291334378374
10	44	24.335025992278105
10	45	25.252673041092976
10	46	24.68531645910572
10	47	22.818687740057385
10	48	22.73165921314212
10	49	17.892882622891957
10	50	17.37285984795904
10	51	10.434278917722388
10	52	25.615569527631166
10	53	25.825425324225353
10	54	27.190254836414173
10	55	23.293358787432616
10	56	26.873387562128517
10	57	29.395316386696315
10	58	28.29965522886463
10	59	28.40398301631054
10	60	19.509051227369476
10	61	31.36870672588155
10	62	37.467782394235414
10	63	34.44988705017653
10	64	39.60785304806418
10	65	38.9198321319104
10	66	42.70551165578761
10	67	40.4867108708867
10	68	35.1755581953299
10	69	17.213661299588182
10	70	15.858417266016163
10	71	13.755390541303466
10	72	15.166576096563624
10	73	12.463082848995773
10	74	12.473024960986734
10	75	13.454328835457778
10	76	10.561366552739464
10	77	11.563140127884061
10	78	15.187267646575162
10	79	16.355081199076114
10	80	11.071699281655649
10	81	10.310510550772383
10	82	14.70747487518073
10	83	17.18115467127676
10	84	12.860295672743359
10	85	17.649817631637617
10	86	10.820441459991157
10	87	10.132420543837378
10	88	10.855695046392983
10	89	10.094506315509717
10	90	10.079319270930581
10	91	11.058022804906892
10	92	8.96481033085213
10	93	10.283749761194134
10	94	11.331711999097298
10	95	9.235787523290972
10	96	11.766854633673635
10	97	12.304161332732821
10	98	14.801767093954311
10	99	4.429548761350595
11	0	20.849421828842672
11	1	18.830810202152612
11	2	16.573983456962026
11	3	14.528350209134992
11	4	12.95006873386107
11	5	11.12765730063512
11	6	8.991438532922064
11	7	7.025094494931854
11	8	5.974617280623653
11	9	3.404695678430285
11	10	2.7555216218139225
11	11	0.0
11	12	5.76786104836978
11	13	3.3435268202353563
11	14	9.025236308501697
11	15	6.779293220391585
11	16	20.079595327579703
11	17	18.76405327672235
11	18	26.949659353131413
11	19	30.04533242075046
11	20	29.741417638926496
11	21	26.852227965722037
11	22	28.492412517463087
11	23	22.217601409718903
11	24	24.95098130266101
11	25	23.153678919090517
11	26	26.219505062372033
11	27	28.318878812688865
11	28	29.909750043747223
11	29	34.619507419925384
11	30	36.7191414006078
11	31	35.07143736258909
11	32	35.79139050309593
11	33	32.4831615663044
11	34	36.88004811698491
11	35	35.30750259831653
11	36	38.183194395563476
11	37	35.882464156743374
11	38	33.31117887271682
11	39	27.467612581106653
11	40	30.82763294343358
11	41	22.551773536702115
11	42	20.66905863937555
11	43	23.76476971256445
11	44	21.57950437046418
11	45	22.497151419279053
11	46	21.9297948372918
11	47	20.063166118243466
11	48	19.976137591328197
11	49	15.137361001078034
11	50	14.617338226145119
11	51	7.678757295908465
11	52	22.86004790581724
11	53	23.069903702411427
11	54	24.434733214600246
11	55	20.53783716561869
11	56	24.11786594031459
11	57	26.63979476488239
11	58	25.544133607050703
11	59	25.648461394496614
11	60	16.753529605555553
11	61	28.61318510406763
11	62	34.712260772421494
11	63	31.69436542836261
11	64	36.85233142625025
11	65	36.16431051009647
11	66	39.949990033973684
11	67	37.73118924907277
11	68	32.42003657351598
11	69	14.458139677774257
11	70	13.10289564420224
11	71	10.999868919489543
11	72	12.411054474749701
11	73	9.70756122718185
11	74	9.717503339172811
11	75	10.698807213643855
11	76	7.805844930925542
11	77	8.807618506070138
11	78	12.431746024761239
11	79	13.599559577262191
11	80	8.316177659841726
11	81	7.554988928958461
11	82	11.951953253366806
11	83	14.425633049462839
11	84	10.104774050929436
11	85	14.894296009823693
11	86	8.064919838177234
11	87	7.3768989220234555
11	88	8.10017342457906
11	89	7.338984693695795
11	90	7.323797649116658
11	91	8.30250118309297
11	92	6.209288709038207
11	93	7.528228139380212
11	94	8.576190377283375
11	95	6.480265901477049
11	96	9.011333011859712
11	97	9.548639710918899
11	98	12.046245472140388
11	99	1.674027139536672
12	0	26.613305206393022
12	1	24.594693579702962
12	2	22.337866834512376
12	3	20.29223358668534
12	4	18.71395211141142
12	5	16.891540678185468
12	6	14.755479876673455
12	7	12.789135838683245
12	8	11.742474968623576
12	9	9.17255336643021
12	10	8.523382670183702
12	11	5.76786104836978
12	12	0.0
12	13	2.424334228134424
12	14	8.116431162398376
12	15	5.870488074288264
12	16	25.843478705130053
12	17	24.5279366542727
12	18	32.713542730681766
12	19	35.80921579830081
12	20	35.50530101647685
12	21	32.61611134327239
12	22	34.25629589501344
12	23	27.981484787269252
12	24	30.71486468021136
12	25	28.917562296640867
12	26	31.983388439922383
12	27	34.082762190239215
12	28	35.67363342129757
12	29	40.383390797475734
12	30	42.48302477815815
12	31	40.83532074013944
12	32	41.55527388064628
12	33	38.247044943854746
12	34	42.643931494535266
12	35	41.071385975866875
12	36	43.94707777311382
12	37	41.646347534293724
12	38	39.075062250267166
12	39	33.23149595865701
12	40	36.59151632098393
12	41	28.315656914252465
12	42	26.4329420169259
12	43	29.5286530901148
12	44	27.34338774801453
12	45	28.261034796829403
12	46	27.69367821484215
12	47	25.827049495793815
12	48	25.740020968878547
12	49	20.901244378628384
12	50	20.38122160369547
12	51	13.442640673458815
12	52	28.62393128336759
12	53	28.833787079961777
12	54	30.198616592150596
12	55	26.30172054316904
12	56	29.88174931786494
12	57	32.40367814243274
12	58	31.308016984601053
12	59	31.412344772046964
12	60	22.517412983105903
12	61	34.37706848161798
12	62	40.476144149971844
12	63	37.45824880591296
12	64	42.61621480380061
12	65	41.92819388764683
12	66	45.71387341152404
12	67	43.49507262662313
12	68	38.18391995106633
12	69	15.987143050721095
12	70	14.631899017149077
12	71	10.655170792808972
12	72	12.066356348069132
12	73	9.36286310050128
12	74	9.372805212492242
12	75	10.354109086963284
12	76	7.461146804244971
12	77	8.462920379389566
12	78	12.087047898080666
12	79	13.254861450581622
12	80	7.971479533161155
12	81	7.21029080227789
12	82	11.607255126686233
12	83	14.08093492278227
12	84	9.760075924248863
12	85	14.549597883143122
12	86	13.773856261272794
12	87	13.085835345119015
12	88	13.80910984767462
12	89	13.047921116791354
12	90	13.032734072212218
12	91	14.01143760618853
12	92	11.918225132133767
12	93	7.183530012699641
12	94	8.231492250602804
12	95	6.135567774796478
12	96	8.66663488517914
12	97	9.203941584238327
12	98	17.755181895235946
12	99	4.81405580831259
13	0	24.188970978258595
13	1	22.17035935156854
13	2	19.91353260637795
13	3	17.86789935855092
13	4	16.289617883276996
13	5	14.467206450051046
13	6	12.331145648539032
13	7	10.364801610548822
13	8	9.318140740489152
13	9	6.748219138295785
13	10	6.099048442049279
13	11	3.3435268202353563
13	12	2.424334228134424
13	13	0.0
13	14	5.692096934263953
13	15	3.446153846153841
13	16	23.419144476995626
13	17	22.10360242613828
13	18	30.28920850254734
13	19	33.384881570166385
13	20	33.08096678834242
13	21	30.191777115137963
13	22	31.831961666879014
13	23	25.55715055913483
13	24	28.290530452076936
13	25	26.49322806850644
13	26	29.55905421178796
13	27	31.658427962104792
13	28	33.249299193163154
13	29	37.959056569341314
13	30	40.05869055002373
13	31	38.41098651200501
13	32	39.130939652511856
13	33	35.822710715720326
13	34	40.21959726640084
13	35	38.647051747732455
13	36	41.5227435449794
13	37	39.2220133061593
13	38	36.650728022132746
13	39	30.80716173052258
13	40	34.16718209284951
13	41	25.89132268611804
13	42	24.008607788791476
13	43	27.104318861980378
13	44	24.91905351988011
13	45	25.83670056869498
13	46	25.269343986707725
13	47	23.40271526765939
13	48	23.315686740744123
13	49	18.47691015049396
13	50	17.956887375561045
13	51	11.018306445324392
13	52	26.19959705523317
13	53	26.409452851827357
13	54	27.774282364016177
13	55	23.87738631503462
13	56	27.45741508973052
13	57	29.97934391429832
13	58	28.883682756466634
13	59	28.988010543912544
13	60	20.09307875497148
13	61	31.952734253483555
13	62	38.05180992183742
13	63	35.03391457777853
13	64	40.19188057566618
13	65	39.5038596595124
13	66	43.289539183389614
13	67	41.0707383984887
13	68	35.7595857229319
13	69	13.562808822586671
13	70	12.207564789014654
13	71	8.230836564674549
13	72	9.642022119934706
13	73	6.938528872366856
13	74	6.948470984357817
13	75	7.929774858828861
13	76	5.036812576110547
13	77	6.038586151255142
13	78	9.662713669946243
13	79	10.830527222447197
13	80	5.547145305026731
13	81	4.785956574143466
13	82	9.18292089855181
13	83	11.656600694647844
13	84	7.3357416961144395
13	85	12.125263655008698
13	86	11.34952203313837
13	87	10.661501116984592
13	88	11.384775619540196
13	89	10.62358688865693
13	90	10.608399844077795
13	91	11.587103378054106
13	92	9.493890903999343
13	93	4.759195784565216
13	94	5.80715802246838
13	95	3.711233546662054
13	96	6.2423006570447175
13	97	6.779607356103903
13	98	15.330847667101523
13	99	2.389721580178166
14	0	29.851017527552877
14	1	27.832405900862817
14	2	25.57557915567223
14	3	23.529945907845196
14	4	21.951664432571274
14	5	20.129252999345322
14	6	18.016668559020886
14	7	16.050324521030674
14	8	14.996528576306355
14	9	12.426606974112987
14	10	11.78075793031562
14	11	9.025236308501697
14	12	8.116431162398376
14	13	5.692096934263953
14	14	0.0
14	15	2.245943088110112
14	16	29.081191026289908
14	17	27.765648975432555
14	18	35.95125505184161
14	19	39.04692811946066
14	20	38.7430133376367
14	21	35.85382366443224
14	22	37.49400821617329
14	23	31.219197108429107
14	24	33.95257700137121
14	25	32.15527461780072
14	26	35.22110076108224
14	27	37.32047451139907
14	28	38.91134574245743
14	29	43.62110311863559
14	30	45.72073709931801
14	31	44.07303306129929
14	32	44.79298620180614
14	33	41.48475726501461
14	34	45.881643815695114
14	35	44.309098297026736
14	36	47.18479009427368
14	37	44.88405985545358
14	38	42.31277457142703
14	39	36.469208279816854
14	40	39.82922864214379
14	41	31.55336923541232
14	42	29.670654338085754
14	43	32.766365411274656
14	44	30.581100069174383
14	45	31.498747117989257
14	46	30.931390536002006
14	47	29.06476181695367
14	48	28.9777332900384
14	49	24.13895669978824
14	50	23.618933924855323
14	51	16.68035299461867
14	52	31.861643604527444
14	53	32.07149940112163
14	54	33.43632891331045
14	55	29.539432864328894
14	56	33.11946163902479
14	57	35.64139046359259
14	58	34.54572930576091
14	59	34.65005709320682
14	60	25.755125304265757
14	61	37.61478080277783
14	62	43.7138564711317
14	63	40.69596112707281
14	64	45.85392712496046
14	65	45.165906208806675
14	66	48.95158573268389
14	67	46.732784947782974
14	68	41.421632272226184
14	69	14.575158011935947
14	70	13.21991397836393
14	71	9.243185754023823
14	72	10.654371309283983
14	73	7.950878061716131
14	74	7.960820173707093
14	75	8.942124048178137
14	76	6.049161765459823
14	77	7.050935340604418
14	78	10.675062859295519
14	79	11.842876411796473
14	80	6.559494494376007
14	81	5.798305763492742
14	82	10.195270087901086
14	83	12.66894988399712
14	84	8.348090885463716
14	85	13.137612844357974
14	86	16.9548656475294
14	87	16.266844731375617
14	88	16.99011923393122
14	89	16.22893050304796
14	90	16.21374345846882
14	91	17.19244699244513
14	92	15.09923451839037
14	93	5.771544973914493
14	94	6.819507211817656
14	95	4.72358273601133
14	96	7.254649846393993
14	97	7.7919565454531785
14	98	16.940306543803025
14	99	7.827993781254017
15	0	27.605074439442763
15	1	25.586462812752707
15	2	23.329636067562117
15	3	21.284002819735083
15	4	19.70572134446116
15	5	17.883309911235212
15	6	15.770725470910772
15	7	13.804381432920563
15	8	12.750585488196243
15	9	10.180663886002876
15	10	9.534814842205508
15	11	6.779293220391585
15	12	5.870488074288264
15	13	3.446153846153841
15	14	2.245943088110112
15	15	0.0
15	16	26.835247938179794
15	17	25.519705887322445
15	18	33.7053119637315
15	19	36.80098503135055
15	20	36.49707024952659
15	21	33.60788057632213
15	22	35.24806512806318
15	23	28.973254020318997
15	24	31.7066339132611
15	25	29.909331529690608
15	26	32.975157672972124
15	27	35.07453142328896
15	28	36.66540265434732
15	29	41.37516003052548
15	30	43.4747940112079
15	31	41.82708997318918
15	32	42.54704311369603
15	33	39.23881417690449
15	34	43.635700727585004
15	35	42.06315520891662
15	36	44.93884700616356
15	37	42.63811676734347
15	38	40.06683148331691
15	39	34.223265191706744
15	40	37.58328555403367
15	41	29.30742614730221
15	42	27.424711249975644
15	43	30.520422323164546
15	44	28.335156981064273
15	45	29.252804029879144
15	46	28.685447447891892
15	47	26.818818728843556
15	48	26.73179020192829
15	49	21.893013611678125
15	50	21.37299083674521
15	51	14.434409906508558
15	52	29.615700516417334
15	53	29.82555631301152
15	54	31.19038582520034
15	55	27.293489776218784
15	56	30.873518550914685
15	57	33.39544737548248
15	58	32.2997862176508
15	59	32.40411400509671
15	60	23.509182216155644
15	61	35.36883771466772
15	62	41.46791338302159
15	63	38.4500180389627
15	64	43.60798403685035
15	65	42.919963120696565
15	66	46.70564264457378
15	67	44.486841859672865
15	68	39.175689184116074
15	69	12.329214923825834
15	70	10.973970890253817
15	71	6.997242665913712
15	72	8.408428221173871
15	73	5.704934973606019
15	74	5.7148770855969815
15	75	6.696180960068023
15	76	3.8032186773497108
15	77	4.804992252494307
15	78	8.429119771185407
15	79	9.596933323686361
15	80	4.313551406265894
15	81	3.5523626753826294
15	82	7.949326999790975
15	83	10.423006795887009
15	84	6.102147797353604
15	85	10.891669756247861
15	86	14.708922559419285
15	87	14.020901643265507
15	88	14.744176145821111
15	89	13.982987414937845
15	90	13.96780037035871
15	91	14.946503904335021
15	92	12.853291430280258
15	93	3.5256018858043805
15	94	4.573564123707543
15	95	2.4776396479012175
15	96	5.00870675828388
15	97	5.546013457343067
15	98	14.694363455692914
15	99	5.582050693143905
16	0	5.0572306006243295
16	1	3.038618973934272
16	2	7.915021452530539
16	3	5.869388204703506
16	4	11.009105215932895
16	5	9.186693782706945
16	6	15.443665496402119
16	7	13.47732145841191
16	8	19.255975722123978
16	9	16.68605411993061
16	10	22.835116949393623
16	11	20.079595327579703
16	12	25.843478705130053
16	13	23.419144476995626
16	14	29.081191026289908
16	15	26.835247938179794
16	16	0.0
16	17	1.3155420508573497
16	18	10.041552192091007
16	19	12.763073965237272
16	20	12.45915918341331
16	21	9.56996951020885
16	22	11.2101540619499
16	23	4.935342954205716
16	24	11.129977013152246
16	25	9.560972609089687
16	26	11.99807119317363
16	27	13.220211888258799
16	28	14.55445607746747
16	29	17.337248964412197
16	30	20.81897334351276
16	31	17.7891789070759
16	32	18.509132047582746
16	33	15.200903110791213
16	34	19.597789661471726
16	35	18.02524414280334
16	36	20.900935940050285
16	37	18.600205701230188
16	38	16.02892041720363
16	39	10.185354125593467
16	40	13.545374487920396
16	41	6.35596565234822
16	42	4.473250755021655
16	43	7.243034050314121
16	44	5.057768708213848
16	45	5.603813453233765
16	46	5.0364568712465125
16	47	3.7700024622860124
16	48	3.6829739353707454
16	49	5.047128004283944
16	50	5.516415445534525
16	51	12.400838031671237
16	52	13.759125125206646
16	53	13.968980921800835
16	54	12.259672997809835
16	55	11.436914385008098
16	56	15.016943159703999
16	57	14.126369889319992
16	58	13.030708731488307
16	59	12.772027974890872
16	60	7.65260682494496
16	61	14.391751234869227
16	62	19.35696680614174
16	63	16.339071462082856
16	64	21.4970374599705
16	65	20.809016543816718
16	66	24.182455681505264
16	67	21.963654896604346
16	68	17.064742607236226
16	69	22.549424266922134
16	70	21.194180233350117
16	71	29.257157005073562
16	72	30.66834256033372
16	73	27.96484931276587
16	74	28.85716976877569
16	75	29.671320489881538
16	76	27.469348541719985
16	77	27.35482446222385
16	78	31.40425930099892
16	79	31.856847662846214
16	80	27.979681270636167
16	81	27.2184925397529
16	82	31.29776536974874
16	83	33.77144516584477
16	84	29.450586167311368
16	85	34.24010812620563
16	86	16.15620442732511
16	87	15.468183511171333
16	88	16.191458013726937
16	89	15.430269282843671
