VERTICES = 100
;

DISTANCE_MATRIX = 
0	0	0
0	1	32.802438933713454
0	2	136.1581717827352
0	3	102.91663150554587
0	4	188.55940097340698
0	5	158.9452151834853
0	6	263.46924496205776
0	7	231.51615434471682
0	8	325.4192861300379
0	9	283.65806009439564
0	10	383.58033107316965
0	11	338.8031047186935
0	12	432.4662096038867
0	13	393.0707783967022
0	14	485.07903482273434
0	15	448.582459640945
0	16	82.1799972601454
0	17	60.802438933713454
0	18	172.664189662661
0	19	216.88891847628778
0	20	211.9503032716484
0	21	165.00097108207595
0	22	191.65397004786803
0	23	89.68828954702502
0	24	190.35109300490615
0	25	164.85477143888954
0	26	204.4576234302536
0	27	224.31740972538762
0	28	245.99887780002854
0	29	291.2192622128803
0	30	347.7972833732645
0	31	298.56312378116553
0	32	310.2623623144018
0	33	256.50364209153935
0	34	327.9530485400977
0	35	302.39918386173645
0	36	349.1291755669992
0	37	311.7423091861727
0	38	269.9589233207411
0	39	175.00097108207595
0	40	229.6013019698886
0	41	95.16131636380734
0	42	64.56719928225064
0	43	113.85419088978566
0	44	78.34362908065626
0	45	92.38069663906303
0	46	83.16115218177015
0	47	53.19031845709682
0	48	51.77610489472373
0	49	93.44071067689558
0	50	108.8287501687063
0	51	214.02329866018093
0	52	242.77278246337826
0	53	246.18293915803383
0	54	208.70865275559197
0	55	205.03685793515186
0	56	263.2123255239602
0	57	239.04247724263203
0	58	221.23798342786716
0	59	217.03442113315882
0	60	143.54186008412586
0	61	243.35492410780705
0	62	324.0396771409855
0	63	274.99887780002854
0	64	358.8158252657028
0	65	347.63548537820384
0	66	402.45387136564267
0	67	366.3983586110028
0	68	286.7910339087708
0	69	378.9378249830079
0	70	356.91510943746266
0	71	487.9384819779687
0	72	510.8702472509463
0	73	466.9384819779687
0	74	481.4386893881283
0	75	494.6686386060983
0	76	458.886594448473
0	77	457.02557815666086
0	78	522.8288942867557
0	79	530.1834551667743
0	80	467.17950129336094
0	81	454.8101844165079
0	82	521.0983679039402
0	83	561.2956645905008
0	84	491.081705864333
0	85	568.9114376963647
0	86	275.0480025895564
0	87	263.8676627020575
0	88	275.620873368586
0	89	263.251556491733
0	90	263.004767017322
0	91	278.9086994444371
0	92	244.8939967410472
0	93	454.3753215858614
0	94	471.40470795178777
0	95	437.345935219935
0	96	470.0039755842622
0	97	444.98398357786857
0	98	339.7445441414576
0	99	359.10947994565004
1	0	32.802438933713454
1	1	0
1	2	103.35573284902173
1	3	70.11419257183242
1	4	155.75696203969352
1	5	126.14277624977183
1	6	230.6668060283443
1	7	198.71371541100336
1	8	292.61684719632444
1	9	250.8556211606822
1	10	350.7778921394562
1	11	306.00066578498
1	12	399.6637706701732
1	13	360.26833946298876
1	14	452.2765958890209
1	15	415.78002070723153
1	16	49.37755832643195
1	17	28.0
1	18	139.86175072894756
1	19	184.08647954257432
1	20	179.14786433793498
1	21	132.1985321483625
1	22	158.8515311141546
1	23	56.88585061331157
1	24	157.5486540711927
1	25	132.0523325051761
1	26	171.65518449654016
1	27	191.51497079167416
1	28	213.19643886631508
1	29	258.41682327916686
1	30	314.99484443955106
1	31	265.76068484745207
1	32	277.45992338068834
1	33	223.7012031578259
1	34	295.15060960638425
1	35	269.596744928023
1	36	316.32673663328575
1	37	278.93987025245923
1	38	237.15648438702766
1	39	142.1985321483625
1	40	196.79886303617513
1	41	62.35887743009389
1	42	31.76476034853718
1	43	81.05175195607221
1	44	45.5411901469428
1	45	59.57825770534957
1	46	50.35871324805669
1	47	20.387879523383372
1	48	18.973665961010276
1	49	60.63827174318213
1	50	76.02631123499285
1	51	181.22085972646747
1	52	209.9703435296648
1	53	213.38050022432037
1	54	175.9062138218785
1	55	172.2344190014384
1	56	230.40988659024677
1	57	206.24003830891857
1	58	188.4355444941537
1	59	184.23198219944535
1	60	110.73942115041241
1	61	210.5524851740936
1	62	291.237238207272
1	63	242.19643886631508
1	64	326.01338633198935
1	65	314.8330464444904
1	66	369.6514324319292
1	67	333.5959196772893
1	68	253.98859497505737
1	69	346.1353860492944
1	70	324.1126705037492
1	71	455.13604304425525
1	72	478.06780831723285
1	73	434.13604304425525
1	74	448.63625045441484
1	75	461.8661996723848
1	76	426.0841555147595
1	77	424.2231392229474
1	78	490.02645535304225
1	79	497.3810162330608
1	80	434.3770623596475
1	81	422.00774548279446
1	82	488.2959289702268
1	83	528.4932256567874
1	84	458.27926693061954
1	85	536.1089987626513
1	86	242.24556365584297
1	87	231.06522376834403
1	88	242.81843443487253
1	89	230.44911755801957
1	90	230.20232808360856
1	91	246.10626051072364
1	92	212.09155780733374
1	93	421.57288265214794
1	94	438.6022690180743
1	95	404.5434962862215
1	96	437.20153665054875
1	97	412.1815446441551
1	98	306.94210520774413
1	99	326.3070410119366
2	0	136.1581717827352
2	1	103.35573284902173
2	2	0
2	3	33.24154027718932
2	4	118.89142897159861
2	5	89.27724318167692
2	6	193.99337141899724
2	7	162.0402808016563
2	8	255.94341258697736
2	9	214.18218655133515
2	10	314.10445753010913
2	11	269.32723117563296
2	12	362.99033606082617
2	13	323.5949048536417
2	14	415.6031612796738
2	15	379.1065860978845
2	16	128.61909860362127
2	17	107.24154027718933
2	18	242.36021664259715
2	19	286.5849454562239
2	20	281.6463302515846
2	21	234.69699806201209
2	22	261.3499970278042
2	23	159.38431652696116
2	24	231.2298330273183
2	25	202.02366929429786
2	26	251.84334412262245
2	27	285.958167565271
2	28	311.8098250699693
2	29	360.91528919281643
2	30	417.4933103532006
2	31	368.25915076110164
2	32	379.9583892943379
2	33	326.19966907147545
2	34	397.6490755200339
2	35	372.0952108416726
2	36	418.8252025469353
2	37	381.4383361661088
2	38	339.6549503006772
2	39	244.69699806201209
2	40	299.29732894982476
2	41	163.66050396518966
2	42	133.06638688363296
2	43	183.33831417136847
2	44	147.82775236223907
2	45	162.87703052240516
2	46	153.65748606511227
2	47	123.22211314150054
2	48	121.80789957912745
2	49	48.10760902450783
2	50	63.308133033935135
2	51	144.5474251171204
2	52	197.25216532860708
2	53	200.66232202326265
2	54	222.84080159633092
2	55	159.51624080038067
2	56	217.69170838918905
2	57	258.6730517884157
2	58	240.86855797365087
2	59	242.56388451964693
2	60	98.0212429493547
2	61	290.74064480017586
2	62	389.85062441092623
2	63	340.8098250699693
2	64	424.62677253564357
2	65	413.4464326481446
2	66	472.1498983455788
2	67	436.0943855909389
2	68	352.6019811787116
2	69	309.46195143994737
2	70	287.43923589440215
2	71	418.4626084349082
2	72	441.3943737078858
2	73	397.4626084349082
2	74	411.9628158450678
2	75	425.19276506303777
2	76	389.41072090541246
2	77	387.54970461360034
2	78	453.3530207436952
2	79	460.70758162371374
2	80	397.7036277503004
2	81	385.3343108734474
2	82	451.6224943608797
2	83	491.81979104744033
2	84	421.6058323212725
2	85	499.4355641533042
2	86	205.57212904649592
2	87	194.39178915899697
2	88	206.14499982552547
2	89	193.7756829486725
2	90	193.5288934742615
2	91	209.4328259013766
2	92	175.4181231979867
2	93	384.8994480428009
2	94	401.92883440872725
2	95	367.87006167687446
2	96	400.5281020412017
2	97	375.50811003480806
2	98	270.2686705983971
2	99	289.6336064025895
3	0	102.91663150554587
3	1	70.11419257183242
3	2	33.24154027718932
3	3	0
3	4	85.6498886944093
3	5	56.0357029044876
3	6	160.75183114180788
3	7	128.79874052446698
3	8	222.70187230978803
3	9	180.94064627414582
3	10	280.86291725291983
3	11	236.0856908984436
3	12	329.7487957836368
3	13	290.35336457645235
3	14	382.36162100248447
3	15	345.8650458206952
3	16	95.37755832643195
3	17	74.0
3	18	209.1186763654078
3	19	253.3434051790346
3	20	248.40478997439521
3	21	201.45545778482276
3	22	228.10845675061483
3	23	126.14277624977183
3	24	197.988292750129
3	25	168.78212901710853
3	26	218.60180384543312
3	27	252.71662728808172
3	28	278.56828479278
3	29	327.67374891562713
3	30	384.2517700760113
3	31	335.01761048391234
3	32	346.7168490171486
3	33	292.95812879428615
3	34	364.4075352428445
3	35	338.85367056448325
3	36	385.583662269746
3	37	348.1967958889195
3	38	306.4134100234879
3	39	211.45545778482276
3	40	266.0557886726354
3	41	130.41896368800033
3	42	99.82484660644363
3	43	150.09677389417914
3	44	114.58621208504974
3	45	129.63549024521583
3	46	120.41594578792295
3	47	89.98057286431121
3	48	88.56635930193812
3	49	14.866068747318506
3	50	30.066592756745816
3	51	111.30588483993108
3	52	164.01062505141778
3	53	167.42078174607335
3	54	189.59926131914162
3	55	126.27470052319137
3	56	184.45016811199974
3	57	225.43151151122643
3	58	207.62701769646156
3	59	209.32234424245763
3	60	64.77970267216539
3	61	257.49910452298656
3	62	356.6090841337369
3	63	307.56828479278
3	64	391.38523225845427
3	65	380.2048923709553
3	66	438.9083580683895
3	67	402.8528453137496
3	68	319.3604409015223
3	69	276.22041116275807
3	70	254.1976956172128
3	71	385.2210681577189
3	72	408.1528334306965
3	73	364.2210681577189
3	74	378.7212755678785
3	75	391.95122478584847
3	76	356.16918062822316
3	77	354.30816433641104
3	78	420.1114804665059
3	79	427.46604134652443
3	80	364.4620874731111
3	81	352.0927705962581
3	82	418.3809540836904
3	83	458.57825077025103
3	84	388.3642920440832
3	85	466.1940238761149
3	86	172.33058876930656
3	87	161.1502488818076
3	88	172.90345954833612
3	89	160.53414267148315
3	90	160.28735319707215
3	91	176.19128562418723
3	92	142.17658292079733
3	93	351.6579077656116
3	94	368.68729413153795
3	95	334.62852139968516
3	96	367.2865617640124
3	97	342.26656975761875
3	98	237.02713032120775
3	99	256.39206612540016
4	0	188.55940097340698
4	1	155.75696203969352
4	2	118.89142897159861
4	3	85.6498886944093
4	4	0
4	5	29.614185789921695
4	6	135.10475716860674
4	7	103.1516665512658
4	8	197.05479833658686
4	9	155.29357230094465
4	10	255.21584327971865
4	11	210.43861692524246
4	12	304.1017218104356
4	13	264.7062906032512
4	14	356.71454702928327
4	15	320.217971847494
4	16	178.89795975890948
4	17	157.52040143247754
4	18	294.41937285586744
4	19	338.8587654563622
4	20	333.9201502517228
4	21	286.97081806215033
4	22	313.62381702794244
4	23	211.65813652709943
4	24	261.94085453572336
4	25	232.73469080270286
4	26	282.55436563102745
4	27	316.6691890736761
4	28	342.52084657837435
4	29	413.18910919295473
4	30	453.1734561273588
4	31	420.53297076123994
4	32	432.2322092944762
4	33	378.47348907161376
4	34	449.9228955201721
4	35	424.36903084181085
4	36	471.0990225470736
4	37	433.7121561662471
4	38	391.92877030081553
4	39	296.97081806215033
4	40	351.571148949963
4	41	215.6335260497
4	42	185.0394089681433
4	43	235.42448335926886
4	44	199.91392155013946
4	45	215.24234681681415
4	46	206.02280235952125
4	47	175.52753429780233
4	48	174.11332073542923
4	49	97.09010742127104
4	50	94.01915454234016
4	51	85.65881086672991
4	52	227.96318683701213
4	53	231.3733435316677
4	54	253.55182310473597
4	55	190.22726230878573
4	56	248.4027298975941
4	57	289.38407329682076
4	58	271.5795794820559
4	59	273.274906028052
4	60	128.73226445775973
4	61	321.4516663085809
4	62	420.5616459193313
4	63	371.52084657837435
4	64	455.3377940440486
4	65	444.15745415654965
4	66	505.6747464195544
4	67	469.61923366491453
4	68	383.31300268711664
4	69	250.57333718955687
4	70	228.55062164401164
4	71	359.5739941845177
4	72	382.5057594574953
4	73	338.5739941845177
4	74	353.0742015946772
4	75	366.30415081264726
4	76	330.52210665502196
4	77	328.66109036320984
4	78	394.46440649330475
4	79	401.8189673733233
4	80	338.8150134999099
4	81	326.44569662305696
4	82	392.7338801104893
4	83	432.93117679704983
4	84	362.717218070882
4	85	440.54694990291375
4	86	146.68351479610538
4	87	135.50317490860644
4	88	147.25638557513497
4	89	134.88706869828198
4	90	134.640279223871
4	91	150.54421165098609
4	92	116.52950894759617
4	93	326.0108337924104
4	94	343.04022015833675
4	95	308.98144742648395
4	96	341.63948779081113
4	97	316.61949578441755
4	98	211.38005634800658
4	99	230.744992152199
5	0	158.9452151834853
5	1	126.14277624977183
5	2	89.27724318167692
5	3	56.0357029044876
5	4	29.614185789921695
5	5	0
5	6	105.49057137868503
5	7	73.53748076134411
5	8	167.44061254666516
5	9	125.67938651102295
5	10	225.60165748979696
5	11	180.82443113532076
5	12	274.48753602051397
5	13	235.0921048133295
5	14	327.10036123936163
5	15	290.6037860575723
5	16	149.2837739689878
5	17	127.90621564255585
5	18	264.80518706594574
5	19	309.2445796664405
5	20	304.3059644618011
5	21	257.3566322722287
5	22	284.00963123802075
5	23	182.04395073717774
5	24	232.32666874580167
5	25	203.12050501278117
5	26	252.94017984110576
5	27	287.0550032837544
5	28	312.90666078845265
5	29	383.57492340303304
5	30	423.5592703374371
5	31	390.91878497131825
5	32	402.6180235045545
5	33	348.85930328169206
5	34	420.3087097302504
5	35	394.75484505188916
5	36	441.4848367571519
5	37	404.0979703763254
5	38	362.31458451089384
5	39	267.3566322722287
5	40	321.9569631600413
5	41	186.01934025977832
5	42	155.42522317822161
5	43	205.81029756934717
5	44	170.29973576021777
5	45	185.62816102689246
5	46	176.40861656959956
5	47	145.91334850788064
5	48	144.49913494550754
5	49	67.47592163134935
5	50	64.40496875241847
5	51	56.04462507680822
5	52	198.34900104709044
5	53	201.759157741746
5	54	223.93763731481428
5	55	160.61307651886403
5	56	218.7885441076724
5	57	259.76988750689907
5	58	241.96539369213423
5	59	243.6607202381303
5	60	99.11807866783803
5	61	291.8374805186592
5	62	390.9474601294096
5	63	341.90666078845265
5	64	425.72360825412693
5	65	414.54326836662796
5	66	476.06056062963273
5	67	440.00504787499284
5	68	353.69881689719494
5	69	220.95915139963518
5	70	198.93643585408995
5	71	329.959808394596
5	72	352.8915736675736
5	73	308.959808394596
5	74	323.4600158047556
5	75	336.6899650227256
5	76	300.90792086510027
5	77	299.04690457328815
5	78	364.850220703383
5	79	372.20478158340154
5	80	309.20082770998823
5	81	296.8315108331352
5	82	363.11969432056753
5	83	403.31699100712814
5	84	333.1030322809603
5	85	410.932764112992
5	86	117.06932900618371
5	87	105.88898911868475
5	88	117.64219978521328
5	89	105.2728829083603
5	90	105.02609343394931
5	91	120.93002586106438
5	92	86.91532315767448
5	93	296.3966480024887
5	94	313.42603436841506
5	95	279.36726163656226
5	96	312.0253020008895
5	97	287.00530999449586
5	98	181.76587055808488
5	99	201.1308063622773
6	0	263.46924496205776
6	1	230.6668060283443
6	2	193.99337141899724
6	3	160.75183114180788
6	4	135.10475716860674
6	5	105.49057137868503
6	6	0
6	7	31.953090617340916
6	8	132.71431665298311
6	9	90.95309061734092
6	10	190.88810251445983
6	11	146.1108761599836
6	12	239.7765479959437
6	13	200.3811167887593
6	14	292.77086408408945
6	15	256.27428890230016
6	16	250.9595643165344
6	17	229.58200599010246
6	18	362.59810473174974
6	19	412.9027920805592
6	20	407.96417687591986
6	21	361.0148446863474
6	22	387.6678436521395
6	23	285.7021631512965
6	24	330.11958641160567
6	25	300.91342267858516
6	26	350.73309750690976
6	27	384.8479209495584
6	28	410.69957845425665
6	29	487.2331358171517
6	30	521.3521880032412
6	31	494.5769973854369
6	32	506.2762359186732
6	33	452.51751569581074
6	34	523.9669221443692
6	35	498.4130574660079
6	36	545.1430491712706
6	37	507.7561827904441
6	38	465.9727969250125
6	39	371.0148446863474
6	40	425.61517557416005
6	41	291.1324602147737
6	42	260.538343133217
6	43	310.84364807253655
6	44	275.33308626340715
6	45	290.2448508066489
6	46	281.025306349356
6	47	250.69258966482056
6	48	249.27837610244745
6	49	170.64825651088233
6	50	162.19788641822248
6	51	49.445946301876816
6	52	296.14191871289444
6	53	299.55207540755
6	54	321.7305549806183
6	55	258.40599418466803
6	56	316.5814617734764
6	57	357.56280517270307
6	58	339.7583113579382
6	59	341.4536379039343
6	60	196.91099633364206
6	61	389.6303981844632
6	62	488.7403777952136
6	63	439.69957845425665
6	64	523.5165259199309
6	65	512.336186032432
6	66	573.8534782954368
6	67	537.7979655407969
6	68	451.49173456299894
6	69	199.83476749067887
6	70	177.81205194513365
6	71	308.8354244856397
6	72	331.7671897586173
6	73	287.8354244856397
6	74	300.25474508112694
6	75	315.56558111376927
6	76	269.19029594710884
6	77	277.92252066433184
6	78	343.72583679442675
6	79	351.0803976744453
6	80	277.48320279199675
6	81	265.1138859151438
6	82	336.5645561867793
6	83	376.7618528733399
6	84	306.54789414717203
6	85	384.3776259792038
6	86	95.9449450972274
6	87	84.76460520972844
6	88	96.51781587625698
6	89	84.148498999404
6	90	83.90170952499301
6	91	99.80564195210808
6	92	65.79093924871817
6	93	264.6790230844972
6	94	281.70840945042363
6	95	247.6496367185708
6	96	288.7794772622891
6	97	265.88092608553956
6	98	160.64148664912858
6	99	168.32024208718718
7	0	231.51615434471682
7	1	198.71371541100336
7	2	162.0402808016563
7	3	128.79874052446698
7	4	103.1516665512658
7	5	73.53748076134411
7	6	31.953090617340916
7	7	0
7	8	100.76122603564221
7	9	59.0
7	10	158.9350118971189
7	11	114.15778554264269
7	12	207.82345737860282
7	13	168.4280261714184
7	14	260.8177734667486
7	15	224.32119828495925
7	16	219.0064736991935
7	17	197.62891537276155
7	18	330.64501411440887
7	19	380.94970146321833
7	20	376.011086258579
7	21	329.0617540690065
7	22	355.7147530347986
7	23	253.74907253395554
7	24	298.1664957942648
7	25	268.9603320612443
7	26	318.7800068895689
7	27	352.8948303322175
7	28	378.7464878369158
7	29	455.28004519981084
7	30	489.39909738590023
7	31	462.62390676809605
7	32	474.3231453013323
7	33	420.56442507846987
7	34	492.0138315270283
7	35	466.459966848667
7	36	513.1899585539297
7	37	475.8030921731032
7	38	434.01970630767164
7	39	339.0617540690065
7	40	393.66208495681917
7	41	259.1793695974328
7	42	228.58525251587608
7	43	278.8905574551957
7	44	243.37999564606625
7	45	258.291760189308
7	46	249.07221573201508
7	47	218.73949904747965
7	48	217.32528548510655
7	49	138.6951658935414
7	50	130.24479580088158
7	51	17.4928556845359
7	52	264.18882809555356
7	53	267.5989847902091
7	54	289.7774643632774
7	55	226.45290356732713
7	56	284.6283711561355
7	57	325.60971455536213
7	58	307.8052207405973
7	59	309.5005472865934
7	60	164.95790571630113
7	61	357.67730756712234
7	62	456.7872871778727
7	63	407.7464878369158
7	64	491.56343530259005
7	65	480.3830954150911
7	66	541.9003876780959
7	67	505.84487492345596
7	68	419.53864394565807
7	69	167.88167687333797
7	70	145.85896132779274
7	71	276.8823338682988
7	72	299.8140991412764
7	73	255.88233386829882
7	74	268.30165446378606
7	75	283.61249049642834
7	76	237.2372053297679
7	77	245.96943004699094
7	78	311.7727461770858
7	79	319.12730705710436
7	80	245.53011217465587
7	81	233.16079529780288
7	82	304.61146556943845
7	83	344.808762255999
7	84	274.59480352983115
7	85	352.4245353618629
7	86	63.991854479886484
7	87	52.81151459238754
7	88	64.56472525891607
7	89	52.19540838206308
7	90	51.9486189076521
7	91	67.85255133476716
7	92	33.83784863137726
7	93	232.7259324671563
7	94	249.7553188330827
7	95	215.6965461012299
7	96	256.8263866449482
7	97	233.92783546819865
7	98	128.68839603178768
7	99	136.36715146984628
8	0	325.4192861300379
8	1	292.61684719632444
8	2	255.94341258697736
8	3	222.70187230978803
8	4	197.05479833658686
8	5	167.44061254666516
8	6	132.71431665298311
8	7	100.76122603564221
8	8	0
8	9	41.7612260356422
8	10	141.86475716461064
8	11	97.08753081013441
8	12	190.81521824013316
8	13	151.41978703294873
8	14	243.69358936497838
8	15	207.19701418318905
8	16	312.90960548451454
8	17	291.5320471580826
8	18	424.5481458997299
8	19	474.85283324853935
8	20	469.9142180439
8	21	422.9648858543275
8	22	449.6178848201196
8	23	347.6522043192766
8	24	392.0696275795858
8	25	362.8634638465653
8	26	412.6831386748899
8	27	446.79796211753853
8	28	472.6496196222368
8	29	549.1831769851319
8	30	583.3022291712213
8	31	556.527038553417
8	32	568.2262770866533
8	33	514.4675568637908
8	34	585.9169633123493
8	35	560.3630986339881
8	36	607.0930903392507
8	37	569.7062239584243
8	38	527.9228380929926
8	39	432.9648858543275
8	40	487.5652167421402
8	41	353.08250138275383
8	42	322.48838430119713
8	43	372.7936892405167
8	44	337.2831274313873
8	45	352.19489197462906
8	46	342.9753475173361
8	47	312.6426308328007
8	48	311.2284172704276
8	49	232.59829767886245
8	50	224.14792758620263
8	51	111.39598746985695
8	52	358.0919598808746
8	53	361.5021165755301
8	54	383.68059614859845
8	55	320.3560353526482
8	56	378.53150294145655
8	57	419.5128463406832
8	58	401.7083525259184
8	59	403.40367907191444
8	60	258.86103750162215
8	61	451.58043935244336
8	62	550.6904189631937
8	63	501.6496196222368
8	64	585.466567087911
8	65	574.2862272004121
8	66	635.8035194634169
8	67	599.748006708777
8	68	513.4417757309791
8	69	224.63127674053771
8	70	202.6085611949925
8	71	272.53881462478284
8	72	295.47057989776044
8	73	251.53881462478287
8	74	251.700373944636
8	75	267.6465619047905
8	76	220.63592481061784
8	77	236.91474540671754
8	78	295.8068175854479
8	79	314.78378781358845
8	80	228.9288316555058
8	81	216.5595147786528
8	82	288.0101850502883
8	83	328.2074817368489
8	84	257.9935230106811
8	85	335.8232548427128
8	86	120.74145434708623
8	87	109.56111445958729
8	88	121.3143251261158
8	89	108.94500824926283
8	90	108.69821877485184
8	91	124.6021512019669
8	92	90.587448498577
8	93	216.12465194800623
8	94	233.15403831393263
8	95	199.09526558207983
8	96	240.2251061257981
8	97	248.95633998550986
8	98	185.43799589898742
8	99	119.40786150685886
9	0	283.65806009439564
9	1	250.8556211606822
9	2	214.18218655133515
9	3	180.94064627414582
9	4	155.29357230094465
9	5	125.67938651102295
9	6	90.95309061734092
9	7	59.0
9	8	41.7612260356422
9	9	0
9	10	100.10353112896843
9	11	55.326304774492215
9	12	149.05399220449095
9	13	109.65856099730654
9	14	201.93236332933617
9	15	165.43578814754684
9	16	271.14837944887233
9	17	249.7708211224404
9	18	382.7869198640877
9	19	433.09160721289715
9	20	428.1529920082578
9	21	381.2036598186853
9	22	407.8566587844774
9	23	305.89097828363435
9	24	350.3084015439436
9	25	321.1022378109231
9	26	370.9219126392477
9	27	405.0367360818963
9	28	430.8883935865946
9	29	507.42195094948966
9	30	541.5410031355791
9	31	514.7658125177749
9	32	526.4650510510112
9	33	472.7063308281487
9	34	544.1557372767071
9	35	518.6018725983458
9	36	565.3318643036085
9	37	527.944997922782
9	38	486.16161205735045
9	39	391.2036598186853
9	40	445.803990706498
9	41	311.3212753471116
9	42	280.7271582655549
9	43	331.0324632048745
9	44	295.5219013957451
9	45	310.4336659389868
9	46	301.21412148169395
9	47	270.8814047971585
9	48	269.4671912347854
9	49	190.83707164322024
9	50	182.38670155056042
9	51	69.63476143421474
9	52	316.3307338452324
9	53	319.7408905398879
9	54	341.91937011295624
9	55	278.59480931700597
9	56	336.77027690581434
9	57	377.751620305041
9	58	359.94712649027616
9	59	361.64245303627223
9	60	217.09981146597997
9	61	409.81921331680115
9	62	508.9291929275515
9	63	459.8883935865946
9	64	543.7053410522689
9	65	532.52500116477
9	66	594.0422934277747
9	67	557.9867806731347
9	68	471.6805496953369
9	69	182.8700507048955
9	70	160.84733515935028
9	71	230.77758858914066
9	72	253.70935386211826
9	73	209.77758858914066
9	74	209.9391479089938
9	75	225.88533586914826
9	76	178.87469877497563
9	77	195.15351937107533
9	78	254.04559154980572
9	79	273.0225617779462
9	80	187.1676056198636
9	81	174.7982887430106
9	82	246.24895901464615
9	83	286.4462557012067
9	84	216.23229697503888
9	85	294.06202880707065
9	86	78.98022831144404
9	87	67.79988842394508
9	88	79.55309909047361
9	89	67.18378221362063
9	90	66.93699273920964
9	91	82.84092516632471
9	92	48.82622246293481
9	93	174.36342591236402
9	94	191.39281227829042
9	95	157.33403954643762
9	96	198.4638800901559
9	97	207.19511394986765
9	98	143.6767698633452
9	99	77.64663547121665
10	0	383.58033107316965
10	1	350.7778921394562
10	2	314.10445753010913
10	3	280.86291725291983
10	4	255.21584327971865
10	5	225.60165748979696
10	6	190.88810251445983
10	7	158.9350118971189
10	8	141.86475716461064
10	9	100.10353112896843
10	10	0
10	11	44.77722635447622
10	12	138.50496839048515
10	13	99.10953718330072
10	14	191.43731636762882
10	15	154.9407411858395
10	16	371.07065042764634
10	17	349.6930921012144
10	18	482.7091908428617
10	19	533.0138781916712
10	20	528.0752629870318
10	21	481.1259307974593
10	22	507.7789297632514
10	23	405.81324926240836
10	24	450.2306725227176
10	25	421.0245087896971
10	26	470.8441836180217
10	27	504.95900706067033
10	28	530.8106645653686
10	29	607.3442219282637
10	30	641.463274114353
10	31	614.6880834965489
10	32	626.3873220297851
10	33	572.6286018069227
10	34	644.0780082554811
10	35	618.5241435771198
10	36	665.2541352823825
10	37	627.867268901556
10	38	586.0838830361245
10	39	491.1259307974593
10	40	545.726261685272
10	41	411.24354632588563
10	42	380.6494292443289
10	43	430.9547341836485
10	44	395.4441723745191
10	45	410.3559369177608
10	46	401.13639246046796
10	47	370.8036757759325
10	48	369.3894622135594
10	49	290.7593426219943
10	50	282.3089725293344
10	51	169.55703241298875
10	52	416.2530048240064
10	53	419.6631615186619
10	54	441.84164109173025
10	55	378.51708029578
10	56	436.69254788458835
10	57	477.673891283815
10	58	459.86939746905017
10	59	461.56472401504624
10	60	317.022082444754
10	61	509.74148429557516
10	62	608.8514639063255
10	63	559.8106645653686
10	64	643.6276120310428
10	65	632.4472721435438
10	66	693.9645644065488
10	67	657.9090516519088
10	68	571.602820674111
10	69	279.72199611830774
10	70	257.6992805727625
10	71	223.52509629618132
10	72	246.45686156915892
10	73	202.52509629618132
10	74	202.68665561603444
10	75	218.63284357618892
10	76	171.62220648201628
10	77	187.901027078116
10	78	246.79309925684638
10	79	265.77006948498683
10	80	179.91511332690425
10	81	167.54579645005126
10	82	238.9964667216868
10	83	279.1937634082474
10	84	208.97980468207953
10	85	286.8095365141113
10	86	175.8321737248563
10	87	164.65183383735734
10	88	176.40504450388585
10	89	164.03572762703288
10	90	163.78893815262188
10	91	179.69287057973696
10	92	145.67816787634706
10	93	167.11093361940468
10	94	184.14031998533108
10	95	150.08154725347828
10	96	191.21138779719655
10	97	199.9426216569083
10	98	240.52871527675748
10	99	71.9801673719471
11	0	338.8031047186935
11	1	306.00066578498
11	2	269.32723117563296
11	3	236.0856908984436
11	4	210.43861692524246
11	5	180.82443113532076
11	6	146.1108761599836
11	7	114.15778554264269
11	8	97.08753081013441
11	9	55.326304774492215
11	10	44.77722635447622
11	11	0
11	12	93.72774203600892
11	13	54.3323108288245
11	14	146.6600900131526
11	15	110.16351483136329
11	16	326.2934240731701
11	17	304.9158657467382
11	18	437.93196448838546
11	19	488.2366518371949
11	20	483.2980366325556
11	21	436.3487044429831
11	22	463.0017034087752
11	23	361.0360229079322
11	24	405.4534461682414
11	25	376.2472824352209
11	26	426.0669572635455
11	27	460.1817807061941
11	28	486.03343821089237
11	29	562.5669955737875
11	30	596.6860477598768
11	31	569.9108571420727
11	32	581.6100956753089
11	33	527.8513754524465
11	34	599.3007819010049
11	35	573.7469172226437
11	36	620.4769089279064
11	37	583.0900425470799
11	38	541.3066566816483
11	39	446.3487044429831
11	40	500.94903533079577
11	41	366.4663199714094
11	42	335.8722028898527
11	43	386.17750782917227
11	44	350.6669460200429
11	45	365.57871056328463
11	46	356.35916610599173
11	47	326.0264494214563
11	48	324.61223585908317
11	49	245.98211626751805
11	50	237.5317461748582
11	51	124.77980605851253
11	52	371.47577846953016
11	53	374.8859351641857
11	54	397.064414737254
11	55	333.73985394130375
11	56	391.9153215301121
11	57	432.8966649293388
11	58	415.09217111457394
11	59	416.78749766057
11	60	272.2448560902778
11	61	464.96425794109894
11	62	564.0742375518494
11	63	515.0334382108924
11	64	598.8503856765666
11	65	587.6700457890677
11	66	649.1873380520724
11	67	613.1318252974326
11	68	526.8255943196347
11	69	234.94476976383157
11	70	212.92205421828632
11	71	178.7478699417051
11	72	201.6796352146827
11	73	157.7478699417051
11	74	157.90942926155822
11	75	173.8556172217127
11	76	126.84498012754007
11	77	143.12380072363976
11	78	202.01587290237015
11	79	220.99284313051064
11	80	135.13788697242802
11	81	122.76857009557503
11	82	194.21924036721057
11	83	234.41653705377112
11	84	164.2025783276033
11	85	242.03231015963505
11	86	131.05494737038006
11	87	119.87460748288112
11	88	131.62781814940965
11	89	119.25850127255667
11	90	119.01171179814568
11	91	134.91564422526073
11	92	100.90094152187085
11	93	122.33370726492845
11	94	139.36309363085485
11	95	105.30432089900205
11	96	146.43416144272032
11	97	155.16539530243207
11	98	195.75148892228128
11	99	27.202941017470888
12	0	432.4662096038867
12	1	399.6637706701732
12	2	362.99033606082617
12	3	329.7487957836368
12	4	304.1017218104356
12	5	274.48753602051397
12	6	239.7765479959437
12	7	207.82345737860282
12	8	190.81521824013316
12	9	149.05399220449095
12	10	138.50496839048515
12	11	93.72774203600892
12	12	0
12	13	39.395431207184416
12	14	131.89200638897373
12	15	95.39543120718442
12	16	419.9565289583633
12	17	398.5789706319314
12	18	531.5950693735787
12	19	581.8997567223881
12	20	576.9611415177487
12	21	530.0118093281762
12	22	556.6648082939685
12	23	454.6991277931254
12	24	499.1165510534346
12	25	469.9103873204141
12	26	519.7300621487386
12	27	553.8448855913873
12	28	579.6965430960856
12	29	656.2301004589806
12	30	690.34915264507
12	31	663.5739620272659
12	32	675.2732005605021
12	33	621.5144803376397
12	34	692.9638867861981
12	35	667.4100221078368
12	36	714.1400138130996
12	37	676.753147432273
12	38	634.9697615668415
12	39	540.0118093281762
12	40	594.612140215989
12	41	460.1294248566026
12	42	429.5353077750459
12	43	479.8406127143655
12	44	444.3300509052361
12	45	459.24181544847784
12	46	450.0222709911849
12	47	419.6895543066495
12	48	418.2753407442764
12	49	339.6452211527112
12	50	331.1948510600514
12	51	218.44291094370573
12	52	465.13888335472336
12	53	468.5490400493789
12	54	490.72751962244723
12	55	427.40295882649696
12	56	485.57842641530533
12	57	526.559769814532
12	58	508.75527599976715
12	59	510.4506025457632
12	60	365.9079609754709
12	61	558.6273628262921
12	62	657.7373424370426
12	63	608.6965430960856
12	64	692.5134905617598
12	65	681.3331506742609
12	66	742.8504429372656
12	67	706.7949301826258
12	68	620.4886992048279
12	69	259.7910745742179
12	70	237.76835902867265
12	71	173.14652538314587
12	72	196.07829065612347
12	73	152.14652538314587
12	74	152.308084702999
12	75	168.25427266315347
12	76	121.24363556898085
12	77	137.52245616508054
12	78	196.41452834381093
12	79	215.39149857195142
12	80	129.5365424138688
12	81	117.16722553701581
12	82	188.61789580865135
12	83	228.8151924952119
12	84	158.6012337690441
12	85	236.43096560107583
12	86	223.82516424568294
12	87	212.644824358184
12	88	224.3980350247125
12	89	212.02871814785954
12	90	211.78192867344853
12	91	227.6858611005636
12	92	193.6711583971737
12	93	116.73236270636923
12	94	133.76174907229563
12	95	99.70297634044283
12	96	140.8328168841611
12	97	149.56405074387285
12	98	288.5217057975841
12	99	78.22840688507961
13	0	393.0707783967022
13	1	360.26833946298876
13	2	323.5949048536417
13	3	290.35336457645235
13	4	264.7062906032512
13	5	235.0921048133295
13	6	200.3811167887593
13	7	168.4280261714184
13	8	151.41978703294873
13	9	109.65856099730654
13	10	99.10953718330072
13	11	54.3323108288245
13	12	39.395431207184416
13	13	0
13	14	92.49657518178932
13	15	56.0
13	16	380.56109775117886
13	17	359.183539424747
13	18	492.19963816639427
13	19	542.5043255152037
13	20	537.5657103105643
13	21	490.61637812099184
13	22	517.269377086784
13	23	415.30369658594094
13	24	459.7211198462502
13	25	430.5149561132297
13	26	480.3346309415542
13	27	514.4494543842029
13	28	540.3011118889011
13	29	616.8346692517962
13	30	650.9537214378856
13	31	624.1785308200814
13	32	635.8777693533177
13	33	582.1190491304552
13	34	653.5684555790136
13	35	628.0145909006524
13	36	674.7445826059151
13	37	637.3577162250886
13	38	595.574330359657
13	39	500.61637812099184
13	40	555.2167090088045
13	41	420.73399364941815
13	42	390.1398765678615
13	43	440.445181507181
13	44	404.9346196980516
13	45	419.8463842412934
13	46	410.6268397840005
13	47	380.2941230994651
13	48	378.879909537092
13	49	300.2497899455268
13	50	291.79941985286695
13	51	179.0474797365213
13	52	425.74345214753896
13	53	429.1536088421945
13	54	451.33208841526283
13	55	388.00752761931255
13	56	446.18299520812093
13	57	487.1643386073476
13	58	469.35984479258275
13	59	471.0551713385788
13	60	326.5125297682865
13	61	519.2319316191077
13	62	618.341911229858
13	63	569.3011118889011
13	64	653.1180593545754
13	65	641.9377194670765
13	66	703.4550117300812
13	67	667.3994989754414
13	68	581.0932679976435
13	69	220.39564336703344
13	70	198.3729278214882
13	71	133.75109417596144
13	72	156.68285944893904
13	73	112.75109417596144
13	74	112.91265349581457
13	75	128.85884145596907
13	76	81.84820436179642
13	77	98.12702495789614
13	78	157.0190971366265
13	79	175.996067364767
13	80	90.14111120668437
13	81	77.77179432983138
13	82	149.22246460146692
13	83	189.41976128802747
13	84	119.20580256185966
13	85	197.0355343938914
13	86	184.4297330384985
13	87	173.24939315099957
13	88	185.0026038175281
13	89	172.6332869406751
13	90	172.38649746626413
13	91	188.29042989337918
13	92	154.27572718998928
13	93	77.33693149918481
13	94	94.36631786511121
13	95	60.30754513325841
13	96	101.43738567697669
13	97	110.16861953668842
13	98	249.1262745903997
13	99	38.8329756778952
14	0	485.07903482273434
14	1	452.2765958890209
14	2	415.6031612796738
14	3	382.36162100248447
14	4	356.71454702928327
14	5	327.10036123936163
14	6	292.77086408408945
14	7	260.8177734667486
14	8	243.69358936497838
14	9	201.93236332933617
14	10	191.43731636762882
14	11	146.6600900131526
14	12	131.89200638897373
14	13	92.49657518178932
14	14	0
14	15	36.49657518178932
14	16	472.569354177211
14	17	451.19179585077904
14	18	584.2078945924263
14	19	634.5125819412358
14	20	629.5739667365965
14	21	582.624634547024
14	22	609.277633512816
14	23	507.31195301197306
14	24	551.7293762722823
14	25	522.5232125392617
14	26	572.3428873675864
14	27	606.457710810235
14	28	632.3093683149332
14	29	708.8429256778284
14	30	742.9619778639177
14	31	716.1867872461135
14	32	727.8860257793498
14	33	674.1273055564873
14	34	745.5767120050457
14	35	720.0228473266845
14	36	766.7528390319471
14	37	729.3659726511207
14	38	687.582586785689
14	39	592.624634547024
14	40	647.2249654348366
14	41	512.7422500754503
14	42	482.14813299389357
14	43	532.4534379332131
14	44	496.94287612408374
14	45	511.8546406673255
14	46	502.63509621003254
14	47	472.30237952549714
14	48	470.88816596312404
14	49	392.25804637155886
14	50	383.80767627889907
14	51	271.0557361625534
14	52	517.751708573571
14	53	521.1618652682266
14	54	543.3403448412948
14	55	480.0157840453446
14	56	538.191251634153
14	57	579.1725950333797
14	58	561.3681012186148
14	59	563.0634277646109
14	60	418.5207861943186
14	61	611.2401880451398
14	62	710.3501676558901
14	63	661.3093683149332
14	64	745.1263157806075
14	65	733.9459758931085
14	66	795.4632681561134
14	67	759.4077554014734
14	68	673.1015244236755
14	69	236.84631769395915
14	70	214.8236021484139
14	71	150.20176850288715
14	72	173.13353377586475
14	73	129.20176850288715
14	74	129.36332782274025
14	75	145.30951578289478
14	76	98.29887868872213
14	77	114.57769928482183
14	78	173.4697714635522
14	79	192.4467416916927
14	80	106.59178553361006
14	81	94.22246865675709
14	82	165.67313892839263
14	83	205.87043561495318
14	84	135.65647688878536
14	85	213.4862087208171
14	86	275.51656677235275
14	87	264.33622688485383
14	88	276.08943755138233
14	89	263.72012067452937
14	90	263.47333120011837
14	91	279.37726362723345
14	92	245.36256092384355
14	93	93.78760582611051
14	94	110.8169921920369
14	95	76.75821946018411
14	96	117.88806000390238
14	97	126.61929386361413
14	98	275.2799813367992
14	99	127.20489894537786
15	0	448.582459640945
15	1	415.78002070723153
15	2	379.1065860978845
15	3	345.8650458206952
15	4	320.217971847494
15	5	290.6037860575723
15	6	256.27428890230016
15	7	224.32119828495925
15	8	207.19701418318905
15	9	165.43578814754684
15	10	154.9407411858395
15	11	110.16351483136329
15	12	95.39543120718442
15	13	56.0
15	14	36.49657518178932
15	15	0
15	16	436.0727789954217
15	17	414.69522066898975
15	18	547.7113194106371
15	19	598.0160067594466
15	20	593.0773915548071
15	21	546.1280593652347
15	22	572.7810583310268
15	23	470.8153778301837
15	24	515.232801090493
15	25	486.02663735747245
15	26	535.846312185797
15	27	569.9611356284456
15	28	595.8127931331439
15	29	672.346350496039
15	30	706.4654026821283
15	31	679.6902120643242
15	32	691.3894505975604
15	33	637.630730374698
15	34	709.0801368232565
15	35	683.5262721448952
15	36	730.2562638501579
15	37	692.8693974693314
15	38	651.0860116038998
15	39	556.1280593652347
15	40	610.7283902530473
15	41	476.245674893661
15	42	445.6515578121043
15	43	495.95686275142384
15	44	460.44630094229444
15	45	475.35806548553614
15	46	466.1385210282433
15	47	435.80580434370785
15	48	434.39159078133474
15	49	355.7614711897696
15	50	347.31110109710977
15	51	234.5591609807641
15	52	481.2551333917817
15	53	484.66529008643727
15	54	506.8437696595056
15	55	443.5192088635553
15	56	501.6946764523637
15	57	542.6760198515905
15	58	524.8715260368256
15	59	526.5668525828216
15	60	382.02421101252935
15	61	574.7436128633506
15	62	673.8535924741009
15	63	624.8127931331439
15	64	708.6297405988181
15	65	697.4494007113192
15	66	758.9666929743241
15	67	722.9111802196842
15	68	636.6049492418863
15	69	200.34974251216983
15	70	178.3270269666246
15	71	113.70519332109782
15	72	136.63695859407542
15	73	92.70519332109782
15	74	92.86675264095095
15	75	108.81294060110545
15	76	61.8023035069328
15	77	78.08112410303252
15	78	136.97319628176288
15	79	155.95016650990337
15	80	70.09521035182075
15	81	57.72589347496777
15	82	129.1765637466033
15	83	169.37386043316386
15	84	99.15990170699604
15	85	176.98963353902778
15	86	239.01999159056345
15	87	227.8396517030645
15	88	239.59286236959304
15	89	227.22354549274004
15	90	226.97675601832907
15	91	242.88068844544412
15	92	208.86598574205422
15	93	57.2910306443212
15	94	74.3204170102476
15	95	40.26164427839479
15	96	81.39148482211307
15	97	90.12271868182481
15	98	238.78340615500986
15	99	90.70832376358854
16	0	82.1799972601454
16	1	49.37755832643195
16	2	128.61909860362127
16	3	95.37755832643195
16	4	178.89795975890948
16	5	149.2837739689878
16	6	250.9595643165344
16	7	219.0064736991935
16	8	312.90960548451454
16	9	271.14837944887233
16	10	371.07065042764634
16	11	326.2934240731701
16	12	419.9565289583633
16	13	380.56109775117886
16	14	472.569354177211
16	15	436.0727789954217
16	16	0
16	17	21.37755832643195
16	18	163.1752231214789
16	19	207.39995193510566
16	20	202.46133673046631
16	21	155.51200454089383
16	22	182.16500350668593
16	23	80.19932300584291
16	24	180.86212646372402
16	25	155.36580489770745
16	26	194.9686568890715
16	27	214.82844318420553
16	28	236.50991125884644
16	29	281.73029567169823
16	30	338.3083168320824
16	31	289.07415723998344
16	32	300.7733957732197
16	33	247.01467555035725
16	34	318.4640819989156
16	35	292.91021732055435
16	36	339.6402090258171
16	37	302.2533426449906
16	38	260.469956779559
16	39	165.51200454089383
16	40	220.1123354287065
16	41	103.28444185065865
16	42	72.69032476910195
16	43	117.69930331760443
16	44	82.18874150847503
16	45	91.06196861504873
16	46	81.84242415775584
16	47	61.262540012147724
16	48	59.84832644977463
16	49	82.01583006961408
16	50	89.641750989936
16	51	201.5136180146576
16	52	223.58578328460794
16	53	226.9959399792635
16	54	199.21968621440985
16	55	185.84985875638154
16	56	244.0253263451899
16	57	229.55351070144988
16	58	211.749016886685
16	59	207.5454545919767
16	60	124.35486090535557
16	61	233.86595756662496
16	62	314.5507105998034
16	63	265.50991125884644
16	64	349.3268587245207
16	65	338.14651883702174
16	66	392.9649048244606
16	67	356.9093920698207
16	68	277.30206736758873
16	69	366.4281443374846
16	70	344.4054287919393
16	71	475.4288013324454
16	72	498.360566605423
16	73	454.4288013324454
16	74	468.929008742605
16	75	482.158957960575
16	76	446.3769138029497
16	77	444.51589751113755
16	78	510.3192136412324
16	79	517.673774521251
16	80	454.66982064783764
16	81	442.3005037709846
16	82	508.58868725841694
16	83	548.7859839449775
16	84	478.5720252188097
16	85	556.4017570508414
16	86	262.53832194403304
16	87	251.35798205653413
16	88	263.11119272306263
16	89	250.74187584620967
16	90	250.49508637179866
16	91	266.39901879891374
16	92	232.38431609552384
16	93	441.8656409403381
16	94	458.89502730626447
16	95	424.83625457441167
16	96	457.4942949387389
16	97	432.47430293234527
16	98	327.2348634959343
16	99	346.5997993001267
17	0	60.802438933713454
17	1	28.0
